208
248
537
594
117
100
209
226
389
570
102
108
115
119
133
281
621
90
387
569
434
505
608
643
106
603
116
129
376
392
529
101
268
612
236
390
515
581
635
182
399
400
506
514
69
468
504
599
81
179
180
181
280
353
377
614
615
620
34
502
391
393
68
373
225
274
302
311
575
610
632
35
138
321
332
333
466
602
244
352
152
86
88
120
122
211
224
383
384
556
167
364
402
483
493
554
168
407
358
380
176
304
308
517
112
202
366
93
150
461
521
164
316
326
498
134
492
397
470
67
98
250
381
530
572
609
200
282
372
562
264
627
638
546
289
290
291
416
452
489
539
349
107
413
507
558
