183
220
318
351
354
382
504
511
581
624
676
698
726
739
759
762
801
125
139
176
292
369
463
518
790
820
823
830
160
225
272
293
294
302
319
353
414
435
449
516
539
558
570
631
649
684
761
834
859
137
180
222
243
245
264
288
298
307
412
488
535
547
660
690
705
718
722
768
796
839
109
113
154
159
340
407
448
482
513
515
537
621
677
687
709
763
861
110
153
205
212
246
300
385
397
398
410
682
724
736
737
775
780
815
850
126
130
147
202
236
295
299
314
360
415
418
456
596
667
670
689
751
794
819
117
128
197
217
332
345
366
470
496
498
521
536
599
680
691
700
752
782
813
837
730
150
166
170
230
258
358
409
437
525
527
557
589
665
701
756
758
766
799
827
838
862
451
452
654
471
620
106
177
178
259
262
278
310
347
395
425
426
432
468
522
530
818
849
164
365
266
224
328
583
609
95
189
444
661
447
454
478
712
734
96
127
135
148
193
290
349
393
519
523
526
531
534
553
577
668
714
743
817
520
281
359
376
855
206
228
506
436
453
92
123
134
149
156
234
242
249
285
325
374
391
438
467
487
552
555
579
606
652
693
713
741
773
811
814
821
204
169
48
140
235
238
584
618
650
708
653
655
91
143
157
163
188
268
321
329
389
394
455
633
805
835
505
174
364
706
854
99
327
240
807
146
194
247
362
380
405
439
502
508
560
628
716
719
804
832
267
491
495
289
517
503
185
464
450
475
477
732
122
152
155
297
334
390
446
489
492
567
666
740
772
810
816
485
38
802
803
118
524
679
198
232
263
378
612
223
512
93
248
274
283
323
342
433
569
585
636
792
842
770
809
637
582
162
102
595
598
657
115
611
98
659
179
445
465
733
34
119
171
210
215
316
402
411
428
483
494
501
554
613
685
754
791
847
755
384
587
120
604
47
161
221
440
610
616
860
207
231
121
124
145
251
331
387
416
461
474
528
532
580
608
622
638
642
769
812
