1074
779
1257
1259
1261
6
7
8
295
299
305
323
338
401
431
432
453
511
515
564
566
568
646
670
697
709
710
744
756
762
804
815
991
1063
1142
1144
1193
1197
1212
1292
1373
1402
1407
1472
1485
1573
1582
1600
1604
1627
1715
1728
1827
1916
1917
1927
2067
2181
2568
4766
4802
4812
4823
4853
4863
4897
4904
4950
4964
5057
5141
5144
1282
1283
106
228
286
300
309
312
362
377
381
402
433
444
506
507
508
645
663
666
694
748
768
902
1001
1188
1426
1552
1576
1614
1671
1695
1714
1727
1911
2178
4770
4801
4811
4848
4865
4871
4883
4898
4939
4951
5053
5097
5108
5133
5156
5225
5227
1256
194
258
281
290
324
375
430
559
561
565
574
650
675
747
849
904
975
980
982
1140
1408
1447
1484
1513
1568
1581
1601
1602
1607
1623
1629
1632
1849
1910
2065
2066
2068
2145
4830
4866
4880
4887
4920
4926
4946
5013
5043
5051
5070
5104
5123
5142
5152
5158
5183
5189
5216
1265
1266
781
786
1073
