0 44 132 202
0 44 132 221
0 47 73 240
0 47 84 176
0 47 173 176
0 47 176 240
0 47 230 240
0 78 109 133
0 89 102 244
0 89 197 244
0 116 122 133
0 132 221 244
0 195 221 241
1 43 163 205
2 5 33 93
2 47 58 173
2 47 58 188
2 47 173 176
2 47 176 188
2 68 157 188
4 37 129 168
4 93 94 134
4 93 102 199
6 15 98 229
6 118 122 225
7 38 67 138
7 38 67 231
7 38 89 231
7 48 100 168
7 61 106 196
7 89 176 231
9 64 75 204
9 64 204 220
9 93 204 220
10 27 45 204
10 64 106 114
10 106 109 114
10 116 146 182
10 116 182 239
12 28 100 114
12 34 35 153
12 34 134 212
12 34 171 212
12 35 87 153
12 35 92 153
12 44 56 132
12 70 134 212
12 92 114 119
12 92 134 212
12 114 119 143
12 134 143 212
13 18 97 102
13 37 132 152
13 114 150 174
13 150 163 174
14 27 52 128
15 149 229 240
16 86 120 208
16 86 156 208
17 28 147 165
17 28 165 239
17 37 84 161
17 91 159 181
17 91 159 225
17 91 181 190
18 35 139 140
18 68 96 130
18 96 130 205
18 139 140 196
19 61 118 131
19 61 118 198
19 113 128 193
20 31 152 172
20 60 100 218
20 152 238 243
22 23 100 153
22 23 100 156
22 28 57 239
22 28 100 114
22 28 100 138
22 28 138 239
22 100 138 156
22 152 153 211
24 40 99 104
24 43 56 103
24 43 103 248
25 55 103 159
25 101 123 182
26 49 212 244
27 34 60 218
27 34 73 218
27 34 153 218
28 57 165 239
28 68 212 244
28 71 165 244
28 160 216 226
29 86 118 129
29 132 223 234
29 157 182 234
30 31 32 58
30 31 32 142
30 31 58 62
30 31 62 142
31 32 33 68
31 32 49 142
31 32 142 237
31 118 122 162
31 122 142 237
33 57 165 203
33 57 165 205
33 64 181 205
33 118 181 205
34 55 60 78
34 60 127 218
34 71 95 151
34 127 153 218
36 53 60 132
36 104 182 239
37 38 129 160
38 89 197 231
38 92 114 160
43 53 101 198
43 57 205 243
44 132 202 231
44 222 242 248
45 80 203 213
47 73 200 240
47 75 176 240
47 110 131 200
47 110 176 200
47 145 230 240
47 158 224 233
47 176 200 240
48 80 85 134
48 85 123 215
51 93 199 207
52 89 136 151
52 136 143 151
53 168 188 219
54 99 104 214
55 77 143 150
55 77 150 185
55 83 150 185
57 126 227 242
59 84 219 229
59 84 224 229
61 97 102 198
61 105 135 145
61 105 145 234
61 105 197 198
61 105 234 237
61 106 154 196
61 115 131 149
61 118 122 198
62 118 158 223
62 140 157 188
63 64 145 220
63 118 122 198
64 99 204 227
64 100 114 227
64 114 144 227
64 144 204 227
66 80 113 247
67 69 136 138
68 96 136 249
69 136 138 178
69 136 184 213
69 205 213 240
70 134 158 246
71 117 154 246
71 142 194 207
76 93 102 125
79 82 181 216
80 85 134 213
82 161 216 246
82 175 176 227
86 114 210 218
86 127 153 218
86 143 235 247
88 150 178 192
89 97 102 198
89 105 158 239
89 105 197 198
89 136 150 151
89 160 211 243
91 104 159 225
92 114 150 174
93 194 199 207
98 119 195 222
103 124 181 248
104 116 182 239
104 116 225 239
105 145 153 234
105 158 167 181
105 158 181 239
105 158 234 237
105 167 179 197
105 167 197 209
105 197 198 209
105 197 198 241
105 197 209 222
106 154 156 196
115 127 153 218
116 122 133 146
116 122 142 175
116 122 225 239
116 133 146 174
116 152 238 243
118 131 163 205
118 163 181 205
122 142 175 237
123 143 150 151
124 181 205 218
133 146 159 227
136 143 150 151
138 154 156 196
140 156 157 196
149 205 213 240
152 155 238 243
155 170 228 236
158 181 224 233
161 163 185 216
0 20 89
0 20 133
0 20 152
0 33 47
0 33 64
0 47 131
0 47 132
0 64 96
0 69 78
0 69 116
0 69 194
0 69 221
0 69 240
0 73 130
0 84 130
0 87 133
0 87 152
0 87 166
0 87 195
0 87 202
0 89 176
0 96 102
0 96 130
0 109 191
0 109 241
0 111 131
0 111 133
0 111 197
0 116 152
0 116 167
0 116 176
0 116 241
0 122 166
0 122 240
0 130 241
0 132 152
0 133 244
0 152 194
0 166 197
0 167 197
0 173 194
0 194 202
0 197 241
1 4 163
1 4 199
1 4 210
1 4 217
1 16 86
1 16 97
1 40 217
1 43 199
1 43 210
1 43 248
1 50 80
1 50 199
1 60 127
1 60 210
1 60 217
1 77 195
1 80 186
1 80 195
1 80 217
1 86 127
1 86 163
1 86 210
1 97 210
1 97 217
1 127 241
1 186 241
1 195 199
1 195 205
1 195 241
1 195 248
1 196 210
2 5 116
2 5 117
2 6 58
2 6 68
2 6 220
2 12 44
2 13 188
2 19 127
2 33 47
2 33 68
2 44 58
2 44 220
2 51 93
2 51 183
2 58 93
2 58 127
2 65 220
2 79 157
2 93 220
2 111 188
2 116 127
2 116 176
2 173 183
3 5 108
3 5 116
3 5 144
3 18 68
3 18 129
3 18 140
3 39 70
3 39 190
3 40 70
3 40 223
3 40 237
3 56 116
3 68 108
3 68 194
3 70 144
3 70 242
3 89 144
3 108 223
3 185 194
3 185 237
3 194 209
3 219 237
3 242 248
4 18 23
4 18 49
4 18 68
4 18 102
4 18 129
4 18 139
4 19 134
4 19 168
4 19 198
4 19 217
4 23 65
4 23 168
4 34 129
4 34 134
4 34 208
4 37 84
4 57 65
4 65 199
4 65 210
4 84 134
4 84 185
4 84 198
4 92 134
4 92 137
4 94 217
4 102 198
4 102 223
4 111 217
4 111 237
4 146 237
4 163 185
4 185 237
4 210 223
4 210 247
5 7 38
5 7 61
5 7 168
5 27 52
5 27 144
5 33 52
5 38 92
5 38 93
5 61 99
5 62 108
5 92 108
5 92 117
5 92 243
5 99 108
5 116 243
5 117 177
5 168 243
6 15 225
6 48 168
6 48 177
6 58 225
6 66 213
6 68 153
6 68 194
6 68 229
6 83 105
6 105 153
6 105 217
6 105 228
6 106 205
6 118 205
6 122 229
6 153 225
6 165 177
6 165 205
6 165 229
6 177 194
6 194 205
6 205 213
7 9 38
7 14 100
7 14 231
7 48 80
7 48 207
7 61 149
7 67 225
7 67 242
7 80 195
7 89 207
7 100 120
7 100 138
7 100 147
7 106 147
7 120 196
7 138 196
7 149 231
7 149 240
7 176 240
8 20 110
8 32 123
8 32 155
8 50 171
8 59 86
8 65 174
8 66 108
8 66 247
8 86 247
8 108 157
8 108 231
8 109 155
8 110 171
8 110 200
8 123 171
8 145 240
8 155 157
8 158 200
8 171 231
8 200 240
8 247 248
9 17 54
9 38 75
9 38 77
9 38 93
9 38 197
9 43 75
9 43 90
9 43 93
9 54 97
9 54 204
9 64 94
9 64 97
9 64 222
9 77 183
9 93 94
9 94 228
9 107 173
9 173 183
9 173 218
9 197 222
10 33 64
10 45 143
10 45 168
10 45 237
10 45 239
10 64 204
10 84 204
10 84 229
10 84 239
10 87 168
10 88 106
10 109 146
10 114 143
10 146 159
10 146 237
10 163 229
11 28 71
11 28 147
11 60 190
11 61 123
11 61 188
11 71 116
11 71 123
11 71 188
11 83 185
11 83 188
11 101 123
11 111 113
11 111 188
11 123 171
11 123 242
11 147 171
11 171 203
12 28 172
12 28 212
12 31 49
12 31 87
12 31 118
12 31 172
12 35 229
12 45 56
12 45 143
12 45 172
12 49 82
12 49 100
12 49 132
12 49 212
12 56 118
12 70 75
12 70 229
12 88 119
12 88 132
12 88 172
12 88 178
12 92 118
12 100 102
12 100 153
12 100 171
12 118 186
12 119 186
12 134 238
12 186 238
13 18 110
13 36 81
13 36 97
13 36 132
13 36 133
13 37 38
13 37 113
13 38 56
13 38 114
13 39 165
13 39 227
13 39 236
13 56 110
13 56 132
13 56 165
13 81 113
13 102 187
13 102 214
13 102 227
13 113 128
13 113 214
13 114 227
13 128 187
13 133 174
13 133 187
13 133 227
13 152 188
13 174 214
13 174 236
14 25 55
14 27 45
14 27 94
14 27 144
14 32 142
14 52 140
14 57 128
14 70 137
14 70 144
14 70 152
14 70 158
14 70 231
14 90 152
14 94 221
14 100 158
15 30 62
15 30 116
15 62 90
15 62 148
15 62 187
15 62 188
15 70 148
15 70 229
15 90 248
15 98 148
15 98 173
15 98 187
15 116 187
15 116 225
15 125 131
15 125 187
15 125 229
15 131 149
15 139 170
15 139 173
15 145 240
16 18 68
16 18 97
16 18 216
16 21 70
16 21 120
16 32 68
16 39 70
16 39 211
16 45 113
16 45 203
16 51 70
16 51 138
16 70 156
16 70 158
16 72 95
16 95 97
16 95 211
16 97 208
16 97 243
16 113 225
16 120 203
16 120 211
16 138 156
16 158 203
16 158 211
16 208 216
16 211 243
17 28 54
17 28 79
17 40 187
17 40 239
17 54 84
17 54 214
17 62 187
17 62 188
17 62 214
17 63 91
17 63 145
17 79 84
17 79 181
17 79 214
17 84 147
17 84 239
17 127 190
17 145 190
17 145 240
17 147 208
17 159 162
17 161 187
17 161 240
17 162 187
17 165 177
17 165 203
17 167 181
17 181 239
17 190 208
17 203 207
17 203 240
17 208 214
17 225 239
18 23 121
18 26 35
18 26 49
18 35 130
18 44 90
18 49 142
18 49 241
18 55 80
18 55 129
18 55 159
18 68 121
18 68 196
18 68 240
18 80 130
18 90 96
18 96 102
18 97 246
18 98 159
18 102 145
18 124 196
18 124 205
18 130 241
18 140 205
18 142 196
18 145 240
18 196 246
18 205 240
18 216 246
19 38 42
19 38 249
19 42 186
19 42 193
19 61 123
19 113 198
19 113 230
19 118 161
19 118 162
19 118 186
19 123 168
19 127 140
19 127 218
19 127 241
19 128 131
19 128 170
19 131 165
19 131 249
19 134 170
19 152 170
19 161 249
19 168 219
19 168 227
19 168 249
19 186 241
19 186 249
19 193 219
19 198 241
20 31 55
20 41 55
20 41 110
20 41 218
20 55 60
20 57 60
20 57 203
20 57 239
20 57 243
20 60 172
20 89 163
20 89 239
20 89 243
20 99 203
20 99 238
20 100 156
20 110 119
20 119 156
20 119 218
20 119 222
20 156 163
20 163 203
20 163 222
21 27 120
21 27 125
21 27 128
21 40 70
21 40 121
21 48 126
21 48 207
21 48 244
21 64 125
21 67 244
21 84 161
21 84 224
21 120 121
21 120 140
21 121 207
21 121 244
21 125 131
21 128 131
21 140 143
21 143 244
22 28 39
22 35 153
22 35 156
22 39 190
22 39 211
22 57 187
22 74 85
22 74 237
22 83 178
22 85 90
22 90 138
22 90 152
22 90 223
22 100 102
22 100 120
22 102 187
22 102 223
22 114 143
22 114 201
22 120 211
22 138 143
22 138 178
22 138 237
22 143 152
22 143 223
22 152 237
22 153 190
22 153 239
22 178 211
22 187 246
22 211 223
23 31 118
23 53 65
23 53 168
23 65 156
23 65 179
23 70 156
23 100 168
23 107 133
23 107 156
23 107 168
23 127 153
23 133 248
23 135 179
23 153 248
23 154 156
23 154 168
24 43 92
24 43 93
24 43 190
24 51 93
24 56 99
24 56 111
24 66 87
24 66 190
24 83 248
24 93 240
24 99 248
24 126 242
24 242 248
25 39 103
25 39 197
25 47 173
25 47 200
25 103 182
25 112 173
25 123 173
25 157 182
25 179 197
25 182 247
26 32 49
26 32 237
26 47 158
26 47 176
26 47 212
26 70 144
26 70 158
26 70 212
26 78 109
26 78 215
26 78 237
26 95 109
26 95 151
26 126 199
26 144 176
26 144 204
26 158 237
26 158 244
26 176 237
26 204 244
26 212 237
26 221 244
27 34 128
27 34 154
27 41 120
27 41 218
27 45 60
27 45 167
27 50 124
27 51 124
27 51 195
27 51 223
27 52 136
27 60 132
27 72 94
27 72 136
27 72 154
27 73 204
27 94 124
27 120 154
27 120 241
27 124 125
27 124 136
27 124 218
27 125 215
27 132 223
27 136 201
27 136 214
27 144 154
27 144 204
27 144 218
27 153 204
27 195 241
28 39 54
28 39 165
28 39 198
28 39 226
28 39 231
28 54 216
28 57 79
28 57 130
28 57 169
28 66 160
28 68 130
28 68 249
28 71 130
28 71 234
28 79 216
28 93 114
28 93 147
28 100 147
28 114 160
28 114 198
28 115 172
28 115 233
28 160 191
28 172 231
28 172 249
28 191 198
28 216 244
28 226 234
28 234 249
28 239 249
29 39 75
29 39 231
29 52 193
29 58 75
29 58 86
29 58 137
29 58 186
29 67 86
29 67 193
29 67 231
29 75 204
29 75 234
29 75 240
29 96 102
29 96 118
29 102 223
29 117 118
29 117 137
29 117 154
29 117 182
29 117 228
29 118 186
29 118 223
29 129 141
29 129 231
29 132 231
29 141 223
30 31 147
30 31 202
30 34 218
30 45 62
30 58 178
30 104 116
30 104 147
30 104 159
30 110 119
30 116 142
30 119 199
30 119 218
30 199 202
30 199 216
31 33 118
31 33 227
31 39 227
31 48 202
31 48 207
31 48 215
31 48 235
31 49 76
31 49 227
31 55 122
31 62 118
31 68 235
31 76 87
31 87 152
31 87 202
31 94 118
31 94 124
31 118 131
31 124 162
31 142 207
31 147 227
31 152 237
31 160 202
31 160 207
31 160 235
32 33 64
32 42 186
32 49 191
32 58 173
32 58 186
32 64 186
32 68 186
32 68 194
32 80 186
32 101 123
32 101 233
32 123 173
32 123 242
32 123 245
32 142 194
32 142 214
32 148 186
32 155 186
32 155 191
32 155 242
32 173 194
32 173 233
32 194 209
32 214 233
33 57 227
33 64 227
33 120 203
33 120 211
33 156 165
33 165 211
33 170 211
34 35 71
34 47 73
34 47 129
34 47 212
34 47 230
34 55 73
34 55 129
34 55 206
34 59 61
34 59 127
34 60 91
34 61 154
34 61 212
34 71 154
34 71 207
34 71 208
34 78 153
34 78 171
34 91 95
34 91 175
34 98 154
34 98 175
34 98 187
34 127 129
34 127 206
34 127 242
34 128 187
34 128 193
34 129 175
34 134 151
34 151 218
34 153 230
34 154 242
34 171 182
34 171 208
34 175 193
34 175 206
34 208 218
34 230 242
35 63 153
35 71 89
35 71 130
35 86 153
35 86 156
35 87 101
35 89 229
35 89 243
35 92 243
35 106 156
35 113 229
35 140 156
36 47 132
36 47 224
36 53 224
36 55 60
36 55 74
36 60 126
36 64 97
36 64 151
36 64 204
36 74 87
36 74 224
36 74 232
36 81 166
36 87 133
36 87 166
36 97 243
36 104 151
36 104 155
36 120 151
36 133 160
36 139 160
36 155 166
36 155 243
36 160 243
36 189 224
36 189 239
36 232 239
37 38 212
37 86 129
37 86 153
37 100 153
37 100 168
37 113 200
37 123 168
37 129 152
37 129 200
37 132 148
37 152 153
37 152 243
37 154 160
37 154 168
37 160 243
37 161 243
37 168 189
37 168 243
37 212 243
38 40 72
38 42 98
38 42 129
38 72 92
38 75 160
38 88 129
38 89 160
38 92 138
38 92 212
38 93 114
38 122 129
38 129 231
38 197 245
39 46 197
39 54 84
39 54 99
39 70 75
39 70 103
39 70 231
39 84 198
39 99 227
39 165 197
39 165 211
39 168 227
39 168 232
39 190 197
39 197 198
39 197 231
39 226 232
40 59 70
40 59 237
40 70 74
40 70 239
40 74 232
40 74 237
40 104 151
40 104 222
40 104 239
40 121 239
40 151 218
40 222 237
40 232 239
41 53 65
41 53 110
41 53 207
41 55 65
41 55 185
41 65 97
41 66 218
41 86 120
41 86 207
41 86 218
41 91 96
41 96 245
41 110 171
41 161 185
41 161 245
41 171 231
42 43 226
42 43 243
42 69 146
42 84 186
42 86 129
42 86 153
42 98 226
42 125 193
42 144 171
42 144 186
42 144 202
42 146 246
42 153 226
42 171 246
42 202 226
43 52 198
43 53 90
43 53 109
43 53 199
43 53 219
43 55 103
43 57 109
43 90 248
43 92 114
43 92 226
43 92 243
43 93 114
43 93 175
43 93 199
43 101 249
43 109 114
43 109 156
43 114 198
43 114 210
43 156 157
43 156 163
43 156 198
43 248 249
44 56 99
44 56 103
44 56 222
44 58 225
44 90 202
44 90 235
44 90 248
44 99 248
44 103 248
44 202 222
44 202 226
44 221 242
44 222 237
44 225 226
44 225 235
45 56 62
45 56 112
45 56 151
45 60 62
45 60 127
45 60 143
45 60 172
45 62 157
45 62 204
45 62 213
45 80 113
45 80 157
45 127 206
45 143 151
45 151 167
45 151 168
45 151 172
45 167 209
45 168 209
45 168 227
45 203 237
45 204 227
46 52 87
46 52 140
46 56 111
46 111 197
46 117 148
46 148 186
46 186 235
46 186 244
46 197 244
47 48 85
47 58 73
47 58 75
47 58 225
47 58 230
47 75 233
47 84 224
47 85 173
47 94 217
47 129 200
47 158 188
47 158 200
47 158 217
47 173 217
47 173 233
47 212 224
47 212 240
48 51 170
48 51 202
48 51 207
48 80 113
48 80 157
48 80 203
48 80 244
48 100 157
48 104 157
48 123 168
48 123 207
48 126 187
48 134 170
48 157 207
48 167 235
48 170 210
48 203 207
49 82 227
49 100 227
49 127 241
49 132 244
49 212 241
50 63 112
50 80 134
50 80 171
50 89 197
50 89 211
50 133 184
50 133 211
50 133 233
50 134 233
50 171 235
50 199 202
50 206 233
51 70 93
51 70 152
51 70 246
51 138 170
51 149 152
51 149 249
51 152 170
51 152 180
51 161 246
51 161 249
51 170 236
51 170 246
51 180 236
51 183 223
51 183 236
51 195 199
51 199 202
51 202 236
51 207 249
52 65 193
52 87 128
52 89 198
52 128 149
52 128 193
52 136 155
52 140 143
52 149 237
52 151 194
53 65 181
53 65 199
53 68 188
53 68 224
53 90 223
53 101 123
53 110 125
53 122 198
53 122 199
53 123 125
53 123 168
53 123 207
53 132 223
53 159 181
53 159 223
53 181 224
53 198 224
53 199 207
54 55 143
54 84 204
54 97 210
54 99 204
54 106 196
54 128 131
54 128 146
54 131 216
54 143 152
54 143 223
54 196 201
54 196 210
54 196 214
54 210 223
55 60 143
55 69 78
55 74 103
55 74 122
55 77 183
55 80 103
55 80 150
55 83 105
55 83 129
55 83 206
55 122 129
56 62 118
56 78 215
56 91 132
56 94 118
56 94 165
56 103 110
56 103 208
56 132 177
56 136 151
56 165 177
57 60 78
57 60 79
57 60 126
57 65 227
57 78 109
57 113 128
57 126 187
57 128 187
57 128 243
57 130 205
57 173 203
57 173 239
57 239 242
58 62 86
58 62 137
58 62 188
58 73 178
58 73 181
58 86 120
58 86 127
58 86 247
58 120 186
58 137 178
58 137 181
58 137 230
59 61 86
59 61 102
59 61 224
59 61 237
59 70 147
59 70 156
59 70 229
59 83 86
59 84 147
59 84 204
59 86 127
59 86 156
59 86 235
59 112 160
59 156 224
59 160 235
59 219 237
59 224 233
60 78 100
60 79 84
60 91 106
60 91 132
60 91 190
60 126 218
60 127 190
60 132 234
60 210 218
60 217 236
61 86 118
61 97 123
61 99 183
61 99 212
61 102 145
61 105 215
61 106 145
61 106 178
61 106 202
61 115 196
61 115 202
61 115 224
61 122 237
61 123 173
61 123 196
61 123 215
61 135 188
61 135 224
61 149 237
61 173 183
61 178 183
61 178 215
61 188 202
61 198 224
61 202 234
61 212 224
61 212 237
62 71 142
62 71 188
62 71 204
62 86 114
62 86 118
62 86 214
62 90 223
62 108 150
62 108 157
62 108 223
62 114 150
62 142 214
62 158 188
63 64 75
63 68 153
63 68 244
63 70 75
63 75 155
63 91 95
63 91 209
63 95 145
63 119 122
63 119 155
63 119 218
63 145 153
63 153 218
63 198 209
63 221 244
64 75 125
64 75 179
64 85 97
64 85 134
64 94 114
64 94 134
64 96 125
64 96 169
64 96 205
64 106 145
64 106 151
64 106 205
64 114 179
64 125 193
64 134 151
64 134 222
64 144 186
64 169 235
64 181 235
64 186 235
64 193 205
65 82 181
65 82 227
65 97 210
65 156 220
65 178 211
66 80 213
66 141 148
66 141 247
67 86 163
67 86 235
67 113 193
67 113 198
67 113 225
67 165 244
67 169 235
67 225 235
68 78 153
68 107 193
68 107 229
68 107 244
68 108 153
68 108 157
68 121 244
68 128 193
68 130 135
68 135 188
68 135 224
68 136 229
68 157 196
68 157 224
68 186 224
68 186 235
68 186 244
68 186 249
68 196 249
68 212 224
68 212 240
68 224 229
68 229 240
69 108 210
69 116 146
69 116 158
69 116 210
69 119 240
69 138 189
69 146 221
69 146 240
69 158 234
69 189 213
69 194 205
69 205 221
69 213 248
69 236 240
69 236 248
70 74 75
70 74 103
70 74 144
70 74 148
70 74 242
70 93 134
70 93 147
70 93 148
70 158 200
70 158 239
70 200 241
70 200 242
70 212 241
70 229 241
70 239 242
71 89 151
71 89 207
71 89 244
71 94 165
71 95 145
71 99 142
71 99 204
71 116 142
71 117 142
71 117 184
71 123 151
71 123 207
71 131 165
71 145 234
71 151 194
71 151 234
71 184 204
71 204 244
71 204 246
71 208 244
72 81 233
72 92 118
72 92 119
72 94 118
72 94 228
72 112 154
72 116 146
73 90 172
73 112 148
73 112 178
73 115 172
73 115 204
73 115 218
73 130 148
73 130 178
73 177 198
73 181 218
73 198 204
73 200 218
73 204 220
73 220 240
74 75 108
74 75 233
74 75 240
74 85 122
74 85 173
74 87 128
74 87 168
74 103 128
74 108 210
74 113 128
74 113 240
74 122 148
74 122 237
74 122 240
74 122 242
74 141 148
74 141 226
74 168 173
74 168 232
74 173 233
74 210 224
74 224 233
74 226 232
74 232 240
75 108 150
75 124 125
75 124 234
75 125 187
75 150 177
75 155 170
75 164 234
75 170 176
75 170 233
75 170 234
75 179 233
76 87 91
76 88 233
76 93 204
76 123 125
76 123 222
76 203 213
76 203 233
76 204 247
76 213 222
76 222 233
77 143 235
77 195 235
77 200 201
78 88 124
78 100 153
78 100 171
78 109 124
78 124 174
78 133 174
78 153 225
78 174 215
79 82 192
79 82 214
79 84 134
79 84 185
79 84 186
79 107 184
79 107 214
79 110 200
79 134 158
79 134 222
79 157 185
79 158 181
79 158 200
79 185 216
79 199 216
79 200 206
80 88 150
80 95 157
80 103 181
80 103 195
80 134 158
80 134 195
80 157 195
80 158 181
80 158 203
80 158 217
80 158 244
80 171 203
80 186 244
81 96 125
81 107 125
81 113 200
81 125 166
81 125 237
81 134 166
81 134 233
81 134 238
81 138 237
81 153 166
81 167 235
81 200 206
81 203 233
81 203 237
81 206 233
81 206 238
82 89 160
82 89 176
82 89 197
82 139 160
82 139 181
82 160 216
82 176 192
82 176 246
82 181 190
82 190 197
82 192 197
83 86 129
83 105 145
83 117 182
83 139 244
83 150 178
83 155 185
83 155 188
83 178 244
83 182 188
83 185 232
83 206 232
83 248 249
84 119 186
84 130 209
84 134 151
84 134 209
84 161 185
84 176 219
84 186 224
84 186 239
84 198 204
84 198 209
84 198 224
85 97 123
85 98 173
85 107 173
85 122 142
85 123 173
85 173 183
85 173 213
85 197 231
85 215 231
86 114 143
86 118 163
86 120 163
86 124 218
86 127 129
86 129 156
86 129 214
86 156 163
86 156 247
86 194 207
86 194 209
86 194 247
86 208 214
86 208 218
86 208 235
86 209 235
86 210 247
87 90 91
87 90 152
87 90 202
87 91 133
87 107 133
87 107 168
87 107 195
87 152 153
87 153 166
87 166 199
87 195 199
87 199 202
88 106 145
88 106 178
88 127 129
88 127 190
88 127 192
88 145 190
88 150 243
89 97 243
89 105 228
89 136 229
89 144 176
89 150 163
89 150 243
89 158 211
89 158 244
89 160 207
89 163 229
90 91 96
90 91 235
90 146 155
90 146 174
90 146 227
90 152 155
90 152 172
90 152 247
90 164 248
90 235 247
90 247 248
91 95 104
91 132 148
91 133 159
91 148 159
91 181 235
91 209 232
91 209 235
91 225 235
92 108 150
92 108 153
92 117 118
92 117 128
92 117 137
92 119 170
92 119 200
92 128 170
92 128 243
92 134 170
92 137 170
92 138 170
92 138 204
92 150 243
92 153 204
92 153 226
92 160 226
92 160 243
92 212 243
93 94 114
93 102 220
93 114 240
93 125 147
93 125 194
93 220 240
94 101 118
94 114 135
94 114 217
94 124 189
94 155 228
94 165 221
94 189 217
94 221 228
95 104 151
95 104 157
95 145 211
95 151 167
96 102 125
96 102 169
96 118 205
96 125 245
97 117 148
97 117 217
97 117 246
97 147 208
97 172 221
97 210 246
98 112 148
98 112 154
98 112 173
98 148 159
98 161 187
99 104 182
99 108 167
99 140 183
99 142 167
99 142 214
99 142 238
99 162 248
99 167 212
99 182 247
99 204 247
99 214 248
99 247 248
100 102 227
100 114 162
100 114 218
100 147 166
100 147 171
100 147 227
100 153 166
100 153 218
100 156 157
100 157 162
100 157 166
100 158 166
100 168 173
100 168 219
100 168 227
100 173 218
100 175 227
101 108 167
101 118 161
101 118 198
101 123 222
101 161 238
101 161 249
101 222 233
102 125 187
102 145 220
102 187 220
103 120 121
103 120 208
103 121 195
103 128 170
103 128 248
103 159 181
103 159 223
103 181 182
103 195 248
103 208 248
104 147 208
104 151 172
104 155 157
104 157 182
104 172 182
104 208 214
105 109 124
105 109 179
105 109 228
105 109 241
105 111 197
105 111 217
105 111 237
105 124 181
105 124 234
105 128 209
105 135 179
105 135 210
105 137 181
105 145 228
105 153 239
105 158 217
105 186 239
105 186 241
105 209 215
105 217 242
105 222 237
105 222 242
105 239 242
106 109 156
107 125 193
107 125 229
107 133 184
107 133 244
107 148 180
107 168 173
107 168 209
107 180 209
107 182 234
107 193 205
107 195 205
107 214 234
108 172 231
108 210 223
109 114 179
109 117 124
109 117 191
109 117 228
109 133 146
109 138 156
109 146 155
109 155 191
109 155 228
110 119 200
110 125 131
110 175 176
111 142 164
111 142 196
111 142 237
111 150 180
111 161 237
111 161 246
111 180 188
111 180 237
111 188 226
111 196 246
112 154 160
113 128 191
113 191 198
113 191 200
113 200 240
113 229 240
113 230 240
114 119 218
114 119 240
114 135 179
114 135 210
114 143 150
114 143 179
114 144 149
114 144 218
114 149 240
114 167 179
115 131 153
115 153 204
115 153 230
115 156 196
115 156 224
115 174 203
115 196 203
115 203 233
115 204 227
115 224 233
116 122 162
116 122 198
116 127 241
116 133 187
116 135 176
116 135 210
116 142 167
116 142 238
116 152 175
116 158 167
116 158 239
116 162 187
116 175 176
116 175 241
116 176 231
116 198 241
117 118 163
117 128 184
117 128 191
117 148 163
117 163 222
117 182 217
118 122 129
118 122 166
118 158 166
118 158 181
118 159 162
118 159 181
118 159 223
118 159 225
118 161 163
118 186 232
119 122 199
119 122 240
119 143 235
119 155 170
119 155 186
119 155 191
119 155 199
119 186 235
119 191 200
119 191 235
119 195 199
119 195 235
119 200 218
119 200 240
120 121 163
120 121 211
120 122 203
120 140 196
120 154 196
120 163 203
120 186 241
120 196 203
121 160 207
121 160 211
121 163 185
121 165 211
121 165 239
121 165 244
121 169 185
122 129 175
122 139 203
122 146 237
122 146 240
122 166 199
122 169 175
122 199 229
122 199 242
122 203 237
122 203 240
122 229 240
122 239 242
123 125 166
123 125 215
123 125 245
123 151 168
123 168 173
123 171 182
123 222 242
124 125 229
124 136 229
124 162 248
125 131 245
125 147 166
125 152 194
125 152 237
126 153 218
126 187 197
126 199 216
126 199 242
127 153 190
127 153 192
127 206 241
128 131 149
128 131 245
128 180 209
128 184 187
128 187 209
128 191 243
129 141 200
129 152 175
130 148 180
130 178 241
130 180 209
131 149 205
131 149 249
131 163 216
131 163 245
131 165 205
132 202 234
133 145 211
133 147 227
133 160 211
133 184 187
134 143 151
134 143 158
134 158 166
134 158 233
134 170 233
134 170 246
134 195 212
134 195 222
134 196 246
134 209 222
134 213 222
134 222 233
135 145 220
135 145 230
135 176 188
135 210 224
135 210 247
136 138 143
136 138 170
136 142 214
136 150 178
136 150 185
136 155 170
136 155 185
136 202 214
136 202 229
136 214 249
137 170 236
137 181 190
137 181 205
137 230 236
138 154 239
138 178 192
138 189 239
138 222 237
139 160 203
139 170 234
139 173 203
139 196 203
140 143 205
140 157 178
140 178 183
140 188 226
141 189 247
141 191 200
142 164 167
142 164 195
142 167 179
142 195 237
142 196 214
142 219 237
143 152 179
143 152 247
143 158 223
143 158 244
143 212 223
143 212 244
144 149 182
144 154 196
144 171 182
144 176 227
144 182 202
145 153 190
145 153 211
145 153 230
145 164 234
145 201 220
145 220 240
146 150 151
146 150 174
146 165 183
146 165 197
146 165 221
146 183 240
146 219 237
146 219 246
147 171 208
148 159 180
149 152 237
149 164 231
149 164 244
149 205 221
149 205 237
149 206 221
149 213 222
149 221 244
149 222 237
150 163 178
150 163 185
150 192 230
151 226 234
152 155 170
152 155 188
152 170 211
152 172 188
152 172 211
152 175 237
152 180 188
152 180 209
152 180 237
152 194 209
152 194 247
152 211 243
153 190 204
153 192 230
153 225 226
153 225 239
153 226 234
153 230 239
154 160 180
154 160 235
154 196 246
154 239 242
155 157 166
155 157 185
155 157 188
155 157 207
155 163 185
155 163 203
155 166 199
155 169 185
155 170 242
155 186 190
155 186 238
155 191 243
155 199 207
155 199 242
155 203 207
156 157 224
156 161 163
156 165 247
156 198 224
157 182 188
158 167 169
158 203 233
158 203 237
158 211 223
158 223 234
158 224 246
158 234 249
158 239 249
160 171 203
160 171 235
160 191 235
160 191 243
160 202 226
160 203 207
161 163 174
161 163 240
161 163 245
161 185 237
161 187 246
161 238 243
162 187 197
162 216 228
163 174 203
163 181 216
163 203 240
163 205 240
163 229 240
164 195 248
165 197 244
165 205 221
165 221 244
165 247 248
167 169 235
167 181 212
167 181 235
167 209 235
168 209 232
168 216 219
168 219 232
169 171 235
170 176 246
170 210 246
170 233 236
171 182 235
171 192 235
171 208 235
171 228 235
172 182 188
172 188 231
173 194 239
173 203 213
173 203 233
174 215 236
175 176 237
175 193 236
175 206 241
176 188 219
176 188 231
176 219 237
176 219 246
181 182 202
181 182 235
181 182 239
181 202 231
181 212 224
182 188 202
182 194 202
182 194 239
182 194 247
182 202 234
182 234 247
182 235 247
183 236 240
185 194 216
186 232 239
186 239 249
187 192 197
187 197 209
187 224 246
188 202 226
188 202 231
193 205 213
194 199 202
194 199 216
195 205 221
195 205 237
195 205 243
195 212 237
195 212 241
195 212 243
195 222 237
195 222 248
196 210 246
196 214 249
197 209 231
197 241 245
199 202 229
200 206 241
202 214 234
202 226 234
202 229 236
203 213 240
206 221 241
206 233 241
208 214 233
208 214 248
208 216 244
209 215 231
210 224 246
212 219 232
212 219 237
212 232 240
213 222 248
214 234 249
214 248 249
216 219 246
219 234 237
220 236 240
229 236 240
230 236 240
230 239 242
