8 13 51 60
8 51 60 110
8 60 76 95
8 76 83 100
16 51 57 60
40 50 88 121
40 50 107 121
41 50 58 121
41 50 106 121
41 50 107 121
48 77 83 109
54 57 63 76
54 57 63 118
54 57 76 96
57 63 107 118
57 76 96 100
68 76 95 96
76 83 96 100
76 83 96 109
0 43 52
0 43 119
0 52 112
1 5 26
1 10 31
1 31 104
2 34 40
2 34 55
2 34 62
2 37 55
2 37 62
2 37 87
2 37 115
2 55 61
3 7 104
3 68 98
3 71 112
4 12 83
4 76 83
4 117 120
5 26 119
5 37 55
5 66 68
5 68 108
5 74 108
6 40 50
6 41 50
6 50 72
7 18 41
7 20 64
7 57 64
7 64 102
8 13 65
8 13 99
8 27 51
8 27 65
8 48 51
8 48 83
8 65 100
8 90 95
9 15 61
9 15 86
9 24 45
9 30 66
9 109 117
10 31 102
10 76 95
10 76 105
10 87 105
10 95 121
11 15 34
11 33 102
11 45 46
11 46 102
11 71 72
12 83 100
12 83 115
12 115 118
13 51 79
13 75 79
13 75 86
15 34 40
15 44 61
15 97 113
15 103 104
16 27 51
16 37 93
16 50 121
16 51 101
16 57 111
16 83 101
16 83 121
16 111 112
17 65 74
18 27 65
18 97 113
19 35 46
19 35 101
19 46 123
19 101 123
20 23 83
20 73 91
21 36 66
21 36 81
21 40 49
21 49 90
21 67 85
21 67 90
21 81 85
21 90 119
22 49 109
22 70 97
22 70 109
22 70 112
22 109 114
23 28 62
23 34 62
23 34 75
23 44 61
23 47 72
23 49 72
23 49 90
23 62 83
23 87 90
23 90 119
24 41 105
24 45 105
24 45 110
25 38 71
25 81 116
26 30 69
26 35 102
26 50 105
26 69 105
26 98 119
27 29 52
27 65 73
28 53 117
28 62 68
31 33 69
31 33 102
32 62 123
32 92 120
34 40 50
34 42 67
34 50 62
34 50 116
34 95 116
35 45 46
35 45 90
35 46 60
35 46 102
35 64 102
36 39 81
36 61 65
38 73 78
39 70 118
39 71 123
40 49 109
40 88 109
40 107 109
41 50 105
41 63 105
41 63 107
41 83 101
41 83 121
41 87 105
41 87 106
42 48 54
42 48 77
43 52 89
43 52 121
43 89 96
44 61 88
44 82 92
44 88 121
44 106 121
46 98 119
46 102 114
46 104 123
47 50 72
47 51 110
48 51 57
48 54 57
48 97 113
48 98 124
48 109 124
50 81 105
50 81 116
51 117 120
52 61 89
52 61 110
52 67 90
52 83 121
53 54 61
53 54 96
57 60 76
58 68 102
59 76 94
59 76 109
59 109 124
60 76 94
61 65 74
63 65 107
63 76 105
64 68 102
65 100 121
65 107 121
67 79 90
67 79 96
67 115 118
69 89 93
69 92 105
69 92 117
71 77 90
73 78 88
75 82 103
76 83 94
77 109 114
79 81 105
79 81 116
79 104 124
80 81 85
82 92 122
82 97 113
82 103 104
83 88 109
83 88 121
83 100 121
88 109 114
92 114 117
92 117 120
108 114 117
109 114 117
