0 2 10 11 13 24 31 33 36 40 42 48 49 50 56 57 61 64 71 74 77 88 91 94 96 99 100 107 111 117 119 123 
10 30 33 35 36 38 41 48 49 50 55 60 65 67 69 77 78 83 87 88 93 94 100 102 103 113 115 119 120 123 
10 16 21 27 33 35 36 38 39 48 53 57 58 65 67 69 76 77 78 87 88 92 94 100 101 103 105 108 114 115 
0 13 18 31 36 37 39 40 42 44 48 49 50 56 61 64 72 74 77 80 91 94 96 99 100 101 106 107 111 122 
8 9 15 31 33 36 38 39 44 48 60 61 65 69 86 87 88 92 93 94 100 103 107 108 114 115 118 120 124 
9 11 15 25 31 33 36 38 48 49 50 52 55 57 61 65 69 71 75 77 88 94 100 101 107 108 113 115 120 
5 8 11 21 25 26 32 33 35 38 43 45 50 64 68 69 76 87 88 98 99 100 101 105 107 108 110 116 123 
5 7 8 10 11 23 26 27 28 31 33 38 40 43 47 48 50 55 56 69 78 82 87 94 100 105 108 110 122 123 
11 13 24 33 36 40 42 43 47 48 49 50 55 66 67 72 76 77 78 91 95 96 99 100 106 119 120 122 123 
0 9 12 13 18 25 33 36 39 40 44 46 48 50 53 60 64 65 66 76 77 86 88 94 97 103 107 108 119 120 
0 8 9 13 20 25 31 39 44 48 57 58 61 64 69 70 80 86 87 94 100 101 103 107 108 114 115 118 124 
6 32 34 36 38 40 48 55 56 59 60 66 67 71 77 78 80 82 86 89 92 94 97 100 103 108 113 119 123 
5 8 10 20 21 25 34 39 43 48 50 53 57 64 72 81 83 87 88 90 91 94 99 100 107 108 110 118 119 
3 9 35 36 37 42 43 47 48 49 52 72 76 77 78 85 91 93 94 100 101 102 106 108 111 113 120 121 
3 8 20 26 32 42 43 48 50 52 56 61 75 79 80 82 90 94 99 100 101 105 106 107 108 110 111 112 
3 18 19 33 34 37 42 43 46 47 48 50 61 64 66 72 74 76 82 91 93 94 96 99 107 110 111 119 122 
2 7 8 9 10 11 12 13 26 31 33 39 40 42 43 46 48 50 70 72 74 77 78 88 94 108 111 118 119 120 
24 31 35 37 38 47 49 52 55 65 67 68 78 79 89 94 97 100 101 105 106 108 110 112 115 120 121 
0 3 6 8 20 27 31 44 48 50 58 64 70 74 80 83 86 87 93 94 97 100 107 108 110 117 118 119 122 
0 2 3 9 13 32 48 49 55 61 65 66 75 76 80 85 90 92 93 94 97 100 103 106 107 108 113 119 120 
9 10 12 13 14 17 27 30 33 36 44 48 49 50 60 64 65 67 69 76 77 87 88 93 94 100 102 103 119 
8 9 13 14 20 25 39 44 48 53 58 60 70 73 86 87 88 92 94 97 105 107 108 112 114 115 118 124 
3 16 17 27 28 31 33 35 36 37 47 49 55 65 67 77 78 87 95 97 98 100 102 103 105 108 114 121 
3 10 11 24 25 29 31 33 35 36 42 47 48 49 55 58 67 77 91 95 99 101 102 105 106 108 113 123 
2 5 8 10 11 26 30 33 34 35 42 48 49 50 56 57 62 64 69 88 94 96 99 100 107 110 117 119 123 
15 28 32 33 34 35 38 50 55 60 65 67 68 71 78 86 87 88 93 94 97 98 100 103 108 113 115 123 
12 16 17 23 34 36 37 38 47 48 49 65 66 67 76 78 81 93 100 102 103 108 111 114 116 120 121 
10 11 13 15 16 25 31 33 36 39 48 49 58 61 69 75 77 84 89 92 95 99 100 101 103 106 113 115 
0 8 9 13 15 20 25 39 40 42 44 48 50 52 53 57 62 69 70 77 81 86 94 100 106 107 112 117 119 
0 2 5 8 9 10 14 22 27 29 33 35 36 37 39 42 49 64 65 69 76 77 88 93 94 103 107 108 114 115 
0 2 5 11 14 20 21 34 36 39 42 48 52 54 57 64 74 77 80 81 91 94 99 100 102 108 111 117 119 
0 2 3 10 11 24 31 33 35 36 42 49 50 51 55 56 57 71 75 77 78 88 99 100 102 103 108 113 119 
9 10 13 24 31 36 37 42 47 48 49 50 58 65 75 78 82 96 100 101 105 106 111 112 115 116 121 
8 9 11 22 25 26 36 38 39 40 50 57 62 64 65 69 77 80 81 86 94 100 106 107 117 118 119 120 
8 17 26 32 34 35 38 48 49 52 59 60 65 76 77 78 79 80 89 92 94 97 100 108 111 112 119 120 
8 10 21 31 35 37 38 39 58 65 68 75 78 89 90 92 95 97 100 101 105 108 110 112 114 115 121 
5 8 9 11 15 25 33 36 38 39 40 44 48 50 57 62 65 69 77 83 86 87 88 94 100 101 103 107 118 
5 20 21 25 31 36 37 38 48 52 54 55 69 75 77 80 82 83 89 92 94 99 100 107 108 115 119 122 
4 10 11 15 21 25 28 31 33 35 36 38 48 55 58 65 67 77 82 89 92 94 103 106 108 113 115 123 
16 24 28 31 33 35 36 38 41 47 48 49 56 60 64 66 67 77 82 89 93 94 97 100 103 111 114 121 
13 15 18 30 33 36 48 49 55 61 69 76 77 84 88 89 92 93 99 100 101 103 107 113 115 120 123 
10 12 15 25 34 38 39 40 48 49 50 53 57 62 65 67 69 76 81 87 88 90 94 100 110 112 114 120 
0 6 8 11 25 31 39 40 44 45 50 61 64 65 68 83 86 87 91 94 100 101 107 108 110 118 120 122 
0 6 12 15 18 25 34 39 40 44 53 65 66 68 81 86 88 89 92 94 97 100 107 108 110 112 117 120 
0 2 5 9 10 11 20 21 24 25 31 35 39 48 50 57 64 70 75 77 83 88 94 100 107 108 115 117 119 
0 13 14 15 18 21 31 33 39 46 48 52 58 65 73 75 77 88 89 92 94 97 107 108 111 113 115 119 
9 21 30 35 37 38 52 55 58 62 65 68 76 78 80 85 90 94 98 100 101 105 106 110 113 115 121 
8 9 25 26 31 33 35 37 42 43 47 48 49 50 55 79 91 95 100 101 102 105 106 108 110 116 120 
6 9 14 31 35 36 39 41 50 51 52 58 60 65 67 72 77 78 83 88 93 97 100 102 111 113 115 119 
6 8 11 14 28 32 36 44 48 58 64 65 77 80 81 83 89 94 100 103 105 107 108 111 115 118 122 
5 8 9 25 26 28 31 37 38 40 49 50 55 65 68 69 80 87 90 95 98 100 105 108 110 112 114 116 
5 8 9 21 26 31 38 39 65 68 69 78 80 87 90 92 94 100 101 102 105 108 110 112 114 118 124 
5 8 32 34 36 44 46 48 61 64 69 76 77 80 81 82 83 86 89 93 94 99 103 107 108 115 119 122 
5 8 14 17 27 33 34 36 37 47 49 55 59 65 76 77 78 87 93 94 97 98 100 103 108 114 121 122 
5 8 13 17 21 32 33 36 46 47 48 64 65 76 77 89 94 97 101 103 105 107 108 111 114 122 123 
3 13 15 18 36 48 49 53 58 65 66 76 77 81 82 89 92 94 97 100 106 107 108 111 112 119 123 
2 8 9 15 17 26 30 35 48 49 52 55 57 62 65 69 70 75 79 83 85 88 90 92 94 100 107 119 120 
2 5 8 9 13 14 17 21 22 26 27 31 36 42 57 59 64 65 72 77 85 88 91 94 100 107 108 118 119 
2 5 8 14 21 25 26 28 30 33 35 36 37 48 50 52 62 64 69 75 77 83 88 94 99 100 105 107 117 
2 5 8 11 16 20 21 26 27 31 35 36 38 43 48 52 55 57 69 77 80 82 83 92 94 100 105 107 108 
2 12 15 17 32 34 35 38 49 50 65 66 67 73 76 78 83 88 90 93 94 97 98 103 108 111 119 120 
12 16 21 23 28 31 35 37 38 47 58 63 65 68 78 85 87 94 97 98 100 102 105 109 110 113 121 
0 5 8 13 14 25 37 39 42 44 46 48 50 52 53 62 69 73 76 77 81 86 88 94 99 107 112 115 119 
0 3 8 11 12 17 27 34 44 48 49 50 57 64 65 72 76 77 79 81 83 87 88 91 94 100 107 108 119 
0 2 8 11 12 15 31 33 35 39 42 49 50 51 56 57 66 74 75 88 96 100 107 110 111 116 117 119 
0 2 18 25 30 33 34 35 36 37 42 48 49 50 64 69 76 99 100 102 103 106 115 116 119 120 123 
0 1 2 5 9 10 13 17 22 24 31 33 40 42 57 61 64 65 70 72 77 88 94 100 107 108 111 114 118 
9 24 28 31 33 35 41 49 50 52 58 60 64 65 67 70 83 95 97 98 100 105 110 111 115 117 121 
9 11 15 31 33 35 38 50 55 58 65 67 68 69 78 86 87 88 95 98 100 101 103 108 113 115 116 
9 11 13 15 25 31 33 36 48 50 55 57 61 69 71 77 84 86 87 88 100 103 107 113 115 119 120 
8 9 12 19 26 30 33 39 40 48 49 50 57 60 62 64 65 73 83 87 88 91 94 105 107 110 117 120 
8 17 23 32 33 34 38 47 49 50 60 61 66 73 76 77 93 94 98 99 103 107 108 111 119 120 123 
8 14 21 25 26 28 32 33 45 50 58 64 65 68 70 83 87 94 97 98 100 105 107 108 117 122 123 
8 12 14 21 23 26 27 28 32 36 58 65 69 77 81 83 85 87 94 98 100 105 107 108 117 118 122 
8 11 15 20 25 26 32 34 38 40 56 61 66 81 82 84 86 89 92 99 100 106 109 117 119 122 123 
8 10 22 25 30 33 35 37 38 49 53 55 62 65 68 69 76 89 92 95 100 103 105 106 115 120 123 
6 8 9 13 22 25 31 55 57 60 61 65 70 80 87 90 92 94 100 105 107 108 112 115 118 120 124 
5 9 10 25 33 36 37 38 39 40 43 48 49 61 72 76 77 83 87 88 92 94 97 100 101 107 108 113 
5 7 8 10 20 27 34 37 44 48 50 64 70 72 74 77 81 82 87 93 94 97 100 108 114 115 121 122 
3 8 9 25 28 32 33 44 45 50 58 64 65 70 73 82 83 86 87 94 97 98 105 107 108 110 117 118 
3 8 10 13 17 26 31 36 46 48 55 61 65 77 88 89 91 92 94 101 105 107 108 112 114 118 120 
3 24 37 47 49 52 58 65 67 76 78 79 82 89 94 97 100 101 105 106 108 109 110 111 121 122 
3 18 24 33 34 37 42 47 50 52 61 64 67 68 86 91 93 94 98 99 100 106 108 110 117 120 122 
2 6 8 10 21 26 34 37 48 50 64 65 70 81 82 90 94 97 100 106 107 108 110 111 117 119 123 
2 5 9 10 13 21 22 25 30 33 36 37 39 42 45 50 53 65 69 76 88 95 100 103 105 113 115 116 
2 5 8 9 10 12 14 20 21 25 35 37 39 42 43 48 50 53 62 64 69 70 77 88 94 100 103 105 107 
2 16 17 22 24 26 29 31 33 36 37 38 49 52 61 64 65 72 77 83 88 94 97 98 107 108 111 120 
21 34 37 38 39 48 52 53 54 56 67 71 78 79 81 88 89 90 92 94 97 100 108 111 112 115 119 
16 21 24 31 33 35 38 39 41 48 57 58 65 67 72 78 79 100 101 102 106 110 111 115 116 121 
1 2 8 10 11 12 13 16 26 31 33 36 42 57 64 65 69 75 77 88 94 96 100 102 105 117 118 120 
1 2 5 8 16 17 21 22 26 27 31 35 37 42 52 59 64 65 69 70 77 85 88 94 98 100 105 107 108 
10 24 29 33 34 35 36 37 42 43 47 48 49 55 56 67 72 82 91 93 99 101 106 108 113 116 123 
10 24 25 33 34 36 38 39 48 49 50 60 61 64 65 67 72 76 77 94 97 100 108 114 115 120 122 
0 5 8 9 14 17 22 23 27 31 33 35 36 37 42 47 50 52 55 65 69 77 86 93 94 100 107 108 119 
0 5 8 9 10 12 14 21 22 23 25 36 37 39 50 53 65 72 76 77 81 83 87 94 97 100 107 108 119 
0 2 3 9 13 17 24 33 36 42 45 50 57 61 64 65 66 75 76 88 94 100 103 107 108 111 114 120 
0 18 19 24 33 34 37 39 42 48 50 61 66 72 73 74 76 77 86 88 91 93 94 99 107 113 119 120 
9 14 23 28 31 33 35 41 46 50 52 55 58 60 65 67 72 73 77 78 83 93 94 97 98 102 113 121 
8 9 10 20 25 31 39 40 44 45 57 60 61 69 70 83 87 88 92 94 100 105 107 108 110 117 118 
8 25 26 30 39 49 50 52 58 60 61 64 65 68 69 70 80 83 87 90 94 100 105 107 110 117 122 
7 8 28 31 38 44 50 51 58 60 65 68 72 80 82 83 86 87 93 97 100 108 110 115 118 121 122 
5 8 11 20 21 26 30 34 39 42 50 56 64 68 69 74 80 81 90 99 100 102 110 116 117 118 122 
5 11 12 13 22 25 31 33 36 39 40 54 56 57 64 77 86 87 88 91 94 100 105 107 108 117 118 
3 4 9 18 24 25 29 31 33 36 37 48 49 55 58 61 65 66 67 77 82 92 94 103 106 108 113 119 
3 4 6 9 10 11 13 24 25 31 48 55 57 58 61 65 70 75 77 82 92 94 103 106 108 113 118 119 
2 8 15 34 38 39 48 57 61 65 69 73 79 81 83 85 88 90 92 94 107 108 110 115 118 119 120 
2 6 9 10 11 20 24 25 26 36 38 39 40 48 50 57 61 64 71 77 81 88 94 100 105 107 108 117 
26 27 28 32 33 36 38 40 47 48 49 50 52 55 56 60 69 71 77 82 87 94 100 105 107 108 122 
2 5 7 8 10 11 13 20 26 31 36 40 42 43 46 47 48 50 55 56 69 77 78 82 94 99 105 108 123 
2 5 10 11 20 24 26 31 38 39 43 48 57 61 75 83 88 92 94 99 100 107 108 110 111 118 119 
2 3 11 24 25 29 33 34 35 42 48 49 52 64 65 67 72 73 76 77 79 88 91 94 102 108 119 120 
16 17 24 26 31 33 35 38 48 49 52 55 60 65 77 78 79 83 88 92 95 97 100 102 105 108 120 
1 2 16 18 24 26 31 33 35 37 42 43 47 49 56 64 66 68 72 74 82 96 98 99 100 106 107 116 
1 13 18 24 25 31 33 36 40 42 43 49 52 56 57 61 64 67 71 72 77 88 91 94 99 100 101 108 
11 13 20 26 30 36 42 48 58 59 64 66 71 72 74 77 80 81 82 91 94 99 100 107 119 122 123 
1 10 24 25 29 31 33 36 37 38 45 47 61 64 75 94 99 101 103 105 106 107 108 115 120 122 
0 8 14 15 20 36 39 51 52 58 75 77 81 83 85 88 89 92 93 99 100 107 108 111 115 117 119 
0 6 8 9 12 15 20 31 39 44 48 50 58 60 66 74 83 88 93 94 96 97 100 107 110 111 117 119 
0 6 15 32 34 35 48 50 60 73 74 76 78 83 87 88 90 93 94 97 108 110 113 115 119 120 123 
0 3 9 12 18 28 29 31 35 36 37 48 49 58 65 66 75 77 88 92 93 94 97 102 108 111 112 117 
0 3 8 9 11 17 31 35 49 52 55 57 65 70 75 78 79 80 83 90 92 94 100 101 108 109 120 121 
0 2 5 9 10 12 15 28 33 40 41 44 48 50 53 65 70 77 83 88 94 97 100 107 111 113 117 118 
0 2 5 8 11 14 15 25 30 34 39 44 46 48 50 52 62 65 69 70 73 77 81 83 88 94 107 115 119 
0 1 5 8 9 13 17 21 31 55 57 65 78 80 87 90 91 100 101 102 108 112 114 116 118 121 124 
9 22 25 33 38 40 55 57 60 61 65 67 69 73 76 77 83 86 87 88 92 94 103 105 108 113 120 
9 10 11 21 24 25 33 35 39 45 57 58 62 65 70 75 92 94 100 101 105 106 107 110 113 115 
8 9 25 28 29 31 33 37 44 46 48 58 65 69 70 73 77 82 86 92 94 103 105 107 108 114 115 
8 17 26 30 34 35 42 48 49 52 55 57 59 62 76 79 80 85 90 91 94 99 100 101 106 107 120 
8 12 26 37 39 42 43 49 50 56 66 68 75 78 79 81 90 95 100 102 105 106 108 110 112 116 
8 10 17 26 30 34 37 38 40 49 62 69 76 78 81 83 88 89 90 92 94 99 100 109 119 120 123 
7 9 12 13 14 18 19 27 30 37 39 42 48 50 58 64 65 67 69 73 81 88 90 93 94 102 117 119 
6 9 12 21 29 35 37 38 39 48 58 65 67 73 76 83 88 90 92 94 97 102 103 105 108 111 113 
6 34 35 38 50 52 60 65 67 72 73 76 78 88 90 95 97 98 102 108 110 111 112 115 119 120 
5 8 9 21 28 32 51 55 65 68 70 80 82 87 97 98 100 105 107 108 110 112 114 115 118 124 
5 8 23 25 26 31 35 37 38 43 48 49 50 55 56 63 72 73 87 90 99 102 110 112 116 119 123 
5 8 10 26 34 37 40 42 43 47 49 50 55 56 61 68 69 82 94 96 99 100 101 107 110 112 123 
3 8 10 12 17 27 28 31 33 36 37 44 49 50 51 65 77 83 87 91 95 100 102 105 108 121 122 
3 18 34 36 42 43 48 53 54 55 57 66 67 71 72 77 78 86 88 91 94 99 100 108 112 119 120 
3 18 34 36 37 42 43 46 47 48 50 56 61 67 71 72 77 82 91 93 94 99 101 108 111 112 123 
3 17 29 34 35 37 48 49 52 67 72 73 76 79 83 88 90 91 92 93 94 99 101 102 108 111 120 
2 9 31 35 37 42 49 55 59 65 66 67 71 72 78 88 90 91 93 94 98 100 108 109 113 119 120 
2 9 12 18 23 31 35 37 39 42 43 48 49 50 63 69 73 75 78 90 93 102 103 113 116 119 120 
2 8 20 32 34 35 38 43 55 56 59 66 68 78 79 80 82 90 92 93 99 100 106 108 109 116 123 
2 6 9 10 20 21 24 25 26 31 35 36 37 38 43 48 55 71 75 77 88 92 94 97 100 107 108 119 
2 5 10 28 30 33 34 35 37 49 50 55 62 65 68 69 70 82 83 93 94 100 103 107 113 115 123 
2 3 7 15 17 18 32 33 34 35 42 46 48 50 55 65 67 73 76 77 78 88 93 94 108 119 120 123 
1 7 9 13 17 24 26 33 36 37 40 42 45 47 64 65 76 86 91 95 100 101 105 108 114 116 120 
15 17 31 33 36 38 48 49 55 59 65 71 75 77 89 92 93 94 97 100 101 103 107 108 120 122 
14 21 27 31 33 37 39 51 52 54 58 67 77 78 79 83 87 92 97 100 102 105 108 115 121 122 
0 9 11 22 30 35 36 39 49 50 57 62 65 69 76 77 78 80 83 87 94 100 103 113 115 119 120 
0 8 10 15 16 25 30 33 34 35 36 39 42 48 49 53 69 76 88 95 99 100 101 103 115 116 120 
0 5 8 27 30 33 34 36 40 48 49 53 55 56 57 59 72 77 78 87 88 91 92 94 100 101 114 123 
0 3 9 20 24 27 31 35 37 42 47 52 58 64 72 74 86 91 93 94 100 101 106 108 109 110 121 
0 3 8 17 32 34 44 49 52 61 65 76 79 80 81 83 89 92 95 97 100 108 109 111 119 120 122 
0 3 6 8 9 11 12 20 27 44 50 51 57 58 70 72 74 81 83 86 87 88 100 107 108 110 118 119 
0 2 8 9 13 22 30 39 44 62 64 65 68 69 80 81 93 94 96 100 106 107 115 117 118 120 124 
0 2 4 5 12 13 18 33 39 40 42 46 48 50 53 56 72 73 77 78 88 91 94 108 111 113 118 119 
0 2 3 4 8 12 17 33 34 35 36 37 42 47 48 49 50 64 65 66 77 94 103 106 108 111 119 120 
0 2 3 17 19 24 29 31 33 37 48 49 61 66 71 72 77 79 88 91 92 93 94 99 107 111 119 120 
9 22 24 36 37 38 39 40 49 65 66 67 76 77 78 81 92 94 97 100 105 106 108 111 112 120 
9 21 27 32 35 38 41 48 50 52 55 58 65 69 79 80 82 90 94 100 101 105 106 107 110 115 
8 9 10 13 20 21 27 30 36 42 48 50 53 55 57 58 72 77 78 82 91 94 100 101 106 118 121 
8 20 25 36 37 38 40 43 45 47 50 53 56 66 81 82 86 94 99 100 105 106 107 108 112 123 
7 8 11 17 26 30 34 35 36 38 48 59 62 64 69 76 77 80 84 89 95 99 100 106 119 120 123 
6 9 14 21 28 35 37 48 50 52 53 58 64 65 67 70 73 83 88 90 94 97 105 108 111 115 117 
6 13 17 22 27 31 36 37 55 59 65 67 71 72 77 78 86 87 88 92 93 94 97 100 108 119 123 
5 8 10 20 25 26 38 45 56 61 64 68 75 81 82 89 94 97 100 105 107 108 110 114 118 122 
5 34 37 38 39 45 52 61 65 68 69 76 83 85 88 89 92 93 94 100 101 107 108 110 113 115 
5 16 27 34 36 37 38 43 49 52 54 55 56 59 72 77 80 82 87 93 94 97 98 100 101 107 108 
3 8 9 15 23 25 26 42 48 50 57 58 61 63 65 75 79 81 82 90 94 100 107 110 112 118 119 
3 8 11 23 26 33 35 42 47 49 50 58 66 72 73 74 76 78 82 94 98 99 108 110 111 119 123 
3 24 25 26 28 37 42 43 47 48 49 50 56 63 66 71 72 77 79 81 91 94 99 100 102 112 123 
2 8 28 34 37 38 49 50 56 64 66 72 80 81 82 90 93 98 100 107 108 110 111 114 116 123 
2 8 11 13 25 42 43 48 49 50 55 57 69 76 80 90 94 99 100 102 103 106 108 119 120 123 
2 6 8 9 11 25 26 31 40 50 55 61 65 68 80 82 90 91 94 98 100 105 106 107 108 110 118 
2 6 10 15 21 28 34 35 38 48 53 65 71 88 90 92 94 97 100 107 108 111 113 115 117 123 
2 5 8 10 11 17 22 26 27 29 31 33 35 36 38 49 51 55 65 72 77 83 88 92 95 108 119 123 
24 31 37 38 47 48 49 50 58 61 63 65 66 71 72 77 82 93 94 97 100 107 111 113 119 123 
24 26 35 38 49 58 60 66 72 76 78 79 88 92 95 99 100 102 108 109 110 111 116 119 123 
2 22 30 37 40 42 49 55 56 59 63 66 67 68 71 78 80 82 90 91 94 98 99 100 105 113 123 
2 11 15 23 32 33 34 40 42 43 48 49 50 61 66 70 74 77 84 100 107 111 113 119 120 123 
17 26 34 36 38 47 49 52 60 61 64 65 71 72 77 85 87 94 97 98 100 107 108 119 120 122 
1 6 8 9 21 31 38 57 58 59 64 65 75 80 82 90 100 105 106 108 109 111 116 117 121 124 
1 5 8 12 17 21 23 26 32 36 42 45 51 65 81 85 98 100 105 107 108 111 114 116 118 122 
13 20 25 31 36 39 44 48 52 56 57 60 69 71 77 84 87 88 92 99 100 102 105 112 115 117 
10 12 15 22 31 33 36 38 39 44 49 51 56 67 77 84 89 92 95 97 100 103 106 111 113 121 
0 6 9 10 14 15 21 30 39 48 53 57 58 65 70 78 83 87 90 92 94 100 103 113 115 118 121 
0 5 16 20 21 32 34 54 55 56 68 78 80 85 87 92 94 97 100 101 103 108 114 115 118 121 
0 3 8 12 17 23 29 36 37 42 47 49 65 66 75 76 77 85 93 94 96 102 104 111 120 121 122 
0 3 10 12 34 36 37 47 48 49 53 54 56 77 81 89 94 97 100 106 107 108 111 112 117 119 
0 2 3 12 16 18 25 33 34 35 37 48 49 53 64 65 66 70 88 94 97 100 107 108 110 117 120 
0 13 14 20 21 25 32 36 42 48 54 55 58 69 75 77 80 94 99 100 107 108 112 115 118 119 
0 1 2 9 11 12 17 22 31 33 42 47 49 54 66 72 78 79 91 95 100 106 108 111 116 119 120 
9 12 13 14 18 31 33 36 39 42 44 46 48 50 58 64 66 67 72 77 84 88 93 96 102 111 119 
8 9 14 21 26 27 37 39 45 52 58 64 65 73 76 79 81 83 85 87 88 91 94 102 105 108 109 
8 9 13 21 26 31 37 39 42 50 58 65 68 72 78 80 90 91 95 100 101 102 108 112 114 116 
8 9 10 12 13 14 20 21 26 27 37 39 42 48 50 58 69 74 78 81 88 90 94 100 102 108 114 
8 26 32 35 38 45 58 59 60 65 66 68 76 78 82 86 89 92 94 97 100 105 108 109 114 123 
8 20 27 30 38 39 48 58 62 69 78 79 80 81 85 89 90 92 93 94 100 106 110 115 118 119 
8 20 26 34 38 40 43 48 56 57 62 69 78 80 81 82 90 92 94 99 100 106 110 112 118 119 
8 15 17 34 36 38 44 48 59 60 62 69 77 86 87 88 92 93 94 99 100 107 112 118 119 120 
8 13 31 36 43 47 48 49 55 59 75 78 85 93 94 97 100 101 103 106 108 120 121 122 124 
7 10 11 15 31 38 40 43 48 50 55 56 63 67 69 78 87 88 90 99 100 101 110 113 116 123 
6 9 14 21 28 29 31 35 37 52 55 58 63 65 67 68 72 80 83 90 91 94 98 102 109 113 121 
6 9 11 12 14 15 25 32 36 44 48 58 65 67 76 77 81 83 86 87 88 92 94 100 103 108 119 
6 19 20 21 26 27 30 34 37 39 48 52 56 59 64 71 72 74 77 80 81 87 91 94 107 119 122 
6 11 34 39 40 43 48 50 52 67 72 76 78 80 81 83 86 87 91 94 100 108 110 119 120 122 
5 9 13 14 20 39 48 53 54 57 62 70 77 78 81 86 87 92 94 100 105 112 114 115 118 121 
5 7 20 24 34 35 37 38 45 47 56 62 68 78 82 86 89 93 94 100 101 110 112 114 115 123 
4 6 9 15 28 35 38 53 55 57 58 60 65 67 73 78 82 83 86 87 92 94 103 108 109 113 121 
3 8 11 26 28 31 42 49 51 58 66 72 78 80 82 91 96 98 99 100 106 109 110 111 122 123 
3 6 9 20 24 26 31 41 45 58 61 64 68 82 91 94 96 98 100 101 105 106 107 110 118 124 
3 16 20 24 27 29 34 35 36 37 42 43 47 48 52 55 56 71 72 77 82 86 93 94 101 108 121 
2 9 19 24 26 29 31 33 37 39 42 43 48 49 61 64 66 71 75 77 79 88 94 105 107 111 120 
2 9 11 13 17 27 31 40 42 48 49 52 55 57 59 65 67 69 70 78 80 90 94 100 106 108 119 
2 8 16 26 35 37 42 43 49 55 66 68 75 76 78 80 85 95 96 102 104 105 106 110 116 120 
2 8 14 16 17 26 27 31 35 37 42 49 52 55 59 65 69 70 78 79 85 88 94 100 105 108 109 
2 8 11 12 15 17 23 26 33 34 35 42 48 49 50 57 62 65 73 76 77 94 96 107 111 119 120 
2 8 10 11 16 25 30 35 38 39 49 63 65 68 69 75 83 88 94 102 104 105 110 115 117 120 
2 5 8 9 12 14 17 21 23 26 28 36 46 47 65 78 81 85 94 97 98 102 105 108 111 114 124 
2 5 8 11 15 26 28 34 38 40 43 48 49 56 57 73 78 81 88 90 92 99 108 110 111 116 123 
2 17 24 26 31 33 40 41 48 49 50 55 57 66 72 73 77 78 83 88 91 94 96 99 119 120 123 
2 11 20 21 25 32 35 38 48 55 56 69 71 75 80 82 90 92 94 99 100 103 105 107 108 115 
20 26 36 40 41 48 52 56 59 64 71 74 77 80 81 82 86 87 91 94 99 100 107 117 119 122 
1 3 11 13 32 42 43 49 52 54 56 67 68 78 80 81 82 90 94 100 105 106 108 109 121 122 
1 2 3 9 12 22 23 31 35 36 37 42 46 47 65 66 77 78 85 94 98 103 108 111 113 119 120 
0 8 17 33 34 37 44 48 49 59 64 65 70 72 77 87 93 94 97 100 101 107 108 114 120 122 
0 8 14 16 22 25 31 33 35 37 49 52 55 65 68 69 70 79 83 87 88 92 94 100 107 108 115 
0 6 8 9 25 37 39 40 44 45 50 52 53 65 68 76 86 87 88 91 95 100 101 108 110 112 120 
0 5 8 11 32 33 34 35 42 46 48 50 64 69 73 74 76 77 86 88 94 99 101 107 108 115 123 
0 2 8 9 10 11 21 25 28 31 33 35 36 42 47 48 50 55 65 72 95 100 102 106 108 115 116 
0 2 5 8 14 28 34 37 49 50 64 65 68 69 70 80 81 83 90 93 94 100 103 107 108 115 123 
0 2 5 10 11 25 28 29 31 33 36 40 46 48 55 56 69 77 88 92 94 99 103 107 108 113 123 
0 22 23 25 33 36 37 39 40 50 52 61 72 76 77 83 86 87 94 99 100 107 108 113 119 120 
0 2 22 25 30 35 37 39 42 49 50 62 63 69 71 80 90 94 99 100 103 107 113 115 119 120 
0 15 31 40 49 60 61 66 73 83 88 89 90 92 95 99 108 109 110 111 113 117 119 120 123 
0 15 16 32 33 34 36 48 60 69 74 77 78 83 86 87 88 93 94 99 100 108 113 115 118 120 
9 11 13 14 21 31 33 42 48 50 52 55 57 58 65 67 72 73 77 78 94 102 108 113 115 121 
8 9 21 27 29 35 36 37 38 48 55 58 65 69 76 77 80 85 92 95 102 103 106 108 115 119 
8 9 13 14 15 17 26 31 49 57 59 60 65 70 78 85 88 90 92 94 100 108 109 111 114 124 
8 12 13 14 19 20 26 31 37 39 46 48 58 66 73 77 88 89 91 92 94 105 107 111 112 114 
8 11 17 26 33 35 36 42 48 55 57 59 76 78 86 91 99 100 101 105 106 108 116 120 123 
8 10 25 28 30 38 40 49 53 60 62 64 68 69 83 84 88 89 90 95 99 100 105 109 117 123 
8 10 14 23 25 28 31 49 55 58 60 63 68 69 84 87 90 100 102 103 105 109 114 122 123 
6 9 10 12 15 21 26 28 30 38 41 48 57 58 65 75 81 88 90 94 100 107 110 117 118 124 
6 8 32 34 36 38 44 48 65 66 77 80 81 83 86 89 92 93 94 97 100 108 117 120 121 122 
6 10 14 17 28 34 35 36 48 50 57 60 65 67 72 77 78 88 91 94 96 100 102 111 112 123 
5 8 9 13 15 17 26 32 33 36 40 46 48 50 55 61 65 76 77 86 88 94 97 101 107 108 114 
5 8 9 10 12 23 26 31 33 37 39 40 43 49 50 51 68 70 72 74 83 87 97 100 107 108 110 
5 8 20 27 31 37 38 48 52 55 69 78 80 82 83 86 87 92 93 94 100 108 110 115 119 122 
5 7 8 9 31 35 36 37 38 39 45 65 75 78 85 93 94 97 100 101 102 108 111 114 115 121 
5 7 8 9 12 13 20 36 39 40 42 43 48 50 53 77 78 81 86 88 91 94 100 105 108 112 118 
5 14 23 28 31 33 35 37 43 50 55 68 69 78 83 86 87 93 94 98 99 100 103 108 113 123 
3 20 24 25 26 32 34 35 42 43 47 50 55 56 68 71 82 84 86 98 99 100 101 107 112 123 
3 10 11 13 20 24 25 26 36 48 58 61 71 75 77 81 82 84 89 92 99 100 107 117 119 122 
2 8 12 22 25 30 33 35 37 38 45 50 64 65 66 73 76 88 95 98 103 104 105 114 116 120 
2 7 13 18 37 40 42 53 65 67 72 76 78 88 90 91 100 108 109 111 113 116 119 120 123 
2 5 8 9 17 26 32 40 49 50 52 61 64 65 70 80 81 83 90 94 97 98 100 105 107 108 111 
2 4 11 17 30 33 34 40 46 48 50 55 61 65 66 67 72 73 77 83 88 91 95 96 119 120 123 
2 3 6 9 12 28 31 35 37 50 65 66 67 68 70 78 83 88 90 94 97 98 100 105 108 110 113 
2 11 24 28 31 35 42 49 50 51 52 55 56 57 63 67 71 77 84 88 99 100 102 105 113 115 
1 6 18 25 29 36 37 44 52 61 64 65 67 72 76 77 80 86 94 98 106 108 115 119 120 122 
1 2 3 16 23 32 42 43 47 49 55 61 66 68 75 76 85 94 99 100 103 105 108 109 113 120 
11 25 30 33 34 38 48 49 50 52 55 61 65 67 72 76 79 95 100 106 110 115 119 120 122 
1 11 24 25 26 29 32 33 36 38 43 47 49 55 75 76 99 101 105 106 107 108 116 120 122 
1 11 16 25 29 31 33 36 42 43 47 49 52 54 64 69 75 77 84 95 99 101 102 105 106 120 
10 15 21 30 35 38 51 53 55 58 67 68 78 87 88 92 95 99 100 101 103 109 113 116 123 
0 9 27 31 35 39 41 49 50 51 52 58 65 72 77 78 79 80 95 97 100 101 102 106 115 121 
0 9 12 20 37 39 48 54 58 66 73 75 78 79 81 85 88 90 92 93 102 108 110 111 116 119 
0 8 9 19 22 30 49 52 55 57 60 61 65 72 76 79 80 83 85 87 90 92 94 107 115 119 120 
0 6 8 9 12 15 20 32 35 48 50 58 60 66 73 88 90 93 107 108 110 111 112 116 117 119 
0 6 8 12 13 14 20 31 37 39 48 50 58 66 70 72 74 77 78 86 93 94 97 100 108 121 122 
0 6 18 34 39 65 68 76 78 80 81 90 92 93 94 97 100 102 103 106 108 109 120 122 124 
0 5 8 9 12 22 27 33 35 36 37 39 50 53 64 65 76 77 86 87 95 97 100 103 108 114 121 
0 4 8 13 14 20 30 39 45 58 59 60 68 70 78 85 87 92 94 103 104 114 118 121 122 124 
0 3 9 17 27 30 37 44 48 49 50 52 64 65 71 72 77 79 80 87 91 93 94 100 101 102 121 
0 3 6 8 12 20 30 34 36 37 44 48 53 56 64 66 77 81 89 91 94 96 100 106 107 117 119 
0 3 13 20 32 45 54 58 70 75 78 85 92 93 94 97 100 101 103 106 108 111 118 121 122 
0 2 5 9 14 18 28 29 31 36 37 44 46 51 52 65 72 77 80 92 93 97 102 108 111 113 115 
0 2 5 8 9 10 12 17 28 29 31 33 36 37 40 44 49 51 65 77 83 88 92 95 97 103 108 111 
0 2 5 18 21 24 28 29 32 33 34 35 42 45 56 64 73 88 99 103 107 108 111 115 116 123 
0 2 4 5 10 11 24 31 33 35 36 42 49 50 51 55 57 65 72 78 88 91 108 113 116 119 123 
0 2 3 8 9 10 12 13 17 22 30 36 42 46 50 72 74 77 78 81 88 91 93 94 96 118 119 120 
0 2 3 6 10 17 22 24 31 35 37 50 51 63 72 74 77 83 88 91 93 96 100 107 111 119 123 
0 2 3 11 24 25 42 48 49 50 52 57 61 63 71 72 77 79 81 88 91 94 99 100 107 119 120 
0 1 2 5 8 9 15 17 22 23 31 33 40 42 49 55 57 61 65 69 70 73 77 94 103 107 108 114 
9 22 24 31 35 41 47 49 50 55 60 65 66 67 68 72 78 82 91 93 96 98 100 112 116 121 
9 11 21 24 28 42 45 50 51 57 58 62 65 73 75 81 82 96 105 107 110 111 115 117 118 
8 9 12 25 33 35 45 47 50 53 58 60 62 64 65 68 76 86 87 91 94 100 105 107 110 114 
8 9 10 12 27 28 33 44 48 49 53 58 60 65 69 70 77 87 88 92 95 100 103 105 108 114 
8 13 32 33 36 43 45 61 69 86 92 93 94 99 100 101 103 106 107 108 118 120 122 124 
7 9 12 13 14 18 31 33 39 44 46 48 58 60 64 73 74 88 93 94 97 102 108 111 118 124 
7 8 9 10 30 33 36 38 39 44 48 53 60 62 64 65 69 87 88 95 100 105 115 117 120 124 
7 8 17 32 33 34 36 47 48 59 60 64 69 74 76 77 84 86 89 93 99 100 119 120 122 123 
7 17 30 34 38 48 50 60 64 67 69 76 79 80 87 90 93 99 100 102 116 119 120 122 123 
7 11 28 30 42 48 50 56 64 67 69 79 80 81 82 90 94 99 100 105 106 110 115 122 123 
6 9 10 12 22 25 30 35 39 53 57 60 65 67 83 87 88 90 91 92 94 100 105 113 117 120 
6 21 24 37 38 39 48 50 52 56 63 67 71 77 81 88 94 97 100 102 111 112 115 117 119 
6 14 18 31 39 44 48 50 52 58 60 63 74 77 80 84 93 97 100 107 111 115 117 119 122 
5 9 14 21 28 30 33 35 37 46 50 51 55 62 65 70 73 75 77 78 83 103 105 113 115 121 
5 8 22 37 40 42 44 49 50 51 56 62 63 68 80 81 82 91 96 98 99 100 105 107 112 117 
3 9 18 24 25 26 33 35 36 37 43 45 47 50 64 66 76 86 94 97 98 100 106 107 108 120 
3 6 8 9 10 15 25 26 55 61 65 68 76 87 88 90 92 95 97 100 101 108 110 112 120 124 
2 9 11 12 14 22 31 35 39 49 50 57 63 65 66 73 83 88 90 91 94 105 107 111 113 117 
2 8 9 12 15 19 26 30 39 48 49 57 69 73 74 75 76 81 88 90 107 110 114 116 120 124 
2 5 7 8 9 10 12 30 33 35 37 39 42 50 51 68 72 74 78 88 91 93 100 102 110 114 116 
2 5 10 15 21 23 28 31 33 35 38 41 48 50 56 57 69 75 82 94 99 100 107 110 113 117 
2 3 8 11 12 16 23 26 28 29 33 35 36 42 43 46 47 56 66 72 77 84 96 98 102 104 111 
2 3 6 9 13 25 32 36 44 48 61 65 66 67 77 80 92 95 97 100 105 106 108 113 117 120 
2 3 16 22 23 36 37 47 49 54 56 66 72 74 77 81 82 93 94 97 98 100 107 108 111 114 
2 12 18 25 34 37 39 40 43 49 53 54 56 66 67 73 81 88 90 92 94 97 103 108 109 119 
1 3 9 31 35 37 42 47 49 55 65 66 68 71 78 85 91 94 96 98 100 102 105 109 120 121 
1 3 8 13 15 16 17 26 32 36 42 49 65 75 76 77 78 85 88 95 100 101 108 111 114 120 
1 2 5 16 18 21 23 25 29 32 33 35 42 43 47 52 55 68 69 75 76 82 94 99 107 108 113 
1 2 3 12 13 16 19 22 33 37 42 47 49 53 65 66 67 76 77 95 103 105 106 111 113 120 
11 13 25 30 48 49 52 58 62 65 69 71 75 80 82 89 90 92 94 100 105 107 113 115 117 
11 13 21 24 25 26 36 39 42 43 45 50 52 56 64 75 81 95 99 100 102 105 106 108 122 
0 9 13 15 21 30 39 52 53 57 58 59 62 65 70 78 85 87 90 92 94 100 101 109 113 121 
0 8 10 21 25 35 37 39 45 58 68 69 75 76 92 95 99 100 101 102 103 106 108 109 116 
0 8 10 12 14 16 23 33 35 37 47 49 58 68 74 75 76 78 93 94 97 100 102 108 114 121 
0 5 9 21 30 33 35 37 39 42 46 48 50 53 65 72 73 76 78 95 101 110 113 115 116 121 
0 5 18 34 37 39 44 46 48 61 65 73 76 77 81 88 89 93 94 96 97 107 111 112 115 119 
0 3 8 13 30 37 49 58 72 74 76 78 80 81 87 90 91 93 94 99 100 102 109 119 122 123 
0 3 8 11 15 16 28 31 33 35 49 52 55 58 65 68 75 78 79 83 88 89 92 95 100 108 110 
0 3 12 15 19 28 31 48 49 58 65 66 73 75 83 85 89 90 92 93 94 110 111 113 117 121 
0 2 8 9 12 17 30 33 35 36 37 42 46 48 50 64 66 72 74 76 88 91 93 107 114 116 120 
0 20 27 29 34 36 37 42 47 48 52 54 55 56 59 71 72 77 86 91 93 94 107 108 119 122 
0 16 18 28 29 31 35 36 37 48 55 58 69 80 86 92 93 99 103 106 107 108 113 115 116 
0 1 13 18 24 25 32 33 36 45 47 58 60 61 64 65 66 71 86 89 94 100 107 108 117 122 
0 1 11 13 15 16 25 32 33 42 46 55 58 61 65 69 70 75 77 88 95 101 103 104 113 115 
9 17 21 24 26 32 35 38 41 45 47 50 52 65 75 78 79 95 97 100 101 105 106 111 112 
9 12 26 28 31 41 45 58 60 64 65 69 70 73 85 87 88 94 98 105 107 110 117 118 124 
8 9 20 21 37 39 42 52 53 58 64 68 70 79 81 85 90 94 100 105 106 108 110 115 121 
8 9 14 26 27 31 35 37 39 48 49 52 58 59 63 65 77 80 85 87 94 97 100 107 117 119 
8 20 34 36 38 43 45 47 56 59 62 64 69 82 86 93 94 98 99 100 101 103 106 107 124 
8 16 23 26 27 28 33 34 38 55 60 65 72 82 86 87 94 97 98 100 107 108 110 114 118 
8 14 17 22 31 33 35 46 51 60 65 66 70 73 77 83 88 92 97 103 105 107 108 111 123 
8 11 26 31 33 42 46 47 50 55 58 66 72 78 91 95 96 98 99 102 110 116 119 122 123 
8 10 12 34 36 37 40 42 43 45 47 50 53 62 76 81 91 94 96 100 106 107 111 112 120 
8 10 12 15 21 25 26 28 58 62 65 68 69 70 75 81 90 92 95 104 106 110 112 117 124 
7 28 30 35 38 58 60 62 65 67 68 69 80 82 83 89 90 93 94 100 109 110 113 117 123 
6 8 13 16 19 39 57 65 75 76 77 80 92 94 101 102 103 104 105 106 111 115 120 121 
6 8 11 15 20 30 36 50 58 61 74 77 81 82 83 84 87 98 100 107 115 117 119 122 123 
6 10 15 16 28 31 35 38 48 58 63 65 71 75 77 88 93 94 97 100 103 107 111 113 115 
5 8 9 17 26 31 36 37 38 47 48 49 50 52 55 61 65 69 75 77 95 100 101 105 108 112 
5 8 9 15 21 23 26 32 50 51 65 70 77 81 82 97 98 100 107 108 111 112 117 118 119 
5 18 25 26 32 34 35 42 43 50 55 69 70 77 80 82 86 94 98 100 107 108 112 119 123 
5 10 30 38 40 41 48 49 50 55 57 61 72 82 83 87 90 94 99 100 107 110 113 119 123 
4 7 27 33 34 35 36 37 38 47 48 53 56 59 64 67 72 77 82 86 87 94 101 108 114 123 
3 7 8 26 28 30 51 55 58 63 65 68 78 80 85 87 91 100 102 105 109 110 114 122 124 
3 6 9 20 24 31 35 36 41 50 52 58 71 72 77 78 88 91 93 94 98 100 101 102 111 112 
3 22 24 26 31 33 50 61 64 66 70 74 77 83 84 86 88 97 98 100 107 117 119 120 123 
3 15 18 23 25 32 33 42 49 50 58 61 66 73 77 82 94 98 99 107 108 113 117 119 123 
2 6 18 21 25 26 31 35 39 43 52 56 57 75 80 90 92 94 100 102 106 108 109 110 119 
2 5 7 10 17 24 28 31 33 35 37 50 51 65 70 72 77 78 88 93 97 100 108 111 114 123 
25 33 40 45 53 60 65 66 68 83 86 88 89 91 92 95 100 105 108 110 113 117 120 123 
2 3 24 25 26 32 34 42 47 48 49 50 61 64 65 66 73 76 77 81 82 94 107 108 114 123 
2 3 24 25 26 28 29 34 35 37 42 47 49 55 56 66 68 72 82 91 94 98 108 109 114 123 
2 3 17 34 37 49 55 61 65 66 67 70 88 90 92 93 94 97 100 103 108 109 114 120 123 
2 3 17 18 29 31 33 36 42 44 46 48 61 64 66 67 71 77 84 88 93 99 103 111 119 120 
1 4 9 13 18 21 24 25 36 37 42 47 52 58 65 67 77 81 82 91 94 106 108 112 117 119 
1 37 38 47 49 54 58 59 64 66 71 75 77 79 81 85 89 94 99 100 107 108 111 119 122 
1 3 10 13 24 33 36 43 45 56 57 64 75 94 101 102 103 104 105 106 111 118 121 124 
1 2 5 8 9 21 22 26 31 55 59 65 68 80 82 90 91 94 98 100 105 107 108 114 118 124 
1 2 5 16 21 22 31 35 37 42 55 59 65 69 70 77 78 80 85 95 98 100 103 105 108 113 
12 20 21 27 41 45 54 58 64 81 83 85 87 91 94 98 102 104 105 110 117 118 121 122 
1 11 23 25 29 31 40 42 43 47 54 55 56 66 67 82 86 98 99 103 108 109 116 119 122 
0 8 9 14 22 27 33 39 44 45 53 60 65 70 79 83 87 88 92 94 97 100 107 108 115 118 
0 8 9 10 12 15 17 22 40 50 57 62 63 65 69 78 81 87 88 90 94 100 112 114 118 120 
0 8 13 14 20 31 39 44 52 58 59 60 64 73 74 86 87 88 91 93 94 99 108 109 117 119 
0 3 9 20 24 31 35 37 42 50 51 55 58 66 71 72 77 79 88 91 93 100 107 108 112 119 
0 3 13 16 18 24 31 33 36 48 55 57 58 65 66 71 77 78 86 88 92 94 100 103 108 113 
0 19 20 31 41 46 47 48 54 56 60 64 66 72 85 91 93 96 99 102 110 111 116 119 122 
9 22 33 36 39 49 51 53 57 59 60 65 67 78 91 92 100 105 108 111 114 116 121 124 
9 21 31 37 42 45 47 54 58 73 78 85 91 95 96 98 101 102 105 109 110 111 116 121 
9 18 31 33 37 40 43 49 51 52 54 55 67 68 70 72 78 82 97 98 100 101 106 108 110 
9 15 20 31 38 52 55 58 60 61 68 71 79 82 87 90 92 93 94 97 100 107 108 112 115 
8 10 15 22 25 33 38 39 40 44 53 56 60 68 69 88 89 92 94 99 100 107 108 117 118 
7 8 31 48 50 55 58 60 63 65 72 78 79 80 82 87 90 91 93 100 110 116 118 119 122 
6 9 11 21 24 28 32 36 38 43 50 67 71 77 78 81 82 94 98 100 103 105 108 111 121 
6 9 10 20 21 30 35 41 50 51 53 55 58 68 70 78 82 83 87 100 101 105 110 115 121 
5 8 9 12 14 17 23 28 37 42 49 50 62 65 70 73 77 78 81 93 94 98 111 112 114 121 
5 20 24 26 36 37 39 40 42 45 50 51 52 56 62 81 86 88 91 99 100 105 107 112 117 
5 13 14 19 20 21 27 37 39 48 54 62 69 80 81 85 89 90 92 94 103 105 107 114 115 
3 9 24 28 31 35 37 49 50 51 52 58 63 65 83 88 93 97 98 100 107 110 111 113 117 
3 8 9 19 20 31 37 42 43 48 50 52 55 61 72 73 79 88 90 91 93 94 107 110 112 119 
3 6 8 10 12 25 26 28 31 43 56 57 64 87 88 90 91 94 100 102 105 108 109 110 124 
3 6 11 13 17 26 30 36 48 65 71 77 78 80 81 87 91 92 94 100 102 105 120 122 123 
3 26 31 41 50 61 64 74 80 83 86 87 91 94 98 99 100 107 110 117 118 119 120 122 
2 8 9 17 29 32 35 38 45 52 59 65 73 75 76 79 85 88 92 93 94 97 107 108 111 120 
2 8 11 20 21 26 27 29 34 35 38 43 52 55 56 59 72 73 79 82 90 92 94 108 109 119 
2 7 8 12 26 27 29 34 35 37 39 42 43 64 69 73 76 79 85 88 90 95 102 108 109 119 
2 6 9 11 17 22 24 36 38 40 50 55 61 66 67 76 77 83 84 88 95 98 100 103 119 120 
2 6 18 24 34 37 40 43 48 50 52 55 56 67 72 78 82 91 94 100 106 108 110 113 119 
2 5 7 8 20 27 30 34 35 36 37 38 48 50 56 64 72 77 80 93 94 100 102 114 115 123 
2 5 10 17 21 22 24 26 27 31 33 35 36 38 41 47 50 64 65 72 77 95 97 100 114 123 
2 3 9 13 20 36 37 43 48 54 66 71 72 77 78 81 85 88 93 94 96 97 100 102 111 119 
2 3 8 15 23 26 31 33 46 50 61 66 70 73 74 94 97 98 107 108 110 111 114 120 123 
2 13 19 21 30 39 48 52 53 56 57 62 69 71 85 88 90 92 94 99 105 107 113 115 117 
2 13 15 18 25 26 31 33 39 40 49 52 61 68 69 71 88 92 94 99 100 107 108 117 120 
1 9 15 17 22 23 31 36 38 40 55 60 65 67 69 78 86 87 98 100 108 112 116 119 120 
1 8 9 13 40 53 55 57 59 62 65 69 70 73 87 88 90 94 101 103 105 107 114 118 120 
15 18 23 32 49 50 58 60 61 66 70 82 84 90 93 97 98 100 107 111 112 117 119 123 
11 21 27 30 33 35 42 52 55 57 58 59 62 65 71 77 78 79 82 91 94 101 104 105 121 
1 11 21 26 29 32 33 36 38 45 47 52 58 59 64 65 71 75 82 94 104 105 111 117 122 
10 13 16 25 33 36 48 49 57 58 60 61 64 65 67 72 76 77 82 87 94 100 108 114 115 
0 8 10 23 28 33 34 50 55 60 65 68 72 78 83 93 94 96 97 100 102 110 118 121 122 
0 6 9 10 17 21 24 31 36 45 51 65 75 78 88 92 95 97 100 101 102 108 111 112 124 
0 6 8 9 17 28 37 40 44 48 52 65 70 72 77 80 81 86 92 94 97 100 106 107 108 112 
0 6 8 10 16 17 21 27 30 34 35 36 37 48 72 74 76 77 78 83 87 94 100 101 102 121 
0 5 8 10 12 14 17 30 37 44 48 49 50 63 69 74 77 81 83 93 94 96 100 107 119 122 
0 4 15 16 35 39 41 49 57 58 59 65 66 70 75 77 78 85 94 103 104 106 111 113 121 
0 3 8 16 23 32 35 42 47 49 55 58 65 66 68 75 76 78 85 93 94 96 100 109 110 121 
0 2 8 9 29 31 35 37 39 42 48 49 63 65 66 72 80 85 90 91 93 102 111 114 116 120 
0 2 5 9 12 13 14 18 31 37 39 49 65 68 69 75 88 90 92 93 94 100 102 108 113 117 
0 2 3 16 19 20 29 31 41 47 48 56 61 64 66 75 77 85 93 94 96 99 106 107 111 117 
0 19 33 34 37 39 40 48 53 59 65 66 71 77 86 88 89 91 92 94 107 113 117 119 120 
0 1 8 22 29 31 36 37 40 42 44 46 56 61 66 72 77 80 91 94 96 99 107 111 112 119 
0 17 18 19 29 32 33 34 40 46 48 54 55 69 71 77 86 92 94 99 103 107 119 120 122 
0 15 22 23 33 40 50 57 60 69 73 74 76 77 78 83 86 87 94 99 108 113 119 120 123 
0 15 19 20 21 39 46 51 54 58 62 71 75 77 81 85 88 89 92 99 103 107 111 115 119 
9 15 19 28 31 41 48 49 50 55 58 60 65 67 69 73 79 87 88 90 93 110 112 115 116 
9 10 11 12 14 23 25 33 39 48 49 54 57 58 62 69 70 75 77 83 84 100 105 107 117 
8 9 15 30 33 36 38 44 48 53 57 58 59 60 62 65 82 87 92 94 100 117 118 121 124 
8 9 12 13 27 32 33 36 45 50 58 60 65 76 78 86 87 88 95 97 100 103 105 108 114 
8 22 23 25 26 35 38 39 49 50 52 60 62 65 68 69 76 79 87 90 94 104 105 112 120 
6 9 30 35 36 38 51 53 55 57 58 59 60 66 67 71 77 82 84 92 100 103 105 113 121 
6 8 16 20 27 34 36 38 48 52 53 56 57 59 64 77 81 82 86 94 100 106 108 117 121 
6 11 16 29 32 35 38 43 55 68 76 80 83 84 86 95 98 101 103 104 105 113 120 121 
5 14 17 26 28 31 35 41 46 48 50 55 65 70 72 73 77 86 88 94 97 107 112 114 123 
5 10 27 33 35 38 41 47 48 49 53 55 65 78 89 95 97 100 101 105 110 114 115 123 
4 6 15 16 35 36 38 39 41 48 52 53 59 65 67 77 78 86 89 94 101 106 113 120 121 
3 9 10 33 36 41 44 46 48 53 58 64 65 82 94 97 101 103 105 107 111 114 118 124 
3 8 9 17 26 29 32 48 49 52 55 61 75 76 79 83 84 85 88 90 92 95 97 101 105 120 
3 8 10 11 30 33 36 49 50 55 58 65 75 76 77 78 82 83 94 96 101 104 105 121 122 
2 8 11 21 28 32 34 42 45 47 50 52 56 68 69 78 81 95 98 99 100 106 108 110 115 
2 8 10 15 23 28 34 35 42 43 49 53 56 57 62 78 82 94 96 99 100 109 110 111 123 
2 5 8 9 12 20 21 29 31 35 37 38 43 45 64 68 69 83 85 88 94 98 103 105 107 108 
2 5 8 10 12 13 14 26 27 36 37 39 42 43 49 50 76 77 78 81 88 91 94 102 104 105 
2 5 10 12 25 29 31 37 38 39 40 48 49 54 56 69 88 90 92 94 103 105 107 108 114 
2 5 10 11 12 21 25 28 29 35 38 43 68 69 75 83 88 90 92 95 102 103 104 105 113 
2 3 10 11 24 26 31 33 42 43 50 51 55 56 57 75 78 82 96 99 100 106 110 118 119 
2 15 28 33 34 38 48 49 53 56 57 67 73 78 88 92 99 108 110 111 113 115 116 124 
2 11 25 28 30 35 42 49 50 52 55 56 57 63 69 71 75 77 79 80 84 102 104 105 115 
1 8 9 13 19 22 26 31 40 49 52 57 59 60 65 77 80 91 94 107 111 112 117 119 120 
1 7 12 17 23 27 31 36 38 45 51 54 60 78 85 87 100 102 105 108 114 118 121 122 
1 7 10 12 13 36 37 40 42 43 53 54 56 67 77 78 81 88 91 95 100 105 108 111 112 
1 5 9 12 13 17 21 22 27 54 57 62 70 78 81 85 87 90 94 100 103 105 114 118 121 
1 5 8 11 13 17 21 26 31 36 42 46 64 65 75 77 80 94 96 101 102 105 111 118 122 
1 3 17 22 24 29 33 36 37 42 45 61 64 65 66 76 86 88 95 98 103 104 105 114 120 
1 3 13 17 26 27 31 33 36 37 45 47 52 65 71 78 86 87 91 94 100 101 105 108 122 
1 3 13 16 18 24 25 32 33 36 47 49 55 61 66 75 76 77 84 89 103 104 106 113 120 
1 2 6 9 11 24 29 32 38 40 43 45 61 66 71 88 94 98 103 105 108 109 111 113 120 
1 2 5 8 11 12 16 21 22 26 31 33 35 36 42 47 64 65 77 95 96 98 100 105 111 117 
1 2 3 8 12 13 25 26 33 37 42 46 47 64 65 66 72 73 76 77 91 95 102 104 114 120 
1 2 16 22 29 31 33 35 37 42 47 49 59 64 65 67 68 69 82 98 105 106 108 116 117 
12 15 17 18 23 26 28 32 34 40 48 50 60 65 70 90 94 97 100 107 108 111 118 122 
1 11 13 17 32 36 42 45 47 52 54 59 64 75 81 84 95 104 105 106 111 120 121 122 
0 3 13 19 22 30 37 49 61 66 71 77 80 85 89 91 92 93 94 99 107 113 117 119 120 
0 2 5 8 11 14 15 17 21 28 30 34 42 46 48 50 62 65 69 73 77 78 81 88 94 96 123 
0 2 3 12 23 28 31 35 37 48 49 56 66 72 85 90 93 94 97 100 107 108 110 111 113 
0 1 8 13 15 32 42 49 58 59 65 66 68 75 76 81 85 90 94 100 103 107 108 114 122 
0 1 5 8 9 10 12 17 31 33 35 36 37 42 49 51 72 74 78 91 96 100 102 111 116 121 
9 12 14 22 23 35 36 41 45 47 50 53 60 65 66 94 96 97 100 105 111 112 117 121 
8 9 13 19 39 49 53 58 59 65 73 81 85 90 91 92 95 105 109 111 116 117 121 124 
8 9 11 21 25 26 29 31 35 38 47 52 55 58 63 65 68 69 75 79 94 101 102 105 109 
8 14 17 30 34 35 49 59 60 64 66 72 73 74 76 88 90 91 93 94 98 99 107 119 123 
8 10 27 28 30 33 35 38 48 49 53 56 60 62 64 82 89 94 100 105 110 115 117 121 
7 8 9 13 15 39 42 43 48 59 69 70 73 75 78 81 88 90 93 94 108 112 118 119 120 
7 10 20 24 35 37 38 45 47 58 62 64 68 75 82 89 93 94 100 106 109 110 117 121 
6 9 12 19 37 39 40 43 48 54 63 72 73 74 81 83 87 88 90 91 94 107 110 119 120 
6 12 16 28 31 35 36 56 60 64 66 67 77 84 95 96 97 98 100 102 105 111 117 121 
5 8 10 20 21 27 36 37 38 39 45 51 56 81 87 92 97 100 105 107 108 115 117 122 
5 7 8 13 20 31 37 42 43 47 56 59 68 69 74 75 78 82 93 99 100 101 108 116 122 
5 7 18 24 32 34 42 45 47 50 65 76 78 81 82 93 94 100 108 110 111 112 115 123 
4 7 9 28 30 38 41 45 51 53 58 60 65 73 85 87 110 113 115 116 117 118 121 124 
4 6 9 14 15 18 31 39 51 57 58 60 65 67 70 73 78 86 88 92 103 108 113 115 124 
3 9 15 18 25 26 48 49 57 61 63 65 75 81 88 90 94 100 107 110 112 117 120 124 
3 7 20 32 42 43 51 54 56 68 74 75 78 80 82 93 99 100 101 106 108 109 110 122 
3 6 8 9 12 26 27 28 32 43 45 51 70 78 81 86 92 95 97 100 105 106 108 109 110 
2 8 13 17 19 26 30 33 49 52 55 57 59 62 65 69 75 76 77 92 94 104 105 106 120 
2 8 11 22 25 30 33 39 42 44 45 50 57 61 64 65 73 79 88 91 94 104 105 118 120 
2 6 9 13 19 26 31 37 39 40 48 59 64 65 66 71 88 90 91 94 105 107 111 117 120 
2 6 21 27 28 32 34 38 43 48 50 56 67 71 78 80 81 82 90 94 97 100 103 108 123 
2 5 11 21 24 25 33 34 35 38 43 47 48 50 55 62 73 76 77 95 99 103 113 119 123 
2 3 8 9 17 19 22 26 29 31 37 42 49 51 55 63 65 66 73 77 85 88 91 105 107 114 
2 3 8 9 13 17 19 26 31 49 57 61 65 80 85 90 91 92 94 105 109 111 114 120 124 
2 3 15 16 18 23 31 48 56 61 63 74 75 82 93 94 97 100 107 110 111 113 117 118 
2 17 19 27 30 34 42 49 52 57 59 62 64 65 67 69 76 79 80 81 90 94 106 109 119 
1 9 13 22 25 31 40 46 55 60 61 65 66 67 70 72 73 77 86 88 95 108 112 114 120 
1 8 12 21 25 26 32 33 36 38 45 47 56 64 69 95 98 104 105 106 116 117 122 124 
1 3 7 11 32 42 44 58 64 67 76 79 80 82 94 99 100 101 105 106 108 109 111 122 
1 3 6 8 9 10 12 17 22 31 36 44 45 51 65 91 95 96 100 105 106 111 112 121 124 
13 24 25 26 31 40 43 48 49 55 57 61 66 70 73 77 82 92 94 105 107 108 112 123 
1 2 8 9 12 15 17 19 23 26 42 49 57 62 65 69 73 75 76 81 85 94 96 109 119 120 
1 2 5 8 11 15 16 22 26 36 42 49 56 59 74 81 82 98 99 100 107 108 111 116 117 
11 16 21 23 28 38 48 52 57 58 63 65 67 78 79 81 82 83 94 100 105 110 111 121 
10 12 14 16 25 28 30 49 53 58 67 68 69 70 81 84 87 88 92 100 103 105 109 114 
0 8 10 12 22 27 30 33 36 39 40 49 50 53 60 65 72 76 77 78 83 87 88 91 95 104 
0 6 9 13 17 18 19 24 32 48 55 60 65 66 73 76 86 88 92 93 103 107 116 119 120 
0 6 9 11 13 22 24 25 39 40 45 61 65 66 68 70 81 86 92 95 100 103 106 108 120 
0 6 8 9 12 28 40 48 53 57 65 66 73 81 88 90 91 92 94 107 108 110 111 112 117 
0 5 9 10 21 31 33 37 39 45 54 64 68 75 95 97 100 101 102 108 110 114 115 121 
0 5 8 9 10 12 13 15 22 39 40 42 44 46 50 53 62 65 70 77 81 88 95 111 112 119 
0 2 5 9 14 15 19 22 42 49 53 54 55 57 59 62 63 69 73 85 88 90 94 103 107 114 
0 1 13 15 16 18 31 33 49 54 56 60 68 69 71 74 88 89 94 96 99 100 107 115 117 
0 11 13 20 21 27 30 36 48 55 56 57 59 62 71 77 78 80 87 91 92 94 100 119 123 
9 24 26 32 33 40 48 49 52 60 61 70 77 83 84 88 92 95 97 100 105 111 117 120 
8 26 32 34 38 43 45 59 68 69 76 78 81 86 87 88 94 98 99 100 108 112 120 124 
8 10 28 30 33 45 53 58 60 64 65 68 69 88 96 104 105 110 115 116 117 118 124 
7 8 9 11 20 30 36 39 42 50 51 58 75 77 78 80 81 100 102 105 106 115 118 121 
6 9 18 25 31 50 52 55 58 60 61 63 67 68 71 72 80 82 84 90 97 98 100 113 115 
6 10 14 17 28 34 48 55 57 60 65 67 78 87 88 90 91 92 94 100 102 108 112 124 
6 10 12 14 16 22 27 31 36 39 54 60 64 67 77 83 89 94 97 100 105 108 117 121 
5 8 9 10 28 30 37 49 50 51 62 63 65 68 75 78 81 82 83 93 96 100 110 115 121 
5 7 8 15 17 26 34 38 40 48 55 59 62 65 69 73 78 88 89 90 94 101 112 114 118 
4 9 23 31 33 36 38 40 49 50 51 55 57 60 65 66 67 72 77 78 82 83 108 113 119 
3 8 12 16 17 22 23 29 31 35 36 47 49 66 72 77 84 85 93 96 97 98 111 120 121 
3 7 10 28 34 37 42 64 65 67 68 71 81 82 90 91 93 94 100 108 109 117 122 123 
2 9 13 39 43 49 59 62 68 69 75 76 80 84 85 90 92 93 100 103 106 109 113 120 
2 7 10 20 27 29 31 36 37 39 42 44 48 56 64 71 72 77 88 91 93 94 102 108 119 
2 5 8 9 14 22 31 46 50 65 70 72 77 78 80 83 93 94 97 98 108 111 115 118 119 
2 5 8 9 11 12 14 17 29 32 33 44 49 64 65 69 73 76 77 83 88 94 96 98 105 107 
2 5 7 9 24 26 28 32 40 41 45 50 51 65 70 73 81 82 83 97 105 110 111 117 118 
2 4 5 9 18 21 24 28 31 33 35 37 42 45 50 51 65 68 82 91 108 110 113 116 117 
21 26 27 33 35 36 37 45 47 50 58 62 65 71 78 82 87 91 94 98 100 101 105 123 
16 18 24 28 31 35 37 42 47 49 58 63 67 68 82 93 94 96 98 99 100 110 115 117 
1 6 11 13 31 36 52 54 58 59 64 74 75 77 80 82 84 89 100 106 111 117 121 122 
15 17 22 26 31 33 36 40 41 46 50 51 60 66 74 78 88 96 98 99 111 116 119 123 
1 3 8 19 23 26 29 33 37 42 43 47 49 61 66 75 76 77 82 94 96 104 105 111 122 
13 21 36 37 39 48 52 54 56 59 62 67 77 80 81 87 91 92 95 99 100 105 112 117 
11 13 30 36 39 42 44 46 48 50 56 64 67 72 77 80 84 95 96 99 101 102 115 122 
0 9 14 19 39 41 48 49 54 57 58 64 66 72 77 80 81 83 85 91 94 96 107 111 119 
0 9 13 14 18 39 44 49 58 64 68 69 70 74 81 88 93 94 100 107 108 115 117 124 
0 8 10 12 14 17 22 33 35 36 45 47 60 62 65 76 78 89 91 93 94 96 100 111 121 
0 6 16 18 34 39 48 53 54 57 60 70 72 77 78 88 92 94 100 108 111 115 118 120 
0 5 8 13 15 19 21 22 30 53 55 56 62 69 73 85 88 89 90 92 95 103 104 114 115 
0 3 6 8 12 20 25 34 44 45 53 57 70 73 81 86 87 88 92 94 103 107 108 118 124 
0 3 17 24 35 36 37 42 45 50 65 66 75 76 78 88 93 94 102 104 111 112 114 120 
0 2 5 19 20 21 31 39 41 48 56 57 59 64 69 73 75 85 88 90 99 107 116 117 124 
0 2 4 8 12 25 30 33 36 37 39 40 49 50 53 64 65 66 72 77 83 88 91 94 104 120 
0 20 35 36 41 47 48 50 53 58 60 64 71 72 77 86 87 94 99 100 107 115 119 123 
0 18 19 24 31 39 40 48 49 50 56 60 61 63 66 71 77 94 99 103 107 111 119 122 
0 10 20 36 37 39 40 44 51 56 71 74 77 81 88 89 91 96 99 100 107 111 117 119 
9 38 39 44 49 51 52 53 58 59 60 65 67 68 71 72 79 87 92 97 100 108 112 121 
9 11 12 28 29 31 33 38 44 49 51 58 65 66 67 68 79 83 92 95 102 105 108 121 
8 17 27 28 30 38 40 44 50 57 60 62 63 65 69 77 80 83 87 94 103 104 105 118 
8 11 14 20 21 32 45 51 58 73 81 83 88 89 92 99 103 105 107 108 111 115 123 
8 10 20 21 35 37 38 45 53 58 64 88 100 101 105 108 109 110 111 114 116 123 
6 8 9 17 22 26 29 36 38 40 55 61 66 72 76 77 83 84 86 88 92 97 107 119 120 
6 8 12 13 15 26 31 39 40 60 65 68 70 78 86 87 92 95 97 100 108 109 120 122 
6 22 27 35 36 38 39 41 45 50 51 52 53 56 57 60 71 78 86 87 100 105 115 121 
5 9 10 15 20 21 31 36 39 43 51 54 74 75 77 83 88 96 97 100 101 107 111 118 
5 8 9 13 19 40 42 43 48 49 52 53 55 57 59 62 73 76 82 90 91 94 107 112 119 
4 9 17 24 29 31 33 35 37 51 55 65 67 72 73 86 91 92 95 101 108 114 116 121 
4 5 15 19 20 21 34 48 52 53 54 56 57 73 81 82 87 92 94 110 112 115 117 119 
2 8 9 14 15 17 26 28 31 35 48 49 55 63 65 66 73 75 77 78 83 85 88 94 96 97 
2 7 10 11 24 33 35 38 45 47 50 68 75 84 95 102 104 105 106 113 115 117 120 
2 6 11 22 25 30 38 40 50 55 56 61 66 68 80 82 84 90 98 103 104 105 106 113 
2 5 14 21 29 31 33 36 37 39 45 51 52 54 83 88 91 92 99 102 105 108 111 117 
2 3 16 17 18 19 23 34 37 42 46 47 48 52 61 65 67 72 76 77 81 93 94 111 120 
2 25 29 31 35 37 38 48 49 52 55 56 63 67 69 71 80 90 94 99 102 113 115 119 
19 21 24 26 33 37 42 43 47 50 52 55 75 76 77 79 95 101 102 104 105 106 122 
1 9 15 17 32 38 40 51 54 59 66 67 73 78 81 86 88 95 98 103 108 109 114 116 
1 8 16 22 35 38 49 60 65 76 78 79 80 85 95 100 105 108 111 115 116 120 121 
1 7 36 38 51 54 55 56 62 77 78 80 82 86 89 100 101 105 106 112 115 118 121 
1 6 8 21 26 36 38 43 56 64 80 81 95 98 100 102 105 106 108 111 116 122 124 
16 22 31 38 47 49 54 59 60 64 68 69 85 87 93 98 99 100 107 108 116 117 120 
1 5 8 11 22 25 26 33 35 42 45 52 56 57 62 64 73 86 88 91 94 99 105 107 117 
15 34 39 48 49 52 53 54 57 62 67 70 77 81 84 87 92 100 112 115 117 120 121 
1 3 9 12 18 25 26 37 42 43 45 66 68 70 81 86 94 98 100 106 107 108 112 120 
1 2 8 12 13 37 40 42 43 45 47 53 56 64 66 73 81 95 103 105 108 109 111 116 
1 2 5 17 21 22 29 31 37 42 51 52 54 55 59 73 77 85 88 91 98 99 105 107 108 
1 2 4 11 31 33 40 42 49 51 52 55 56 57 59 67 72 73 77 78 82 91 108 113 119 
1 2 3 6 9 12 18 25 31 44 65 70 72 77 94 98 100 106 107 108 113 118 119 120 
0 6 9 12 18 27 29 31 36 37 39 40 44 48 64 65 72 77 86 88 91 94 107 108 119 
0 6 9 12 13 18 25 31 39 60 65 68 72 88 90 92 94 97 100 102 108 113 118 120 
0 2 8 9 12 19 28 30 33 37 42 49 50 51 65 66 72 73 88 91 93 107 110 114 116 
0 2 5 10 13 16 17 22 24 31 33 36 65 72 78 88 92 93 100 108 111 114 116 118 
0 2 4 8 10 11 16 21 25 29 33 34 35 36 39 42 48 64 65 77 95 103 106 108 115 
0 2 3 6 8 9 12 13 20 27 32 44 45 70 81 92 93 94 97 100 106 107 108 117 118 
0 2 16 30 35 37 39 42 49 56 59 63 66 68 71 75 78 79 80 85 93 94 99 100 109 
0 1 2 3 15 17 18 19 23 31 42 49 52 54 57 73 74 75 90 94 99 109 111 119 120 
0 1 13 21 24 32 33 45 58 64 65 68 75 94 96 100 106 115 117 118 121 122 124 
9 32 33 40 51 54 55 59 60 68 70 78 82 86 87 92 97 100 103 105 108 114 118 
9 24 26 28 31 33 49 51 55 57 58 60 65 70 73 82 92 105 107 108 110 114 124 
7 20 27 30 34 35 37 48 50 53 55 56 62 71 78 79 82 87 90 91 94 100 101 121 
5 8 12 20 39 43 56 73 78 81 87 88 90 91 92 93 102 104 110 112 116 118 124 
5 7 8 11 14 15 30 33 34 39 44 46 48 69 73 74 76 77 83 88 89 94 99 115 119 
5 10 24 26 33 41 47 49 50 55 65 68 72 78 91 95 96 101 102 104 110 116 122 
4 8 19 28 47 49 50 52 53 55 58 60 65 72 73 79 82 87 91 94 104 110 112 121 
3 8 19 20 26 30 34 37 48 56 61 64 66 80 81 85 89 90 91 94 107 110 114 122 
3 16 17 28 31 33 35 36 46 48 55 66 67 77 83 84 86 89 92 95 97 103 105 121 
2 8 12 15 20 35 36 39 42 43 46 51 56 62 75 77 84 85 88 93 103 107 111 119 
2 5 7 8 10 33 34 38 39 43 45 64 68 69 76 88 93 99 100 102 108 110 116 124 
2 5 21 23 28 33 35 37 38 45 47 50 56 73 82 98 104 105 110 111 113 116 117 
2 3 4 13 18 19 30 33 37 48 49 55 56 61 66 67 72 73 77 82 91 92 94 113 119 
2 3 12 17 26 41 46 65 73 75 78 81 85 88 94 96 102 104 105 111 118 120 124 
2 13 36 39 42 43 49 54 56 57 64 66 71 72 77 80 81 85 91 94 96 102 104 111 
1 9 12 13 25 36 37 40 42 43 46 47 53 54 67 69 77 81 86 94 105 108 112 120 
1 8 11 13 15 16 22 26 36 42 57 59 66 74 76 78 81 82 86 99 100 106 108 116 
15 34 35 36 42 46 50 56 62 67 71 77 82 84 93 96 98 99 101 111 112 115 123 
15 16 17 22 31 33 36 41 46 54 60 69 74 77 78 83 86 88 93 94 98 99 118 120 
1 4 9 12 13 17 18 27 31 33 36 40 49 54 57 60 64 67 72 77 88 91 94 108 119 
0 6 18 21 24 29 31 35 37 51 55 58 63 65 68 71 72 88 96 97 101 102 109 123 
0 4 6 8 13 14 16 21 30 37 39 52 53 58 59 65 68 70 81 87 92 94 109 117 121 
0 4 6 8 12 14 20 21 27 30 34 37 39 45 53 73 78 81 83 89 92 94 103 109 121 
0 4 6 11 13 20 24 25 31 36 39 40 48 50 56 57 64 86 88 101 103 108 116 118 
0 4 5 9 12 15 19 21 23 39 41 51 53 57 65 73 85 87 110 113 116 117 121 124 
0 3 6 8 13 17 27 30 37 55 65 70 78 80 87 90 92 95 100 103 109 119 122 123 
0 3 4 20 24 25 31 37 42 50 55 58 61 66 68 70 72 79 94 106 108 110 122 123 
0 2 5 18 19 30 39 40 42 49 50 52 57 61 64 65 72 76 80 81 90 91 94 104 110 
0 1 5 8 11 13 21 36 42 46 56 64 72 77 80 91 95 96 101 102 104 111 121 122 
0 1 2 3 6 13 15 16 17 18 19 57 61 65 66 75 76 77 81 94 96 104 106 111 120 
9 17 24 29 32 38 40 47 52 55 61 67 76 84 86 95 97 98 101 105 106 109 120 
7 8 14 19 29 31 33 37 42 47 48 58 59 64 65 72 77 79 91 93 94 111 119 122 
6 8 9 12 14 15 28 32 35 51 58 60 66 70 77 83 84 92 93 97 100 111 117 121 
5 8 13 20 25 26 40 42 43 50 55 56 57 80 82 90 91 101 104 105 112 116 118 
5 8 13 14 19 20 26 27 31 37 43 47 48 52 59 64 77 86 87 91 94 105 107 122 
3 20 27 29 36 41 54 55 58 77 80 85 94 98 101 102 103 104 105 106 121 122 
3 16 19 24 29 32 33 42 47 48 49 52 55 58 61 65 67 71 77 79 82 94 101 105 
2 8 26 39 43 48 49 56 61 64 74 75 80 81 94 96 97 100 106 107 110 111 124 
2 6 8 10 15 20 26 34 38 40 43 68 78 81 82 83 90 92 94 97 100 108 110 118 
2 6 11 24 25 29 34 35 38 45 52 65 68 83 88 95 98 102 108 109 113 117 120 
2 5 8 9 11 14 21 26 27 28 36 43 45 50 52 62 69 78 81 83 88 94 98 100 105 
1 7 37 38 43 47 54 59 71 75 77 78 79 81 85 94 99 100 108 111 119 120 122 
16 33 35 36 39 41 46 48 53 56 60 64 67 77 86 88 89 95 97 103 105 114 115 
16 19 30 34 37 39 42 46 48 52 56 64 67 71 72 77 80 93 94 101 102 115 121 
13 19 27 31 33 37 47 48 49 55 58 59 65 67 69 73 77 89 95 101 103 105 114 
13 15 16 32 42 54 59 66 67 68 78 81 86 88 93 100 103 108 109 114 116 120 
1 2 6 11 31 36 44 51 52 56 71 74 77 84 88 98 100 102 111 113 115 117 119 
1 2 5 12 21 22 31 46 51 56 73 78 85 88 91 98 105 108 111 113 116 118 124 
1 2 5 11 12 15 32 40 42 49 54 56 73 74 77 81 88 94 96 98 107 111 117 119 
1 24 25 32 35 38 47 58 60 64 66 67 71 82 86 89 94 99 100 103 108 109 119 
1 2 3 7 10 12 13 33 36 43 45 56 75 78 94 102 104 105 106 111 113 118 124 
1 2 15 19 22 23 33 40 42 49 51 53 54 55 56 57 66 73 82 96 99 107 116 119 
0 4 5 10 13 25 33 37 40 47 49 50 53 55 56 68 72 87 91 94 101 108 113 123 
0 3 9 22 25 29 31 37 49 54 55 63 66 71 72 77 79 80 94 97 107 112 119 120 
0 3 4 6 9 12 13 15 31 48 54 57 66 70 77 86 92 94 106 108 112 117 120 121 
0 2 5 8 9 17 21 28 30 35 42 48 55 57 63 65 72 73 85 88 90 91 107 114 116 
0 2 3 4 6 12 16 17 18 34 36 48 54 57 64 77 81 94 103 106 108 111 118 120 
0 2 15 17 19 34 42 48 49 54 55 57 59 66 71 77 79 85 88 94 99 107 119 120 
0 13 20 24 37 42 45 50 58 62 68 71 78 86 88 93 94 99 100 101 112 115 123 
0 11 21 31 35 47 48 58 59 63 71 72 74 77 87 91 94 99 100 107 113 119 123 
9 18 24 31 40 47 49 50 60 63 65 66 67 78 98 100 103 111 113 116 119 120 
8 12 14 16 21 25 39 43 48 53 63 77 79 81 83 87 88 94 97 100 105 107 118 
7 8 19 28 31 37 48 50 55 58 65 72 80 82 86 87 91 93 110 114 116 121 122 
7 8 12 13 14 36 39 42 43 46 64 75 76 77 81 84 85 93 102 104 111 121 122 
5 8 9 33 35 37 42 43 46 47 48 50 69 73 74 75 76 78 82 93 96 101 110 116 
5 7 27 33 40 45 53 54 62 64 69 70 73 82 83 86 87 94 104 105 110 117 118 
5 24 28 34 35 37 48 49 52 62 65 73 77 82 89 91 92 93 94 111 112 117 121 
4 8 10 12 23 25 28 37 38 47 49 50 58 65 68 72 81 87 104 110 114 116 122 
3 6 8 13 19 20 37 43 50 52 53 56 72 82 90 91 94 101 104 106 111 112 121 
3 6 16 18 19 24 28 29 32 34 43 48 52 55 56 71 77 86 88 92 93 94 107 113 
3 4 8 19 28 34 48 49 52 53 56 57 72 73 79 81 82 87 91 92 94 110 112 121 
2 9 26 30 38 40 41 48 49 50 55 61 65 66 72 80 90 95 100 106 110 119 120 
2 8 12 19 20 21 26 39 43 56 57 77 79 81 85 91 92 94 102 104 105 106 111 
2 8 12 14 15 17 19 23 26 28 33 42 49 50 57 62 65 73 75 77 79 94 104 111 
2 5 8 9 15 21 28 30 42 46 51 62 65 70 73 78 81 85 88 98 110 114 115 118 
2 3 8 9 12 17 22 23 26 27 31 35 37 49 63 65 73 77 78 79 83 85 94 97 105 
2 3 6 8 9 12 17 19 26 28 30 37 48 65 66 73 75 81 83 88 90 92 94 102 105 
2 3 11 12 27 31 42 43 54 56 63 72 74 88 90 91 94 98 100 107 110 118 119 
19 26 29 39 41 49 61 64 65 75 77 80 83 85 94 96 101 104 105 111 120 122 
16 31 35 38 47 49 59 60 63 66 72 78 85 93 98 99 100 109 111 113 116 120 
15 22 38 39 40 52 53 54 59 62 68 69 71 78 81 86 88 89 92 94 104 112 120 
1 3 8 23 26 36 42 45 52 57 58 61 75 81 82 84 99 100 105 107 111 112 117 
1 3 6 8 9 10 13 15 22 36 53 55 57 65 77 78 82 94 96 100 106 112 118 121 
1 2 4 9 17 18 23 27 29 31 37 40 42 49 51 55 65 67 70 73 103 108 109 119 
1 2 3 7 24 37 42 43 47 67 68 72 76 78 79 81 82 91 94 99 100 106 108 109 
12 14 16 17 32 33 41 46 54 60 64 69 70 74 77 86 88 93 94 98 107 114 118 
1 13 19 21 22 31 37 52 56 59 67 71 77 80 82 89 91 94 99 105 111 113 117 
1 11 13 36 49 54 58 62 64 67 69 71 77 80 82 84 89 96 99 100 101 105 115 
10 11 17 26 28 30 34 36 38 40 45 62 64 69 71 81 84 88 89 99 100 107 123 
0 5 8 12 13 19 21 27 31 37 39 48 56 64 73 85 87 88 90 91 95 102 117 119 
0 5 12 15 19 23 32 34 42 48 49 54 56 81 85 90 93 94 103 107 111 114 122 
0 2 3 9 20 24 27 32 48 50 70 73 78 79 81 83 88 93 94 97 108 110 118 119 
0 13 37 39 45 52 54 62 68 69 71 75 78 85 88 89 92 93 94 101 104 115 120 
8 17 26 28 32 34 38 40 48 49 60 64 66 73 83 88 89 90 95 99 108 111 123 
7 14 15 18 30 34 39 48 60 69 74 88 90 93 94 99 100 113 115 117 118 124 
6 8 15 17 32 36 38 40 44 52 59 60 76 77 84 88 89 92 95 104 111 112 120 
5 12 21 23 26 36 41 46 50 51 56 72 74 78 81 98 102 111 114 116 118 122 
3 9 17 24 26 32 33 35 49 50 51 70 73 74 77 78 88 97 98 101 108 111 114 
3 8 11 22 23 27 31 35 49 50 51 55 56 63 77 78 82 87 98 100 103 105 123 
16 19 26 28 31 33 46 48 52 55 58 60 65 69 71 77 82 86 89 92 94 105 107 
1 3 9 11 32 33 42 45 51 52 54 58 68 70 82 84 86 98 100 105 106 117 121 
1 2 8 10 13 22 33 42 44 53 56 64 68 72 82 94 96 99 100 106 107 115 118 
0 9 29 31 33 37 39 42 52 54 58 59 64 68 70 72 86 93 94 101 106 108 121 
0 8 9 14 15 31 39 44 48 49 58 60 63 73 74 93 94 97 111 114 115 121 124 
0 8 21 27 31 35 50 51 57 58 63 72 74 80 87 100 101 107 110 114 115 123 
0 4 5 11 17 21 24 28 33 34 35 42 48 50 55 57 65 72 73 78 91 96 116 121 
0 3 4 12 28 29 33 41 45 47 58 64 65 66 68 86 91 94 104 106 117 121 122 
0 3 4 11 12 15 25 34 36 42 48 54 56 66 77 81 86 95 103 106 108 119 122 
0 2 3 6 8 9 19 30 48 61 63 73 74 81 88 90 91 93 94 107 110 117 120 124 
0 1 2 8 10 11 12 13 16 21 33 42 56 68 69 75 78 102 103 104 106 116 118 
6 8 16 21 38 39 52 53 57 58 63 65 81 83 88 94 104 105 110 111 115 117 
6 12 15 20 32 41 51 54 56 60 66 74 78 93 96 97 98 100 110 111 119 122 
4 7 12 14 19 27 29 31 33 41 47 48 58 64 65 67 77 86 91 94 117 119 122 
2 9 15 20 32 36 40 41 46 54 66 74 77 81 82 83 94 96 97 98 107 111 119 
2 7 12 15 23 28 32 34 38 65 67 69 73 81 90 93 108 109 110 116 117 124 
2 4 6 9 12 15 30 38 39 40 41 50 51 53 65 66 67 68 78 83 88 95 103 113 
2 3 22 23 37 49 50 51 53 63 66 67 73 77 78 79 81 82 83 99 105 111 123 
2 3 12 26 28 29 32 33 35 41 49 56 64 66 73 75 77 79 88 95 104 105 111 
2 16 22 29 35 36 39 41 46 64 65 66 71 77 85 88 94 103 104 105 111 120 
2 15 32 35 38 49 59 65 66 73 75 85 88 90 92 93 94 104 111 113 117 120 
15 30 33 38 39 41 44 49 51 52 53 58 59 60 67 73 77 79 88 89 95 99 119 
11 14 15 17 28 32 34 36 42 46 50 52 65 67 69 77 78 81 86 88 94 98 108 
0 8 12 14 25 29 34 37 39 42 44 49 64 65 66 68 70 72 79 94 108 109 122 
0 6 18 19 28 31 37 48 55 58 65 72 80 86 92 93 106 107 110 115 116 122 
0 4 5 10 17 21 24 28 31 33 36 41 51 55 65 78 91 95 96 116 121 122 124 
0 3 9 11 17 22 36 42 44 50 51 57 65 66 71 77 80 81 86 100 103 108 121 
0 11 13 20 21 24 27 32 36 47 56 64 71 77 81 89 94 103 104 115 121 122 
7 8 19 20 26 37 47 55 56 62 69 75 79 85 89 94 99 101 105 106 109 110 
7 11 15 28 33 35 36 42 46 50 55 56 62 71 77 82 84 86 104 113 115 121 
4 7 12 20 27 29 34 37 39 42 48 54 64 70 77 85 94 106 108 117 119 122 
3 16 19 27 28 30 37 49 58 64 65 67 80 81 82 89 93 94 103 106 109 121 
2 7 8 12 17 27 28 30 37 38 44 45 50 64 65 69 79 81 93 94 102 104 106 
2 6 8 10 11 16 21 22 25 26 29 31 35 38 55 65 68 88 92 95 105 108 116 
21 26 32 36 38 41 45 47 56 59 69 81 89 95 99 100 105 106 112 117 123 
1 5 7 11 13 32 36 40 56 59 69 80 86 87 95 99 100 108 113 116 117 119 
13 15 39 42 49 52 54 56 59 62 68 69 75 81 84 88 90 95 99 100 112 117 
1 2 3 8 9 11 12 32 33 42 44 49 51 66 68 70 84 98 100 105 106 107 117 
1 11 29 42 49 54 58 64 68 72 79 80 82 90 101 104 106 115 116 121 122 
0 5 8 9 12 13 14 17 22 31 46 47 65 73 78 91 93 94 96 111 112 121 124 
0 5 11 14 15 23 25 28 33 35 42 50 52 55 62 65 68 69 70 86 94 104 113 
0 4 8 13 14 17 19 21 30 59 64 65 75 81 85 94 103 109 114 121 122 124 
0 4 6 25 28 30 35 50 53 55 58 60 65 66 68 72 83 88 91 95 104 110 113 
0 24 31 33 41 45 47 58 60 61 64 66 68 79 89 91 95 99 100 110 122 123 
0 1 5 17 18 19 23 37 47 49 52 61 65 73 75 76 77 81 89 94 104 111 112 
0 1 3 4 10 15 16 23 25 33 36 46 53 54 55 58 77 89 94 103 104 114 118 
9 11 14 21 22 27 39 51 54 57 59 62 63 67 77 78 80 81 87 100 103 119 
8 14 20 26 29 32 35 42 45 51 52 58 59 68 84 85 88 98 99 105 107 117 
5 7 9 15 19 20 26 31 39 41 46 48 73 75 85 88 94 101 110 111 114 124 
5 7 20 29 31 39 40 41 45 51 54 56 59 73 86 88 91 99 105 112 116 117 
3 8 11 17 30 33 34 44 45 50 52 57 64 70 79 83 84 87 100 101 120 121 
3 7 19 20 26 29 31 41 51 55 58 71 77 79 80 85 91 99 101 102 105 122 
2 8 19 21 22 26 33 39 57 59 72 73 76 79 88 91 92 99 107 111 116 119 
2 4 5 9 10 21 27 30 41 50 51 53 57 65 72 78 81 82 83 91 110 118 119 
10 16 29 33 38 47 49 54 55 56 68 69 75 82 84 93 101 103 104 106 115 
0 3 4 9 18 24 42 45 50 61 65 68 75 81 94 96 106 110 112 117 118 120 
7 8 20 30 34 35 46 48 56 60 62 64 73 88 89 91 93 94 99 110 119 123 
2 3 9 15 32 33 43 49 55 67 68 76 78 88 95 96 97 98 100 110 120 124 
0 1 9 23 25 37 40 45 47 52 61 65 69 73 76 86 87 94 108 109 113 120 
0 17 19 24 28 49 51 65 75 81 93 96 102 106 109 111 116 121 122 124 
0 1 2 9 19 24 37 40 42 49 51 62 65 81 91 95 96 106 109 111 117 119 
7 9 11 17 29 31 40 44 46 48 64 67 70 72 77 80 83 84 86 95 119 120 
6 16 18 25 26 28 35 36 52 55 56 57 60 71 72 77 80 82 84 86 92 104 
4 8 10 12 13 15 16 31 39 49 58 60 70 84 92 95 103 109 111 114 121 
3 6 13 17 18 27 30 37 44 52 64 65 67 73 76 88 89 91 93 94 101 109 
16 17 30 33 35 36 46 52 60 64 67 69 71 77 84 88 98 99 102 105 120 
0 3 4 6 16 19 24 29 41 55 58 61 65 75 77 83 88 94 101 103 104 113 
3 7 9 10 42 44 48 50 53 58 63 67 71 77 84 88 100 101 105 111 113 
3 4 7 15 19 23 31 33 41 46 51 54 55 58 67 73 82 83 86 89 110 119 
2 7 11 20 29 32 36 38 45 51 54 56 71 75 82 84 99 105 111 115 117 
0 5 17 18 24 28 31 51 73 75 77 78 88 89 92 93 99 108 111 112 118 
0 1 2 4 6 16 29 35 37 55 59 65 66 68 70 75 88 94 103 104 113 120 
7 11 29 34 42 48 54 55 56 67 72 73 79 82 90 101 108 115 116 121 
6 8 30 38 44 52 58 59 60 63 72 77 80 82 84 87 93 98 104 121 122 
4 5 9 15 23 35 38 39 41 49 50 52 53 65 68 87 94 110 112 117 121 
3 22 24 25 26 57 61 65 70 72 77 79 81 92 94 104 106 112 118 120 
2 3 7 9 15 17 28 31 35 51 55 63 71 75 79 84 85 88 93 97 100 109 
2 3 6 11 22 24 25 29 35 45 52 68 70 82 83 84 92 104 105 113 117 
0 4 8 12 13 16 19 21 27 31 39 57 58 65 85 92 94 106 109 117 121 
0 2 8 13 19 31 49 55 56 59 80 85 90 91 92 95 99 106 109 116 124 
3 6 8 10 16 28 29 35 43 55 68 70 75 82 83 84 92 93 103 104 121 
2 6 9 19 21 43 51 53 55 57 59 72 82 91 92 106 107 113 116 119 
11 13 14 16 22 47 49 52 54 64 68 81 84 87 104 105 115 117 121 
2 4 5 20 21 27 29 31 36 38 39 41 45 51 52 54 56 59 85 88 117 
0 1 2 4 6 13 18 21 53 55 56 68 78 91 106 108 109 113 116 124 
0 12 18 25 28 29 36 37 40 45 65 69 86 92 104 106 112 116 117 
4 8 12 23 25 28 33 34 35 38 45 47 53 56 60 66 68 79 84 89 
0 1 2 6 18 27 29 37 44 52 64 65 70 72 73 77 88 94 104 115 
43 49 52 54 78 100 110 
6 27 43 59 91 107 
5 34 50 69 83 107 
2 14 18 25 68 107 
14 25 100 107 119 
69 78 98 100 114 
49 68 96 105 124 
19 31 73 105 107 
7 34 59 112 116 
6 58 73 105 116 
64 69 83 98 107 
59 73 76 94 108 
58 59 73 85 107 
52 53 89 95 112 
44 57 59 63 105 
4 31 91 117 118 
40 63 88 90 107 
37 59 62 89 100 
34 68 82 83 122 
28 49 53 89 117 
19 40 59 63 120 
17 37 63 69 112 
1 6 11 38 43 76 
14 69 89 96 119 
7 60 76 91 100 
6 18 32 88 100 
5 53 69 88 116 
54 100 102 122 
43 45 47 68 76 
33 53 69 70 88 
3 10 43 55 107 
30 34 78 88 90 
28 43 62 63 91 
2 40 68 83 120 
2 19 52 81 117 
19 33 83 92 94 
17 30 49 59 71 
90 98 107 110 
7 14 35 59 76 
6 11 30 76 90 
59 68 105 114 
52 71 100 120 
5 10 11 24 33 
49 69 114 115 
4 38 59 77 78 
41 89 100 121 
40 96 107 120 
40 65 107 116 
3 43 81 82 91 
32 49 120 124 
2 40 49 51 78 
2 16 38 48 63 
2 15 32 48 69 
2 14 25 43 62 
18 63 102 119 
16 93 107 118 
12 47 105 116 
1 23 47 53 89 
6 93 112 116 
6 89 101 112 
6 68 100 108 
62 67 69 100 
5 96 110 118 
5 48 107 108 
52 72 98 112 
52 58 61 117 
47 64 76 115 
43 47 72 119 
41 73 89 113 
40 87 98 110 
38 78 87 120 
38 40 50 112 
34 42 70 100 
34 39 87 116 
32 69 94 104 
30 69 79 104 
27 63 90 100 
26 81 87 116 
26 63 87 122 
25 63 71 123 
24 43 77 123 
23 87 94 117 
2 35 115 116 
20 32 69 124 
18 51 54 100 
16 52 69 102 
14 77 98 115 
14 36 39 118 
12 14 98 105 
11 32 73 120 
10 46 83 115 
0 2 20 79 88 
8 26 91 124 
7 54 62 118 
7 34 50 110 
7 33 87 105 
72 81 88 94 
63 83 84 96 
63 73 85 87 
62 78 79 81 
5 17 98 102 
49 55 82 93 
45 53 76 88 
43 77 82 93 
4 18 25 112 
38 50 77 94 
3 83 96 102 
37 68 74 94 
36 48 57 78 
3 49 73 113 
34 64 89 93 
34 39 53 87 
34 38 71 93 
33 46 76 98 
32 49 50 81 
3 23 28 118 
31 33 59 67 
29 49 91 93 
29 44 68 91 
27 48 50 73 
27 34 38 93 
24 63 72 88 
2 32 71 105 
22 44 49 79 
19 31 33 37 
18 30 53 90 
18 24 47 55 
17 18 19 74 
16 52 58 98 
1 59 78 114 
15 31 69 79 
14 17 22 44 
11 36 39 94 
105 106 115 
0 41 47 111 
95 103 123 
92 100 103 
91 108 122 
90 116 119 
8 23 48 78 
7 18 37 73 
69 101 114 
6 35 48 87 
62 113 124 
5 87 91 95 
5 7 10 117 
55 102 110 
5 50 63 87 
5 33 43 86 
5 19 23 73 
5 11 17 55 
50 102 119 
47 109 119 
38 110 114 
37 108 116 
3 23 25 47 
32 109 123 
32 104 124 
31 117 122 
2 6 30 109 
20 100 114 
0 9 20 107 
0 4 46 124 
0 20 48 77 
0 10 95 97 
91 92 121 
88 90 120 
84 89 120 
78 86 114 
76 90 103 
73 75 102 
7 113 115 
70 98 114 
70 95 119 
67 89 121 
67 79 119 
67 72 116 
65 69 101 
64 83 119 
64 69 122 
63 66 119 
60 91 109 
50 82 111 
47 74 111 
46 77 107 
44 77 120 
39 77 105 
38 57 120 
36 44 101 
3 6 24 88 
35 65 100 
3 4 34 36 
33 55 113 
32 40 103 
30 90 122 
2 9 88 96 
28 88 108 
26 31 114 
25 92 115 
22 59 113 
21 94 122 
21 68 117 
20 73 119 
20 60 123 
20 50 102 
20 39 124 
19 57 113 
17 24 111 
16 76 101 
16 49 101 
16 28 116 
13 59 122 
13 44 112 
11 21 119 
11 20 111 
9 50 110 
8 59 101 
8 30 117 
78 86 99 
7 88 104 
77 81 87 
7 75 105 
70 82 84 
6 93 111 
6 60 113 
6 20 122 
61 83 84 
61 63 97 
60 82 86 
59 75 85 
57 78 99 
5 65 123 
55 75 89 
55 60 68 
54 56 74 
53 81 84 
53 60 62 
52 62 99 
5 15 110 
50 87 90 
50 71 96 
48 86 97 
47 60 65 
4 72 119 
46 70 73 
46 67 89 
46 53 70 
45 69 71 
45 50 68 
45 50 53 
44 51 70 
43 71 97 
43 56 99 
4 29 115 
42 90 94 
42 86 91 
41 58 66 
39 65 89 
39 41 81 
37 61 95 
3 70 120 
36 80 91 
36 46 47 
35 49 75 
33 67 77 
33 62 92 
33 37 66 
33 35 67 
3 33 106 
3 29 105 
31 92 93 
31 50 55 
31 45 98 
28 84 98 
28 66 98 
28 58 84 
27 35 88 
26 46 70 
24 56 96 
23 61 81 
23 56 81 
23 50 62 
23 46 82 
23 32 86 
22 41 44 
22 25 30 
21 72 83 
21 63 85 
2 13 119 
21 28 88 
20 58 62 
20 56 79 
20 40 90 
18 55 86 
18 35 39 
18 28 99 
18 21 50 
1 77 112 
17 41 80 
16 39 49 
15 61 68 
15 30 57 
15 16 43 
14 74 75 
14 46 74 
12 62 94 
12 38 93 
12 33 96 
11 15 22 
0 71 108 
0 21 113 
9 82 92 
9 29 76 
9 13 52 
8 35 94 
7 39 70 
7 32 71 
7 26 46 
7 12 18 
6 35 36 
6 15 61 
5 61 70 
5 41 86 
4 24 29 
3 46 88 
3 26 45 
3 17 75 
2 12 92 
1 70 85 
1 68 80 
1 13 44 
108 111 
108 109 
103 121 
0 21 57 
0 16 20 
