4 40 53 81 259 262 280 313 323 340 411 430
13 15 77 115 210 328 397 410 421 426 432 457
13 15 77 115 210 380 397 410 421 426 432 457
13 15 115 210 380 397 410 421 426 432 457 458
15 77 115 210 328 397 410 421 426 432 457 471
15 77 115 210 380 397 410 421 426 432 457 471
15 115 210 380 397 410 421 426 432 457 458 471
27 150 156 171 220 222 293 347 412 417 447 467
40 53 81 143 169 259 262 313 323 340 411 430
150 156 171 220 222 293 347 357 417 447 467 496
1 23 88 161 197 226 306 443 473 476 499
3 39 125 146 167 251 256 378 462 482 487
4 53 60 81 259 262 280 313 323 340 430
10 27 58 150 156 171 220 293 347 447 467
10 150 156 171 220 293 347 357 447 467 496
15 77 110 210 328 397 421 426 432 457 471
26 47 124 140 162 227 233 264 375 392 450
26 47 124 140 227 233 264 350 392 436 450
26 47 124 227 233 264 299 350 392 436 450
26 47 162 209 227 233 264 336 375 392 450
26 47 209 227 233 264 299 336 350 392 450
27 58 150 156 171 220 293 347 412 447 467
34 38 151 157 253 260 282 349 395 479 488
39 86 125 146 167 251 256 429 462 482 487
39 86 125 146 167 256 429 451 462 482 487
39 125 146 167 251 256 378 429 462 482 487
41 150 156 171 222 347 357 417 447 467 496
1 23 88 90 135 197 374 473 476 499
1 23 88 197 226 374 443 473 476 499
3 39 125 212 251 256 346 422 482 487
3 39 125 212 251 256 378 422 482 487
3 87 116 212 251 281 327 422 438 490
3 87 116 212 251 327 346 422 438 490
3 87 212 251 256 281 378 422 438 482
4 36 53 60 61 130 280 288 376 460
4 36 60 61 126 130 280 288 376 460
4 40 53 262 280 295 313 323 340 430
4 40 262 280 295 313 323 340 385 430
4 53 60 262 280 295 313 323 340 430
8 52 75 190 203 272 275 307 351 418
13 114 115 380 397 410 421 426 457 458
13 114 224 380 397 410 421 426 457 458
15 77 110 210 242 328 397 432 457 471
15 77 115 210 242 328 397 432 457 471
16 42 63 94 115 216 249 315 335 471
24 59 89 100 138 172 240 265 348 456
40 143 169 262 313 320 323 340 411 430
68 82 142 155 200 208 221 230 444 477
0 27 75 190 203 220 307 412 418
0 27 75 190 203 272 307 412 418
0 27 148 190 203 220 307 412 418
0 27 148 190 203 272 307 412 418
0 75 190 203 272 275 307 351 418
1 23 88 90 374 452 473 476 499
1 23 88 374 443 452 473 476 499
1 23 90 135 370 374 473 476 499
1 23 90 370 374 452 473 476 499
1 88 161 226 306 413 443 451 499
1 88 161 297 306 413 443 451 499
3 87 212 251 256 346 422 438 482
4 36 53 60 61 130 280 430 460
4 36 53 60 61 280 295 313 430
4 36 60 61 126 137 280 288 295
4 36 60 61 126 137 280 288 376
4 36 60 61 137 176 280 295 430
4 36 60 61 176 280 295 313 430
4 40 176 280 295 313 323 385 430
4 53 60 61 130 259 280 376 460
4 53 60 61 130 259 280 430 460
5 29 48 67 153 207 400 424 472
6 35 55 111 192 225 296 405 486
6 55 91 111 225 274 296 405 486
6 55 111 192 225 274 296 405 486
8 52 65 148 190 272 275 307 418
8 52 65 190 272 275 307 351 418
8 52 148 190 203 272 275 307 418
13 77 224 380 397 410 421 426 457
24 43 59 100 138 172 191 265 456
24 45 59 89 138 172 240 265 348
24 59 100 138 172 191 265 348 456
26 47 227 264 299 350 427 436 450
26 124 140 162 227 233 375 381 392
26 162 209 233 264 336 356 375 392
32 107 209 233 336 356 375 382 392
39 86 125 146 167 297 413 429 451
39 86 125 146 167 297 429 451 462
39 86 125 146 167 413 429 451 487
40 127 176 182 280 295 313 385 430
40 176 182 280 295 313 323 385 430
40 182 280 295 313 323 340 385 430
45 59 89 138 172 240 241 265 348
47 227 264 299 350 427 436 450 470
49 180 218 266 284 290 325 359 396
53 81 143 169 198 259 262 323 411
53 81 143 169 198 259 262 411 420
57 99 122 213 285 360 371 404 480
68 82 101 104 142 155 187 200 322
68 82 101 142 155 187 200 208 444
82 101 104 142 155 187 200 243 322
82 101 142 155 187 200 208 243 444
82 101 142 155 187 208 243 312 444
82 142 155 177 200 208 221 444 477
86 88 161 297 306 413 443 451 499
107 209 227 233 264 299 336 392 450
107 209 227 233 264 336 375 392 450
236 248 250 292 298 343 388 416 478
236 248 250 292 343 388 416 425 478
236 248 250 298 334 343 388 416 498
0 27 148 156 220 307 412 418
0 148 190 203 272 275 307 418
1 88 161 297 306 443 473 499
1 95 370 374 452 473 476 499
1 95 374 443 452 473 476 499
3 54 188 256 281 311 378 438
3 87 188 212 256 281 378 438
3 87 188 256 281 311 378 438
4 36 53 60 61 280 288 295
4 53 60 61 259 280 313 430
4 53 60 81 130 259 280 430
4 53 60 81 198 259 262 323
4 53 81 198 259 262 323 411
4 60 176 280 295 313 323 430
6 55 91 111 274 405 449 486
15 110 210 242 318 328 432 471
15 115 210 242 318 328 432 471
15 115 210 318 328 335 432 471
15 115 210 328 335 432 457 471
15 115 210 335 432 457 458 471
16 42 63 94 115 335 458 471
17 124 140 194 205 260 381 389
23 33 90 135 370 374 473 476
23 33 90 370 374 452 473 476
23 88 90 135 197 352 473 476
26 47 124 140 162 194 227 392
26 47 124 140 194 227 392 436
26 124 140 162 194 227 381 392
27 58 148 156 220 293 307 412
27 58 148 220 293 307 412 494
27 58 148 220 307 366 412 494
28 236 261 291 298 390 475 484
29 48 85 112 153 321 400 408
29 48 112 153 207 321 400 408
32 162 209 233 336 356 375 392
34 151 157 282 395 477 479 488
36 61 126 137 288 376 454 483
36 61 126 137 288 435 454 483
37 184 231 236 298 334 388 498
37 231 236 291 298 334 390 498
37 231 291 298 334 354 390 498
39 86 146 161 167 297 413 451
40 143 169 262 320 340 411 428
40 182 313 320 323 340 385 430
40 262 313 320 323 340 385 430
42 63 94 115 249 335 432 471
42 63 94 115 335 432 458 471
47 299 312 326 350 427 436 470
51 57 99 122 213 285 324 371
54 139 188 252 281 311 378 438
56 90 135 267 314 331 403 468
57 99 122 213 285 324 371 404
68 82 101 104 109 155 200 322
68 82 109 155 200 230 407 463
68 82 155 200 230 407 463 477
68 109 155 200 230 258 407 463
71 101 104 163 243 316 322 453
82 101 104 109 155 200 243 322
82 142 155 177 187 200 208 444
82 142 155 177 187 208 312 444
93 102 166 183 196 217 219 485
101 104 163 187 243 316 322 453
106 142 187 243 312 326 453 470
107 209 233 264 336 356 375 392
116 212 268 327 346 363 422 490
117 185 228 373 435 454 466 483
127 141 151 152 182 282 342 479
127 141 151 157 282 342 395 479
127 141 151 182 282 342 395 479
127 151 157 282 342 349 395 479
133 202 257 283 372 383 423 495
141 151 152 221 230 282 342 477
141 151 152 221 282 342 477 479
141 151 157 221 282 342 477 479
141 151 157 282 342 395 477 479
142 177 187 208 312 326 444 470
142 187 208 243 312 326 444 470
180 218 241 284 384 387 398 399
180 218 266 284 325 359 387 396
180 218 284 325 359 384 387 396
180 218 284 359 384 387 398 399
180 241 284 332 384 387 398 399
248 250 292 343 388 416 425 489
248 250 343 363 388 416 425 489
0 27 150 156 220 412 447
0 27 156 220 412 418 447
0 75 203 272 351 425 489
1 88 297 374 443 473 499
1 95 297 374 443 473 499
3 54 256 281 378 438 482
3 212 251 327 346 422 487
4 53 60 81 130 198 259
4 53 60 130 198 259 460
5 67 207 400 424 440 472
7 111 132 274 405 449 486
8 11 52 65 165 275 351
8 52 65 148 190 307 366
8 52 65 148 275 307 401
8 52 65 148 307 366 401
8 65 148 234 294 366 401
8 65 148 294 307 366 401
14 130 198 259 353 420 460
14 130 198 301 353 420 460
16 42 63 84 94 246 315
16 42 63 216 249 263 315
16 42 76 216 249 263 315
17 34 194 253 260 389 488
18 42 76 216 249 263 315
18 42 144 216 249 263 315
18 42 144 216 249 315 335
20 66 70 186 201 277 364
20 103 133 239 308 317 495
21 128 223 273 332 387 399
21 128 273 332 384 387 399
23 88 197 226 352 473 476
23 90 135 197 302 352 403
24 59 100 138 181 191 348
24 59 100 138 181 240 348
25 96 97 178 319 338 367
27 148 190 220 307 366 412
28 236 261 298 390 475 478
28 236 291 298 334 390 484
28 291 298 334 354 390 484
29 48 67 153 207 400 408
31 106 312 326 350 427 470
31 106 326 350 379 427 470
31 289 299 350 369 379 427
31 299 312 326 350 427 470
31 299 326 350 379 427 470
32 107 209 336 356 382 442
33 83 95 118 370 374 452
33 95 118 370 374 452 473
33 95 370 374 452 473 476
34 38 72 253 349 395 433
36 61 126 137 288 295 454
37 161 184 226 231 306 354
37 161 184 226 231 306 413
37 161 184 231 306 354 498
37 161 184 231 306 413 498
37 184 231 298 334 354 498
37 231 291 334 354 390 491
42 144 216 249 315 335 471
43 59 100 138 191 365 456
43 59 138 172 191 456 461
43 59 138 191 365 456 461
45 89 172 240 241 265 398
46 92 189 255 345 362 446
48 85 112 113 153 321 400
48 85 113 153 321 355 400
49 266 290 325 359 368 396
53 81 130 198 259 353 420
53 130 198 259 353 420 460
56 90 135 267 331 352 403
56 135 267 290 331 352 403
68 82 104 109 155 200 463
68 152 200 230 258 407 463
68 152 200 230 407 463 477
69 120 121 279 329 358 419
78 108 134 165 360 361 480
78 134 159 165 330 371 404
78 134 165 360 371 404 480
78 134 213 360 371 404 480
86 161 167 297 306 413 451
91 111 132 274 405 449 486
93 114 217 219 245 380 458
93 136 217 219 245 380 458
94 136 179 235 245 246 247
99 134 213 360 371 404 480
101 104 109 155 243 316 322
101 104 142 187 243 322 453
101 104 155 187 243 316 322
106 163 187 243 312 326 453
106 312 326 350 427 436 470
116 268 327 361 363 422 490
127 137 176 182 280 295 430
127 141 152 182 342 385 479
127 141 176 182 342 385 479
127 141 176 182 342 395 479
128 180 273 332 384 387 399
131 139 188 252 276 281 309
131 139 188 252 276 281 438
131 139 188 252 281 309 311
131 139 188 252 281 311 438
142 177 208 312 326 436 470
149 232 283 377 406 423 437
151 157 221 260 282 479 488
151 157 221 282 477 479 488
164 180 266 284 359 387 396
172 241 265 332 384 398 399
184 236 298 334 388 416 498
231 236 291 298 334 390 484
231 291 298 334 354 390 484
231 291 334 354 390 484 491
264 289 299 350 379 427 450
264 299 350 379 427 450 470
0 75 203 292 425 489
1 95 297 443 451 499
2 30 270 434 441 459
2 162 270 356 375 441
2 270 356 375 434 441
2 270 356 434 441 459
3 54 256 378 462 482
5 67 153 237 400 424
7 132 274 337 449 486
7 132 286 337 449 497
7 132 286 405 449 497
7 286 391 402 465 497
8 11 52 65 275 401
9 22 45 89 240 398
9 45 89 240 241 348
9 45 89 240 241 398
10 27 58 220 293 494
11 52 78 165 275 351
11 78 134 159 165 330
13 114 217 224 380 458
13 114 217 224 380 485
14 130 301 353 406 460
16 42 63 84 263 315
16 42 76 84 263 315
16 63 94 136 245 246
16 63 94 136 245 458
16 76 84 263 315 428
16 84 94 246 247 428
16 84 94 246 315 428
16 94 136 245 246 247
17 194 205 253 260 389
19 117 145 228 373 466
20 66 133 271 364 372
20 66 133 364 372 495
20 70 103 201 317 364
20 103 133 317 364 495
20 133 239 308 372 495
21 172 265 332 384 399
21 172 265 332 399 456
24 89 100 240 348 386
24 100 181 240 348 386
26 47 124 140 194 389
26 124 140 194 381 389
30 270 303 434 441 459
31 106 312 326 453 470
31 106 350 369 379 427
31 289 299 341 369 379
32 162 209 270 356 375
32 162 270 356 375 441
32 209 270 304 356 382
32 209 270 356 375 382
32 270 304 356 382 434
32 270 356 375 382 434
32 270 356 375 434 441
34 157 253 260 389 488
37 88 161 226 306 413
43 103 191 317 365 461
44 113 123 193 237 355
44 123 168 193 211 237
44 123 168 193 237 355
45 172 241 265 384 398
46 76 84 143 169 333
47 124 140 177 194 389
47 124 140 177 194 436
47 177 312 326 436 470
49 56 290 302 352 403
50 185 232 409 437 455
50 232 257 377 409 437
50 232 257 377 423 437
50 232 377 409 437 455
53 130 259 353 376 460
54 139 188 252 311 481
54 139 238 252 311 481
54 256 378 429 462 482
56 74 267 290 331 403
56 74 267 331 339 468
56 74 267 331 403 468
56 90 135 302 352 403
56 135 290 302 352 403
56 267 314 331 339 468
59 172 241 265 332 399
59 172 265 332 399 456
64 66 271 277 305 364
64 66 271 277 305 439
64 202 271 372 383 439
68 141 152 221 230 477
68 141 152 230 407 477
68 152 200 221 230 477
71 104 183 196 316 322
75 203 292 343 425 489
75 250 292 343 425 489
76 84 143 169 333 428
80 96 97 178 319 367
84 143 169 333 411 428
85 113 123 153 193 355
85 113 123 153 355 400
91 132 274 337 449 486
93 102 114 217 219 485
93 114 217 219 380 485
93 114 217 224 380 458
93 114 217 224 380 485
93 136 179 217 219 245
101 142 187 243 312 453
101 163 187 243 312 453
106 142 312 326 436 470
106 163 214 243 326 453
107 209 264 336 356 442
107 209 264 336 442 450
107 264 289 299 379 450
107 264 289 379 442 450
113 123 153 193 237 355
113 123 153 237 355 400
115 249 318 335 432 471
117 126 185 435 454 483
117 145 185 228 373 466
124 140 162 194 205 381
124 140 177 194 260 389
126 130 288 376 455 460
126 185 288 376 454 483
126 185 288 435 454 483
127 176 182 295 342 385
128 164 180 266 387 396
133 239 257 308 372 495
133 257 308 372 383 495
136 179 219 235 245 247
139 188 252 309 311 481
139 195 238 252 311 481
139 195 252 309 311 481
146 167 297 429 462 465
149 202 283 372 383 423
149 202 283 377 383 423
154 189 255 345 362 446
170 267 314 331 339 468
170 267 314 339 414 468
202 257 283 377 383 423
232 257 283 377 423 437
232 377 406 409 437 455
236 248 298 334 390 498
2 162 375 381 441
5 303 424 440 472
7 79 391 402 465
7 286 391 405 497
8 11 65 234 401
9 22 45 89 269
9 22 45 269 300
9 22 158 269 300
11 52 78 134 165
12 303 304 434 459
19 62 145 244 344
20 66 271 277 364
23 197 226 302 352
24 100 181 191 448
24 100 181 386 448
24 173 181 386 448
28 261 344 475 484
29 48 206 207 408
29 206 207 215 408
30 234 294 366 401
30 234 294 366 494
30 234 294 401 440
31 106 214 326 453
32 107 319 382 442
33 83 287 370 452
33 83 287 370 469
37 226 231 354 491
44 123 211 237 330
44 168 211 371 404
44 168 324 371 404
44 211 330 371 404
46 76 84 263 333
46 76 92 255 263
46 76 92 255 345
46 76 255 263 333
49 266 290 368 491
49 290 302 352 491
49 290 302 368 491
50 73 129 147 257
50 147 232 257 409
51 57 99 122 276
54 79 238 311 481
54 79 238 391 481
54 79 391 402 465
62 128 164 223 244
64 66 271 364 372
64 66 271 372 439
64 160 202 271 439
64 160 202 394 439
64 160 271 305 439
66 186 277 305 364
69 175 204 393 419
69 278 279 393 419
70 103 201 317 365
71 163 214 243 453
71 166 183 196 316
73 129 239 257 308
73 129 239 308 461
73 239 257 308 495
74 267 339 414 468
76 84 263 333 428
78 108 165 351 361
79 98 195 238 481
79 98 238 391 481
79 195 238 311 481
80 96 97 304 319
81 143 169 333 411
86 161 184 306 413
87 188 276 281 438
93 179 196 217 219
94 235 246 247 428
99 108 134 360 480
100 175 181 191 448
102 104 183 196 316
102 166 183 196 316
103 239 308 317 461
103 239 317 365 461
104 109 196 316 322
105 119 160 394 492
105 119 394 431 492
105 160 394 439 492
107 289 299 341 379
107 289 341 379 442
108 116 268 361 490
126 185 288 376 455
128 164 180 273 387
128 164 223 273 387
128 180 384 387 396
130 353 376 406 460
130 376 406 455 460
133 202 271 372 383
141 152 182 320 385
144 249 318 335 471
148 234 294 366 494
148 294 307 366 494
149 202 372 383 439
157 177 221 260 488
157 177 221 477 488
157 177 260 389 488
159 211 330 371 404
161 197 226 306 354
164 266 359 368 396
168 213 324 371 404
173 175 181 204 448
175 181 191 393 448
175 181 204 393 448
175 204 393 419 448
177 194 260 389 488
179 235 247 258 463
199 254 310 474 493
199 310 464 474 493
221 230 282 444 477
235 246 247 320 428
235 247 258 407 463
236 248 298 390 478
236 292 298 475 478
268 327 346 363 489
270 303 304 434 459
270 304 356 434 459
291 354 368 484 491
376 406 437 455 460
0 292 425 478
2 30 294 434
2 30 294 494
2 162 205 381
2 174 205 381
2 174 270 441
2 174 381 441
7 111 391 405
10 17 174 205
10 58 174 494
11 159 211 330
12 80 206 215
12 303 459 472
14 301 377 406
17 174 205 381
18 76 92 263
19 62 223 244
19 145 244 466
21 73 129 461
21 172 456 461
30 303 440 459
32 304 319 382
33 90 135 314
33 287 314 469
41 229 417 496
49 290 325 403
54 79 311 378
54 402 429 465
54 429 462 465
62 128 164 266
62 164 266 368
70 186 201 278
80 304 319 382
83 95 118 415
105 149 394 439
108 116 360 361
109 179 258 463
117 126 185 455
132 337 415 449
149 202 394 439
149 301 377 406
159 211 237 330
170 287 314 469
185 376 437 455
197 226 302 354
226 302 352 491
226 302 354 491
244 261 344 445
261 344 445 475
268 363 425 489
302 354 368 491
303 440 459 472
346 363 388 489
2 174 494
11 159 401
12 80 304
14 301 431
21 129 273
41 222 445
41 229 445
62 344 484
62 368 484
72 357 433
74 158 414
74 218 290
80 97 215
89 269 386
95 286 497
109 179 196
118 337 415
119 154 431
129 147 273
147 223 273
154 189 431
178 367 464
199 206 215
199 206 310
199 367 464
222 292 478
229 435 466
229 445 466
244 445 466
319 338 442
