5 7 17 33 37 42 54 55 63 64
5 7 33 37 38 42 54 55 63 64
5 7 33 37 38 42 54 55 64 65
0 12 14 27 32 36 39 45 57
1 11 16 25 35 48 49 52 60
1 15 20 21 31 35 44 59 61
1 15 21 24 31 35 44 59 61
1 16 17 25 33 42 49 60 63
1 16 17 25 48 49 52 60 63
1 16 25 35 48 49 52 60 63
5 17 33 37 42 43 54 55 63
16 17 25 33 37 42 49 54 63
16 17 25 33 42 49 54 60 63
1 10 19 20 21 31 58 68
1 11 15 21 24 35 59 61
1 11 15 21 35 59 60 61
1 15 20 21 31 35 58 68
1 15 20 21 35 59 60 61
4 15 18 31 34 41 53 56
4 15 18 31 34 44 53 56
5 7 8 37 38 55 64 65
5 33 37 42 43 54 55 65
10 19 20 21 31 41 58 68
15 18 20 21 31 41 53 68
15 18 20 21 31 44 59 61
15 18 20 31 41 53 56 68
15 18 21 24 31 44 59 61
15 18 24 31 44 59 61 67
15 18 31 34 41 53 56 68
15 20 21 31 41 53 58 68
15 20 31 41 53 56 58 68
15 31 34 41 53 56 58 68
16 17 25 30 48 49 52 63
16 17 25 49 52 54 60 63
19 20 21 31 41 53 58 68
19 20 31 41 53 56 58 68
1 11 21 35 48 49 60
2 5 17 37 43 54 63
2 16 17 25 37 54 63
3 23 26 29 40 50 69
5 7 8 37 47 55 65
5 7 37 47 54 55 65
5 37 43 47 54 55 65
11 35 36 48 49 52 60
11 36 39 45 48 52 57
11 36 45 48 49 52 60
15 18 20 21 31 44 53
15 18 20 31 44 53 56
0 9 24 36 59 61
0 9 24 59 61 67
0 9 27 36 39 57
0 11 24 36 59 61
0 11 24 59 61 67
0 11 36 39 45 57
1 20 21 35 49 60
2 16 17 25 30 63
3 13 26 28 40 50
3 13 26 29 40 50
5 8 47 55 62 65
7 10 33 38 42 64
9 24 44 59 61 67
11 15 24 59 61 67
11 24 35 36 59 61
11 35 36 59 60 61
12 14 23 32 45 57
12 23 26 29 45 57
12 23 29 32 45 57
13 16 25 30 40 52
13 16 30 40 50 52
13 26 28 30 40 50
13 26 29 30 40 50
16 25 30 40 48 52
23 26 29 40 45 50
23 26 29 40 45 57
0 9 36 39 61
0 11 36 39 61
2 13 16 25 30
6 13 28 51 66
7 10 19 38 64
10 19 38 58 64
10 19 58 64 68
12 14 22 27 32
13 28 30 50 51
40 45 48 52 57
1 10 33 42
2 13 28 30
2 13 28 66
40 45 50 52
2 43 46
2 46 66
6 46 66
