15 27 33 36 38 53 61 62
4 14 20 51 60 67 69
4 20 51 52 60 67 69
1 2 22 29 44 63
2 22 24 29 44 63
3 5 6 11 17 26
7 20 51 52 60 67
9 35 37 46 49 59
9 35 46 49 59 65
15 33 36 41 53 61
31 36 38 40 53 61
0 1 2 50 63
6 11 17 26 64
6 17 26 58 64
6 42 56 58 62
6 42 56 58 64
7 12 51 52 67
8 9 37 49 59
10 21 48 55 68
12 30 41 51 52
12 30 51 52 67
13 19 24 43 57
15 27 33 36 47
15 33 36 41 47
21 27 42 55 62
21 27 42 55 68
21 42 55 58 62
21 42 55 58 64
21 42 55 58 68
21 48 55 58 68
27 33 42 53 62
42 55 56 58 62
42 55 56 58 64
7 12 28 45
7 12 28 52
12 16 28 30
12 16 28 45
12 28 30 52
13 18 19 57
13 23 24 43
13 25 43 66
15 30 36 41
15 32 41 47
18 46 49 65
19 24 29 57
21 27 47 68
22 23 24 44
27 33 42 68
27 33 47 68
8 34 37
8 34 66
10 23 48
14 34 69
16 28 31
16 31 40
25 34 66
