3 5 6 11 17 26
9 35 37 46 49 59
15 27 33 36 38 53
1 2 22 29 44
2 22 24 29 44
8 9 37 49 59
12 30 41 51 52
13 19 24 43 57
15 27 33 36 47
15 33 36 41 47
15 33 36 41 53
31 36 38 40 53
0 1 2 50
4 14 20 51
4 20 51 52
6 17 26 58
6 42 56 58
7 12 28 45
7 12 28 52
7 12 51 52
7 20 51 52
10 21 48 55
12 16 28 30
12 16 28 45
12 28 30 52
13 18 19 57
13 23 24 43
15 30 36 41
15 32 41 47
19 24 29 57
21 27 42 55
21 42 55 58
21 48 55 58
22 23 24 44
27 33 42 53
42 55 56 58
8 34 37
10 23 48
13 25 43
16 28 31
16 31 40
18 46 49
21 27 47
