2 3 6 8 14 25 33 45 49 53
2 3 6 8 25 33 45 46 49 53
6 7 10 21 29 33 45 46 53 55
0 5 17 18 23 32 35 43 47
0 5 18 23 32 35 38 40 47
0 5 18 23 32 35 38 43 47
3 6 7 8 21 33 45 46 53
3 7 8 21 31 33 45 46 53
6 7 8 10 21 33 45 46 53
7 8 10 21 31 33 45 46 53
7 10 21 29 31 33 45 46 53
4 9 13 27 34 39 51 54
4 9 13 27 34 44 51 54
0 5 15 17 32 43 47
1 4 27 30 34 44 54
1 4 27 30 44 52 54
4 27 30 34 44 51 54
6 21 33 42 46 53 55
7 8 10 19 26 31 45
7 10 11 28 29 41 59
7 10 21 29 41 46 55
12 20 36 37 48 50 56
16 22 34 39 51 57 58
1 27 30 42 44 52
1 27 30 42 44 55
3 7 8 19 31 45
10 11 28 41 50 59
15 16 22 24 57 58
16 22 24 39 57 58
0 15 17 24 43
0 15 24 43 57
1 21 30 42 55
2 3 8 19 45
11 28 38 50 59
15 22 24 43 57
16 27 34 39 51
7 10 26 28
10 26 28 50
12 28 50 59
21 29 30 55
12 40 48
20 26 50
