4 14 20 51 60 67 69 74
4 20 51 52 60 67 69 74
15 27 33 36 38 53 61 62
1 2 22 29 44 63 71
2 22 24 29 44 63 71
3 5 6 11 17 26 73
12 30 41 51 52 76 79
6 11 17 26 64 73
7 20 51 52 60 67
9 35 37 46 49 59
9 35 46 49 59 65
9 35 46 49 65 78
12 16 28 30 76 79
12 28 30 52 76 79
15 33 36 41 53 61
15 36 41 53 61 76
31 36 38 40 53 61
31 36 40 53 61 76
0 1 2 50 63
6 17 26 58 64
6 42 56 58 62
6 42 56 58 64
7 12 28 45 79
7 12 28 52 79
7 12 51 52 67
7 12 51 52 79
8 9 37 49 59
10 21 48 55 68
12 16 28 45 79
12 30 51 52 67
13 18 19 57 78
13 19 24 43 57
13 19 43 57 78
13 25 43 66 78
15 27 33 36 47
15 27 33 47 77
15 30 36 41 76
15 32 41 47 77
15 33 36 41 47
15 33 41 47 77
16 28 31 76 79
18 46 49 65 78
21 27 42 55 62
21 27 42 55 68
21 42 55 58 62
21 42 55 58 64
21 42 55 58 68
21 48 55 58 68
22 23 24 44 71
22 23 44 71 72
27 33 42 53 62
27 33 47 68 77
42 55 56 58 62
42 55 56 58 64
7 28 45 75
10 23 48 72
13 23 24 43
14 34 69 74
16 31 40 76
19 24 29 57
21 27 47 68
27 33 42 68
8 34 37
8 34 66
14 32 74
25 34 66
39 54 70
39 54 72
44 54 72
48 54 72
