4 14 20 51 60 67 69 74
4 14 20 60 67 69 74 87
4 20 51 52 60 67 69 74
12 30 41 51 52 76 79 80
15 27 33 36 38 53 61 62
1 2 22 29 44 63 71
2 22 24 29 44 63 71
3 5 6 11 17 26 73
10 21 48 55 68 86 88
10 21 48 55 82 86 88
12 16 28 30 76 79 80
12 28 30 52 76 79 80
0 1 2 50 63 83
3 5 6 26 73 85
6 11 17 26 64 73
7 12 28 45 79 80
7 12 28 52 79 80
7 12 51 52 79 80
7 20 51 52 60 67
9 35 37 46 49 59
9 35 46 49 59 65
9 35 46 49 65 78
10 48 72 82 86 88
12 16 28 45 79 80
15 27 33 47 77 84
15 33 36 41 53 61
15 36 41 53 61 76
16 28 45 79 80 89
21 27 42 55 68 84
21 48 55 58 68 86
21 48 55 58 82 86
21 55 58 64 82 86
27 33 47 68 77 84
31 36 38 40 53 61
31 36 40 53 61 76
39 54 70 81 82 88
48 54 72 82 86 88
48 54 81 82 86 88
54 70 81 82 86 88
6 17 26 58 64
6 42 56 58 62
6 42 56 58 64
7 12 51 52 67
7 28 45 75 80
8 9 37 49 59
10 21 55 68 84
10 23 48 72 88
12 30 51 52 67
13 18 19 57 78
13 19 24 43 57
13 19 43 57 78
13 25 43 66 78
14 34 69 74 87
15 27 33 36 47
15 30 36 41 76
15 32 41 47 77
15 32 47 77 84
15 33 36 41 47
15 33 41 47 77
16 28 31 76 79
17 26 58 64 81
18 46 49 65 78
21 27 42 55 62
21 27 47 68 84
21 42 55 58 62
21 42 55 58 64
21 42 55 58 68
22 23 24 44 71
22 23 44 71 72
27 33 42 53 62
27 33 42 68 84
28 45 75 80 89
39 54 72 82 88
42 55 56 58 62
42 55 56 58 64
48 58 81 82 86
58 64 81 82 86
64 70 81 82 86
13 23 24 43
16 31 40 76
19 24 29 57
8 34 37
8 34 66
8 34 87
14 32 74
25 34 66
44 54 72
