0 5 17 18 23 32 35 43 47
0 5 18 23 32 35 38 40 47
0 5 18 23 32 35 38 43 47
2 3 6 8 14 25 33 45 49
2 3 6 8 25 33 45 46 49
3 6 7 8 21 33 45 46
3 7 8 21 31 33 45 46
6 7 8 10 21 33 45 46
6 7 10 21 29 33 45 46
7 8 10 21 31 33 45 46
7 10 21 29 31 33 45 46
0 5 15 17 32 43 47
7 8 10 19 26 31 45
1 4 27 30 34 44
3 7 8 19 31 45
4 9 13 27 34 39
4 9 13 27 34 44
7 10 11 28 29 41
7 10 21 29 41 46
0 15 17 24 43
1 27 30 42 44
2 3 8 19 45
6 21 33 42 46
12 20 36 37 48
1 21 30 42
7 10 26 28
15 16 22 24
15 22 24 43
16 22 24 39
16 22 34 39
16 27 34 39
11 28 38
12 40 48
21 29 30
