1 11 16 25 35 48 49 52 60 70 72 74
1 16 17 25 33 42 49 60 63 70 72 74
1 16 17 25 48 49 52 60 63 70 72 74
1 16 25 35 48 49 52 60 63 70 72 74
16 17 25 33 42 49 54 60 63 70 72 74
16 17 25 33 37 42 49 54 63 70 74
16 17 25 49 52 54 60 63 70 72 74
0 12 14 27 32 36 39 45 57 73
0 14 27 32 36 39 45 57 71 73
5 7 17 33 37 42 54 55 63 64
5 7 33 37 38 42 54 55 63 64
5 7 33 37 38 42 54 55 64 65
5 17 33 37 42 43 54 55 63 76
19 20 31 41 53 56 58 68 75 78
1 10 19 20 21 31 58 68 78
1 11 15 21 35 59 60 61 72
1 11 15 35 59 60 61 71 72
1 11 21 35 48 49 60 70 72
1 15 20 21 31 35 44 59 61
1 15 20 21 35 59 60 61 72
1 15 21 24 31 35 44 59 61
4 15 18 31 34 41 53 56 75
5 33 37 42 43 54 55 65 76
10 19 20 21 31 41 58 68 78
10 19 20 31 41 58 68 75 78
11 36 39 45 48 52 57 71 73
12 14 23 32 45 57 73 77 79
12 23 26 29 45 57 73 77 79
12 23 29 32 45 57 73 77 79
15 18 20 31 41 53 56 68 75
15 18 31 34 41 53 56 68 75
15 20 31 41 53 56 58 68 75
15 31 34 41 53 56 58 68 75
16 17 25 30 48 49 52 63 74
19 20 21 31 41 53 58 68 78
0 11 36 39 45 57 71 73
1 10 20 21 31 58 68 70
1 11 15 21 24 35 59 61
1 11 15 24 35 59 61 71
1 11 35 48 52 60 71 72
1 15 20 21 31 35 58 68
1 15 24 35 44 59 61 71
1 20 21 31 35 58 68 70
1 20 21 35 49 60 70 72
2 5 17 37 43 54 63 76
2 16 17 25 37 54 63 74
3 23 26 29 40 50 69 77
4 15 18 31 34 44 53 56
5 7 8 37 38 55 64 65
5 37 43 47 54 55 65 76
11 35 36 48 49 52 60 72
11 35 36 48 52 60 71 72
11 35 36 59 60 61 71 72
11 36 45 48 49 52 60 72
11 36 45 48 52 60 71 72
12 14 32 39 45 57 73 77
15 18 20 21 31 41 53 68
15 18 20 21 31 44 59 61
15 18 21 24 31 44 59 61
15 18 24 31 44 59 61 67
15 20 21 31 41 53 58 68
17 33 37 42 43 54 63 74
17 33 37 42 54 63 64 70
23 26 29 40 45 50 73 77
23 26 29 40 45 57 73 77
33 37 38 42 54 63 64 70
0 9 24 36 59 61 71
0 9 24 59 61 67 71
0 9 27 36 39 57 71
0 11 24 36 59 61 71
0 11 24 59 61 67 71
2 16 17 25 30 63 74
2 17 37 43 54 63 74
3 23 26 29 69 77 79
5 7 8 37 47 55 65
5 7 37 47 54 55 65
5 8 37 47 55 65 76
5 8 47 55 62 65 76
9 24 44 59 61 67 71
11 15 24 59 61 67 71
11 24 35 36 59 61 71
15 18 20 21 31 44 53
15 18 20 31 44 53 56
15 24 44 59 61 67 71
0 9 36 39 61 71
0 11 36 39 61 71
2 13 16 25 30 74
3 13 26 28 40 50
3 13 26 29 40 50
7 10 33 38 42 64
10 19 38 58 64 78
10 19 58 64 68 78
10 33 38 42 64 70
13 16 25 30 40 52
13 16 25 30 52 74
13 16 30 40 50 52
13 26 28 30 40 50
13 26 29 30 40 50
16 25 30 40 48 52
40 45 48 52 57 73
1 10 33 42 70
6 13 28 51 66
7 10 19 38 64
10 38 58 64 70
10 58 64 68 70
12 14 22 27 32
12 14 22 32 79
13 28 30 50 51
40 45 50 52 73
2 13 28 30
2 13 28 66
2 43 46 76
2 46 66
6 46 66
