0 12 14 27 32 36 39 45
1 11 16 25 35 48 49
1 15 20 21 31 35 44
1 15 21 24 31 35 44
1 16 17 25 33 42 49
16 17 25 33 37 42 49
1 10 19 20 21 31
1 11 15 21 24 35
1 11 21 35 48 49
1 16 17 25 48 49
4 15 18 31 34 41
4 15 18 31 34 44
5 7 17 33 37 42
5 7 33 37 38 42
5 17 33 37 42 43
10 19 20 21 31 41
15 18 20 21 31 41
15 18 20 21 31 44
15 18 21 24 31 44
16 17 25 30 48 49
0 9 27 36 39
0 11 36 39 45
1 20 21 35 49
2 5 17 37 43
2 13 16 25 30
2 16 17 25 30
2 16 17 25 37
3 13 26 28 40
3 13 26 29 40
3 23 26 29 40
5 7 8 37 38
5 7 8 37 47
7 10 33 38 42
11 35 36 48 49
11 36 39 45 48
11 36 45 48 49
12 14 22 27 32
12 14 23 32 45
12 23 26 29 45
12 23 29 32 45
13 16 25 30 40
13 26 28 30 40
13 26 29 30 40
16 25 30 40 48
23 26 29 40 45
0 9 24 36
0 11 24 36
1 10 33 42
2 13 28 30
5 37 43 47
7 10 19 38
11 24 35 36
2 43 46
6 13 28
9 24 44
40 45 48
