4 14 20 51 60 67 69 74 95
4 14 20 60 67 69 74 87 95
4 20 51 52 60 67 69 74 95
12 30 41 51 52 76 79 80 99
1 2 22 29 44 63 71 94
1 2 22 29 44 63 94 96
2 22 24 29 44 63 71 94
7 12 28 45 79 80 91 99
12 16 28 30 76 79 80 99
12 16 28 45 79 80 91 99
12 16 28 76 79 80 91 99
12 28 30 52 76 79 80 99
15 27 33 36 38 53 61 62
0 1 2 50 63 83 96
3 5 6 11 17 26 73
4 14 51 60 69 74 93
4 14 60 69 74 87 93
7 12 28 52 79 80 99
7 12 51 52 79 80 99
7 20 51 52 60 67 95
9 35 37 46 49 59 90
9 35 46 49 59 65 90
10 21 48 55 68 86 88
10 21 48 55 82 86 88
15 27 33 36 53 62 92
15 27 33 47 77 84 92
16 28 45 79 80 89 91
21 27 42 55 68 84 92
27 33 47 68 77 84 92
1 2 50 63 94 96
3 5 6 26 73 85
6 11 17 26 64 73
7 12 51 52 67 99
7 28 45 75 80 91
7 51 52 67 95 99
8 9 37 49 59 90
9 35 46 49 65 78
10 21 55 68 84 92
10 48 72 82 86 88
12 30 51 52 67 99
13 18 19 57 78 97
13 19 43 57 78 97
14 34 69 74 87 93
15 27 33 36 47 92
15 33 36 41 53 61
15 36 41 53 61 76
18 46 49 65 78 97
21 27 42 55 62 92
21 27 47 68 84 92
21 42 55 58 62 92
21 42 55 58 68 92
21 48 55 58 68 86
21 48 55 58 82 86
21 55 58 64 82 86
27 33 42 53 62 92
27 33 42 68 84 92
28 45 75 80 89 91
31 36 38 40 53 61
31 36 40 53 61 76
35 46 49 65 78 97
39 54 70 81 82 88
48 54 72 82 86 88
48 54 81 82 86 88
54 70 81 82 86 88
6 17 26 58 64
6 42 56 58 62
6 42 56 58 64
10 23 48 72 88
13 19 24 43 57
13 25 43 66 78
13 43 66 78 97
15 30 36 41 76
15 32 41 47 77
15 32 47 77 84
15 33 36 41 47
15 33 41 47 77
16 28 31 76 79
17 26 58 64 81
21 42 55 58 64
22 23 24 44 71
22 23 44 71 72
39 54 72 82 88
39 54 72 88 98
42 55 56 58 62
42 55 56 58 64
48 58 81 82 86
58 64 81 82 86
64 70 81 82 86
0 50 96 98
13 23 24 43
14 32 74 93
16 31 40 76
19 24 29 57
8 34 37
8 34 66
8 34 87
25 34 66
25 34 93
44 54 72
