0 12 14 27 32 36 39 45 57
1 11 16 25 35 48 49 52
1 15 20 21 31 35 44 59
1 15 21 24 31 35 44 59
4 15 18 31 34 41 53 56
4 15 18 31 34 44 53 56
5 7 17 33 37 42 54 55
5 7 33 37 38 42 54 55
5 17 33 37 42 43 54 55
16 17 25 33 37 42 49 54
1 10 19 20 21 31 58
1 11 15 21 24 35 59
1 15 20 21 31 35 58
1 16 17 25 33 42 49
1 16 17 25 48 49 52
10 19 20 21 31 41 58
11 36 39 45 48 52 57
15 18 20 21 31 41 53
15 18 20 21 31 44 53
15 18 20 21 31 44 59
15 18 20 31 41 53 56
15 18 20 31 44 53 56
15 18 21 24 31 44 59
15 20 21 31 41 53 58
15 20 31 41 53 56 58
15 31 34 41 53 56 58
16 17 25 30 48 49 52
19 20 21 31 41 53 58
19 20 31 41 53 56 58
0 9 27 36 39 57
0 11 36 39 45 57
1 11 21 35 48 49
2 5 17 37 43 54
2 16 17 25 37 54
3 13 26 28 40 50
3 13 26 29 40 50
3 23 26 29 40 50
5 7 8 37 38 55
5 7 8 37 47 55
5 7 37 47 54 55
5 37 43 47 54 55
11 35 36 48 49 52
11 36 45 48 49 52
12 14 23 32 45 57
12 23 26 29 45 57
12 23 29 32 45 57
13 16 25 30 40 52
13 16 30 40 50 52
13 26 28 30 40 50
13 26 29 30 40 50
16 17 25 49 52 54
16 25 30 40 48 52
23 26 29 40 45 50
23 26 29 40 45 57
0 9 24 36 59
0 11 24 36 59
1 20 21 35 49
2 13 16 25 30
2 16 17 25 30
7 10 33 38 42
11 24 35 36 59
12 14 22 27 32
13 28 30 50 51
40 45 48 52 57
1 10 33 42
2 13 28 30
6 13 28 51
7 10 19 38
9 24 44 59
10 19 38 58
40 45 50 52
2 43 46
