0 5 17 18 23 32 35 43 47 63 66
0 5 18 23 32 35 38 40 47 64 66
0 5 18 23 32 35 38 43 47 64 66
0 5 15 17 32 43 47 61 63 66
0 5 17 23 32 43 47 61 63 66
0 18 32 35 38 40 47 64 66 69
0 18 32 35 38 43 47 64 66 69
2 3 6 8 14 25 33 45 49 53
2 3 6 8 25 33 45 46 49 53
2 3 6 8 25 33 45 46 53 67
6 7 10 21 29 33 45 46 53 55
3 6 7 8 21 33 45 46 53
3 6 7 8 33 45 46 53 67
3 7 8 21 31 33 45 46 53
3 7 8 31 33 45 46 53 67
4 9 13 27 34 39 51 54 68
4 9 13 27 34 44 51 54 68
6 7 8 10 21 33 45 46 53
6 7 8 10 33 45 46 53 67
7 8 10 21 31 33 45 46 53
7 8 10 31 33 45 46 53 67
7 10 21 29 31 33 45 46 53
7 8 10 19 26 31 45 67
12 20 36 37 48 50 56 65
16 22 34 39 51 57 58 62
1 4 27 30 34 44 54
1 4 27 30 44 52 54
3 7 8 19 31 45 67
4 27 30 34 44 51 54
6 21 33 42 46 53 55
7 10 11 28 29 41 59
7 10 21 29 41 46 55
15 16 22 24 57 58 62
16 22 24 39 57 58 62
0 15 17 24 43 61
0 15 24 43 57 62
0 24 43 57 60 62
1 27 30 42 44 52
1 27 30 42 44 55
2 3 8 19 45 67
10 11 28 41 50 59
11 28 29 41 59 60
11 28 38 50 59 69
11 28 38 59 60 69
11 28 41 50 59 69
11 28 41 59 60 69
15 22 24 43 57 62
16 27 34 39 51 68
16 34 39 51 58 68
0 38 43 60 69
1 21 30 42 55
12 28 50 59 69
15 22 24 43 61
16 24 57 60 62
7 10 26 28
10 26 28 50
20 26 50 65
21 29 30 55
29 41 55 60
12 40 48
12 40 69
