1 11 16 25 35 48 49 52 60 70 72 74 86 97 103
16 17 25 33 42 49 54 60 63 70 72 74 83 86 89
16 17 25 48 49 52 60 63 70 72 74 86 89 103 109
1 16 17 25 33 42 49 60 63 70 72 74 83 86
1 16 17 25 48 49 52 60 63 70 72 74 86 103
1 16 25 35 48 49 52 60 63 70 72 74 86 103
16 17 25 30 48 49 52 63 74 86 89 102 103 109
16 17 25 33 37 42 49 54 63 70 74 83 86 89
16 17 25 48 49 52 63 72 74 86 89 102 103 109
16 17 25 49 52 54 60 63 70 72 74 83 86 89
16 17 25 49 52 54 60 63 70 72 74 86 89 109
0 12 14 27 32 36 39 45 57 73 85 90 105
0 12 14 27 32 39 45 57 73 85 90 92 105
0 14 27 32 36 39 45 57 71 73 85 90 105
1 11 21 35 48 49 60 70 72 86 97 101 103
1 11 35 48 49 52 60 70 72 86 97 101 103
1 16 17 25 49 52 60 63 70 72 74 83 86
1 16 25 35 49 52 60 63 70 72 74 83 86
1 17 33 42 49 60 63 70 72 74 83 86 95
12 14 23 32 45 57 73 77 79 85 87 90 92
16 25 30 48 49 52 74 86 89 96 102 103 109
16 25 48 49 52 60 70 72 74 86 97 103 109
17 33 42 49 54 60 63 70 72 74 83 86 95
19 20 31 41 53 56 58 68 75 78 80 81 84
1 10 19 20 21 31 58 68 78 80 81 84
1 10 19 20 21 58 68 78 83 84 91 95
4 15 18 31 34 41 53 56 75 80 81 100
5 7 17 33 37 42 54 55 63 64 83 95
5 7 33 37 38 42 54 55 63 64 83 95
7 17 33 37 42 54 55 63 64 83 91 95
7 33 37 38 42 54 55 63 64 83 91 95
10 19 20 21 31 41 58 68 78 80 81 84
10 19 20 21 31 41 58 68 78 81 84 104
10 19 20 21 58 68 78 83 84 91 95 104
10 19 20 31 41 58 68 75 78 80 81 84
10 19 20 31 41 58 68 75 78 81 84 104
11 35 36 48 49 52 60 72 86 97 101 103
11 36 39 45 48 52 57 71 73 97 101 103
11 36 45 48 49 52 60 72 86 97 101 103
12 23 26 29 45 57 73 77 79 85 87 90
12 23 29 32 45 57 73 77 79 85 87 90
15 18 31 34 41 53 56 68 75 80 81 100
15 20 31 41 53 56 58 68 75 80 81 84
16 25 48 49 52 72 74 86 97 102 103 109
17 33 37 42 49 54 63 70 74 83 86 95
19 20 21 31 41 53 58 68 78 80 81 84
1 10 20 21 58 68 70 83 84 91 95
1 11 35 48 52 60 71 72 97 101 103
1 15 20 21 31 35 44 59 61 80 81
1 15 20 21 31 35 58 68 80 81 84
1 17 33 42 60 63 70 74 83 91 95
1 20 21 35 49 60 70 72 83 86 95
1 20 21 35 58 68 70 83 84 91 95
1 35 49 60 63 70 72 74 83 86 95
3 23 26 29 40 50 69 77 87 96 108
4 15 18 31 34 44 53 56 80 81 100
5 17 33 37 42 43 54 55 63 76 99
10 19 38 58 64 78 83 84 91 95 104
10 19 58 64 68 78 83 84 91 95 104
10 20 21 58 68 70 83 84 91 95 104
11 35 36 48 52 60 71 72 97 101 103
11 36 45 48 52 60 71 72 97 101 103
12 14 32 39 45 57 73 77 85 90 92
15 18 20 31 41 53 56 68 75 80 81
15 20 21 31 41 53 58 68 80 81 84
15 31 34 41 53 56 58 68 75 80 81
16 25 30 40 48 52 89 96 102 103 109
17 33 37 42 54 63 64 70 83 91 95
17 33 37 42 54 63 70 74 83 91 95
17 33 42 54 60 63 70 74 83 91 95
23 26 29 40 45 57 73 77 85 87 90
33 37 38 42 54 63 64 70 83 91 95
0 9 27 36 39 57 71 93 101 105
0 11 36 39 45 57 71 73 97 101
0 11 36 39 45 57 71 73 101 105
0 11 36 39 45 57 71 93 97 101
0 11 36 39 45 57 71 93 101 105
0 27 36 39 45 57 71 73 101 105
0 27 36 39 45 57 71 93 101 105
0 36 39 45 57 71 73 85 90 97
1 11 15 21 35 59 60 61 72 101
1 11 15 35 59 60 61 71 72 101
1 11 21 35 59 60 61 72 97 101
1 11 35 59 60 61 71 72 97 101
1 15 21 24 31 35 44 59 61 80
2 16 17 25 30 63 74 89 102 109
5 7 33 37 38 42 54 55 64 65
5 8 37 47 55 65 76 82 99 107
5 17 33 37 42 43 54 55 63 83
5 33 37 42 43 54 55 65 76 99
7 10 19 38 64 83 84 91 95 104
7 10 33 38 42 64 83 91 95 104
7 10 33 38 64 83 84 91 95 104
7 33 37 38 42 64 83 91 95 104
9 24 44 59 61 67 71 93 94 101
10 33 38 42 64 70 83 91 95 104
10 33 38 64 70 83 84 91 95 104
10 38 58 64 70 83 84 91 95 104
10 58 64 68 70 83 84 91 95 104
11 35 36 59 60 61 71 72 97 101
13 16 25 30 40 52 89 96 102 109
13 16 25 30 52 74 89 96 102 109
15 18 20 21 31 41 53 68 80 81
15 18 20 21 31 44 59 61 80 81
15 18 21 24 31 44 59 61 80 94
15 18 24 31 44 59 61 67 80 94
15 18 24 31 44 59 67 80 94 100
15 24 44 59 61 67 71 93 94 101
17 33 37 42 43 54 63 74 83 89
23 26 29 40 45 50 73 77 87 96
26 29 40 45 50 73 77 87 96 102
33 37 38 42 64 70 83 91 95 104
0 9 24 36 59 61 71 93 101
0 9 24 59 61 67 71 93 101
0 11 24 36 59 61 71 93 101
0 11 24 59 61 67 71 93 101
0 11 36 39 61 71 93 97 101
0 11 36 59 61 71 93 97 101
1 10 20 21 31 58 68 70 84
1 11 15 21 24 35 59 61 101
1 11 15 24 35 59 61 71 101
1 15 20 21 35 59 60 61 72
1 15 21 24 35 44 59 61 101
1 15 24 35 44 59 61 71 101
1 20 21 31 35 58 68 70 84
1 20 21 35 60 70 83 91 95
1 35 60 63 70 74 83 91 95
2 5 17 37 43 54 63 76 99
2 13 16 25 30 74 89 102 109
2 16 17 25 37 54 63 74 89
2 16 17 25 54 63 74 89 109
3 13 26 29 40 50 87 96 108
3 23 26 29 69 77 79 87 108
5 7 8 37 38 55 64 65 107
5 8 47 55 62 65 76 82 107
5 37 43 47 54 55 65 76 99
5 37 43 47 55 65 76 82 99
10 20 21 31 58 68 70 84 104
11 15 24 59 61 67 71 93 101
12 14 22 27 32 85 90 92 105
13 16 30 40 50 52 96 102 109
13 26 28 30 40 50 96 102 109
13 26 29 30 40 50 87 96 102
15 18 20 21 31 44 53 80 81
15 18 20 31 44 53 56 80 81
16 25 40 48 52 97 102 103 109
17 33 37 42 43 54 63 89 99
45 48 49 52 72 86 97 102 103
0 9 36 39 61 71 93 101
1 10 33 42 70 83 91 95
1 10 33 70 83 84 91 95
2 17 37 43 54 63 74 89
2 17 37 43 54 63 89 99
3 13 26 28 40 50 96 108
4 15 18 31 44 80 94 100
5 7 8 37 47 55 65 107
11 24 35 36 59 61 71 101
12 14 22 32 79 85 90 92
13 28 30 40 89 96 102 109
15 18 31 44 59 80 81 100
15 21 24 44 59 61 94 101
23 26 29 40 69 77 85 87
23 26 29 69 77 79 85 87
40 45 48 52 57 73 97 103
40 45 48 52 73 96 102 103
40 45 48 52 73 97 102 103
45 48 49 52 86 96 102 103
2 13 28 30 89 102 109
2 13 28 30 89 106 109
5 7 37 47 54 55 65
6 13 28 51 66 88 106
13 28 30 50 51 96 102
40 45 50 52 73 96 102
40 45 57 73 85 90 97
2 13 28 66 88 106
6 28 51 66 88 98
2 43 46 76 99
2 43 46 99 106
2 43 89 99 106
2 46 66 88 106
6 46 66 88 106
13 28 30 51 106
