1 2 22 29 44 63 71 94 103 113 115
1 2 22 29 44 63 94 96 103 113 115
2 22 24 29 44 63 71 94 103 113 115
7 12 28 45 79 80 91 99 114 119
12 30 41 51 52 76 79 80 99 114
12 30 41 51 52 79 80 99 114 119
3 5 6 11 17 26 73 101 106
4 14 20 51 60 67 69 74 95
4 14 20 60 67 69 74 87 95
4 20 51 52 60 67 69 74 95
7 12 28 52 79 80 99 114 119
7 12 51 52 79 80 99 114 119
12 16 28 30 76 79 80 99 114
12 16 28 45 79 80 91 99 114
12 16 28 76 79 80 91 99 114
12 28 30 52 76 79 80 99 114
12 28 30 52 79 80 99 114 119
27 33 47 68 77 84 92 107 111
3 5 6 26 73 85 101 106
4 20 51 52 60 67 95 119
7 12 51 52 67 99 114 119
7 20 51 52 60 67 95 119
10 21 55 68 84 92 111 117
12 30 41 51 52 99 100 114
12 30 51 52 67 99 114 119
15 27 33 36 38 53 61 62
15 27 33 47 77 84 92 107
21 27 42 55 68 84 92 111
0 1 2 50 63 83 96
1 2 50 63 94 96 113
4 14 51 60 69 74 93
4 14 60 69 74 87 93
7 51 52 67 95 99 119
9 35 37 46 49 59 90
9 35 46 49 59 65 90
10 21 48 55 68 86 88
10 21 48 55 68 88 117
10 21 48 55 68 111 117
10 21 48 55 82 86 88
13 25 43 66 78 105 109
13 25 43 66 105 109 118
15 27 33 36 53 62 92
16 28 45 79 80 89 91
18 46 49 65 78 97 112
21 27 42 55 62 92 111
21 27 47 68 84 92 111
21 42 55 58 62 92 111
21 42 55 58 68 92 111
27 33 42 68 84 92 111
35 46 49 65 78 97 112
39 54 70 81 82 88 116
39 70 81 82 104 108 116
54 70 81 82 86 88 116
70 81 82 86 104 108 116
6 11 17 26 64 73
7 28 45 75 80 91
8 9 37 49 59 90
9 35 46 49 65 78
10 23 48 72 88 117
10 48 72 82 86 88
13 18 19 57 78 97
13 18 19 78 97 105
13 19 43 57 78 97
13 19 43 78 97 105
13 43 66 78 97 105
14 34 69 74 87 93
14 34 69 74 87 110
15 27 33 36 47 92
15 30 36 41 76 114
15 32 41 47 77 100
15 32 47 77 84 107
15 32 47 77 100 107
15 33 36 41 53 61
15 36 41 53 61 76
18 19 57 78 97 112
18 19 78 97 105 112
18 65 78 97 105 112
19 24 29 57 103 115
21 48 55 58 68 86
21 48 55 58 68 111
21 48 55 58 82 86
21 55 58 64 82 86
24 29 57 103 113 115
27 33 42 53 62 92
27 33 42 62 92 111
28 45 75 80 89 91
31 36 38 40 53 61
31 36 40 53 61 76
42 55 56 58 62 111
48 54 72 82 86 88
48 54 81 82 86 88
64 70 81 82 86 104
68 84 92 107 111 117
6 17 26 58 64
6 42 56 58 62
6 42 56 58 64
6 42 56 62 102
8 9 37 90 110
10 68 84 117 118
13 19 24 43 57
13 23 24 43 118
14 32 74 93 100
14 51 74 93 100
15 30 41 100 114
15 33 36 41 47
15 33 41 47 77
16 28 31 76 79
17 26 58 64 81
21 42 55 58 64
22 23 24 44 71
22 23 44 71 72
25 34 66 105 109
39 54 72 82 88
39 54 72 88 98
39 54 88 98 116
42 55 56 58 64
48 58 81 82 86
58 64 81 82 86
68 77 84 107 118
68 84 107 117 118
0 50 96 98
8 34 37 110
8 34 66 110
8 34 87 110
10 23 117 118
16 31 40 76
17 64 81 104
25 34 93 109
32 93 100 107
51 52 74 100
6 101 102
32 93 109
38 62 102
44 54 72
