0 5 15 17 32 43 47 61 63 66 72 77
0 5 17 18 23 32 35 43 47 63 66 77
0 5 17 23 32 35 43 47 63 66 72 77
0 5 17 23 32 43 47 61 63 66 72 77
2 3 6 8 14 25 33 45 49 53 81 88
2 3 6 8 25 33 45 46 49 53 81 88
2 3 6 8 25 33 45 46 53 67 81 88
4 9 13 27 34 39 51 54 68 76 79 86
4 9 13 27 34 44 51 54 68 76 79 86
0 5 18 23 32 35 38 40 47 64 66
0 5 18 23 32 35 38 43 47 64 66
0 5 18 23 32 35 38 43 47 66 77
0 18 23 32 35 38 40 47 64 66 80
0 18 23 32 35 38 43 47 64 66 80
0 18 23 32 35 38 43 47 66 77 80
0 18 32 35 38 40 47 64 66 69 80
0 18 32 35 38 43 47 64 66 69 80
0 18 32 35 38 43 47 66 69 77 80
3 6 7 8 33 45 46 53 67 74 81
3 6 8 33 45 46 53 67 74 81 88
3 7 8 31 33 45 46 53 67 74 81
3 8 31 33 45 46 53 67 74 81 88
6 7 10 21 29 33 45 46 53 55 74
6 7 10 21 29 33 45 46 55 74 89
0 18 32 35 38 40 64 69 75 80
3 6 7 8 21 33 45 46 53 74
3 7 8 19 31 45 67 71 74 81
3 7 8 21 31 33 45 46 53 74
4 13 27 34 44 51 54 79 82 86
4 27 30 34 44 51 54 79 82 86
6 7 8 10 21 33 45 46 53 74
6 7 8 10 33 45 46 53 67 74
7 8 10 19 26 31 45 67 71 74
7 8 10 21 31 33 45 46 53 74
7 8 10 31 33 45 46 53 67 74
7 10 11 28 29 41 59 74 83 89
7 10 21 29 31 33 45 46 53 74
16 22 34 39 51 57 58 62 78 86
16 34 39 51 57 58 62 78 79 86
16 34 39 51 58 68 76 78 79 86
18 32 35 38 40 64 69 75 80 84
18 35 38 40 64 69 70 75 80 84
1 4 27 30 34 44 54 79 82
3 8 19 31 45 67 74 81 88
7 10 21 29 41 46 55 74 89
7 10 21 29 41 55 74 83 89
11 28 38 50 59 69 75 80 85
11 28 38 50 59 69 80 83 85
11 28 41 50 59 69 80 83 85
12 20 36 37 48 50 56 65 87
12 20 37 48 50 56 65 85 87
12 37 48 50 56 70 75 84 85
16 27 34 39 51 68 76 79 86
0 15 17 24 43 61 72 77
0 15 24 43 57 62 72 77
1 4 27 30 44 52 54 82
2 3 8 19 45 67 81 88
10 11 28 41 50 59 83 85
11 28 29 41 59 60 83 89
11 28 38 59 60 69 80 83
11 28 41 59 60 69 80 83
12 37 48 50 56 75 85 87
15 16 22 24 57 58 62 78
15 17 24 43 61 72 73 77
15 17 43 61 63 72 73 77
15 22 24 43 57 62 72 77
15 22 24 43 61 72 73 77
15 22 24 43 62 72 73 77
15 22 24 57 62 72 77 78
16 22 24 39 57 58 62 78
38 50 69 70 75 80 84 85
0 24 43 57 60 62 77
0 38 43 60 69 77 80
1 27 30 42 44 52 82
1 27 30 42 44 55 82
1 27 30 44 55 79 82
6 21 33 42 46 53 55
6 21 33 42 46 55 89
10 11 28 50 59 85 87
11 28 50 59 75 85 87
12 28 50 59 69 75 85
12 28 50 59 75 85 87
12 50 69 70 75 84 85
1 21 30 42 55 89
1 27 30 42 55 89
1 27 30 55 79 89
7 10 11 28 59 87
7 10 26 31 71 87
12 40 48 70 75 84
12 40 69 70 75 84
15 22 24 58 62 73
16 24 57 60 62 78
16 57 60 62 78 79
24 57 60 62 77 78
29 41 55 60 83 89
38 60 69 77 80 83
7 10 26 28 74
7 10 26 28 87
10 26 28 50 87
20 26 50 65 87
21 29 30 55 89
55 60 79 89
57 60 77 83
