2 3 6 8 14 25 33 45 49 53 81 88 97 109 111 116
2 3 6 8 25 33 45 46 49 53 81 88 97 109 111 116
2 3 6 8 25 33 45 46 53 67 81 88 97 109 111 116
3 6 7 8 33 45 46 53 67 74 81 91 97 109 116
3 6 8 33 45 46 53 67 74 81 88 91 97 109 116
3 7 8 31 33 45 46 53 67 74 81 91 97 109 116
3 8 31 33 45 46 53 67 74 81 88 91 97 109 116
4 9 13 27 34 39 51 54 68 76 79 86 105 118 119
0 5 17 18 23 32 35 43 47 63 66 77 99 115
0 5 17 23 32 35 43 47 63 66 72 77 99 115
0 5 17 23 32 43 47 61 63 66 72 77 99 115
4 9 13 27 34 44 51 54 68 76 79 86 105 118
0 5 15 17 32 43 47 61 63 66 72 77 99
0 5 18 23 32 35 38 40 47 64 66 90 115
0 5 18 23 32 35 38 43 47 64 66 90 115
0 5 18 23 32 35 38 43 47 66 77 90 115
0 5 18 23 32 35 38 43 47 66 77 99 115
1 27 30 42 44 55 82 96 101 107 112 114 118
1 27 30 44 55 79 82 96 101 104 107 112 118
1 27 30 55 79 82 96 101 104 107 110 112 118
1 27 30 55 79 89 96 101 104 107 110 112 118
3 6 7 8 21 33 45 46 53 74 91 109 116
3 7 8 19 31 45 67 71 74 81 91 97 109
3 7 8 19 31 45 67 74 81 91 97 109 116
3 7 8 21 31 33 45 46 53 74 91 109 116
3 8 19 31 45 67 74 81 88 91 97 109 116
6 7 10 21 29 33 45 46 53 74 91 101 109
6 7 10 21 29 33 45 46 55 74 89 101 117
6 7 10 21 29 33 45 46 74 89 91 101 117
6 7 10 21 29 33 45 46 74 91 101 109 117
6 7 10 21 29 33 46 55 74 89 101 110 117
7 8 10 19 26 31 45 67 71 74 91 109 117
7 10 11 28 29 41 59 74 83 89 98 102 117
7 10 11 28 29 41 74 83 89 98 102 110 117
7 10 21 29 41 46 55 74 89 98 101 110 117
7 10 21 29 41 55 74 83 89 98 101 110 117
12 20 36 37 48 50 56 65 87 92 93 95 106
12 20 37 48 50 56 65 85 87 92 93 95 106
12 37 48 50 56 70 75 84 85 93 95 106 113
12 37 48 50 56 70 84 85 92 93 95 106 113
12 37 48 50 70 75 84 85 93 94 95 106 113
16 22 34 39 51 57 58 62 78 86 103 104 119
16 27 34 39 51 68 76 79 86 104 105 118 119
16 34 39 51 57 58 62 78 79 86 103 104 119
16 34 39 51 58 68 76 78 79 86 103 104 119
0 18 23 32 35 38 40 47 64 66 80 90
0 18 23 32 35 38 43 47 64 66 80 90
0 18 23 32 35 38 43 47 66 77 80 90
0 18 23 32 35 38 43 47 66 77 80 99
0 18 32 35 38 40 47 64 66 69 80 90
0 18 32 35 38 40 64 66 69 80 90 94
0 18 32 35 38 40 64 69 75 80 90 94
0 18 32 35 38 43 47 64 66 69 80 90
0 18 32 35 38 43 47 66 69 77 80 90
1 4 27 30 44 52 54 82 105 112 114 118
1 27 30 34 44 79 82 96 104 105 107 118
1 27 30 42 44 52 82 96 107 112 114 118
1 27 30 42 55 82 96 101 107 110 112 118
1 27 30 42 55 89 96 101 107 110 112 118
1 27 30 44 52 82 96 105 107 112 114 118
1 27 30 44 79 82 96 104 105 107 112 118
1 30 42 44 55 82 96 100 101 107 112 114
4 13 27 34 44 51 54 79 82 86 105 118
4 27 30 34 44 51 54 79 82 86 105 118
6 7 8 10 21 33 45 46 53 74 91 109
6 7 8 10 21 33 45 46 74 91 109 117
6 7 8 10 33 45 46 53 67 74 91 109
6 7 8 10 33 45 46 67 74 91 109 117
6 7 10 21 29 33 45 46 53 55 74 101
7 8 10 21 31 33 45 46 53 74 91 109
7 8 10 21 31 33 45 46 74 91 109 117
7 8 10 31 33 45 46 53 67 74 91 109
7 8 10 31 33 45 46 67 74 91 109 117
7 8 19 26 31 45 67 71 74 91 97 109
7 10 21 29 31 33 45 46 53 74 91 109
7 10 21 29 31 33 45 46 74 91 109 117
7 10 21 29 41 46 74 89 91 98 101 117
7 10 21 29 41 74 83 89 98 102 110 117
7 10 21 29 45 46 55 74 89 98 101 117
7 10 21 29 45 46 74 89 91 98 101 117
11 28 38 50 59 69 75 80 85 90 94 102
11 28 38 50 59 69 80 83 85 90 94 102
18 32 35 38 40 64 69 75 80 84 90 94
18 35 38 40 64 69 70 75 80 84 90 94
18 38 40 64 69 70 75 80 84 90 94 113
27 30 34 44 51 79 82 86 96 104 105 118
1 4 27 30 34 44 54 79 82 105 118
1 4 27 30 44 54 79 82 105 112 118
1 21 30 42 55 89 96 100 101 107 110
1 30 42 44 52 82 96 100 107 112 114
1 30 42 55 82 96 100 101 107 110 112
1 30 42 55 89 96 100 101 107 110 112
2 3 8 19 45 67 81 88 97 109 116
6 21 29 33 46 55 74 89 101 107 110
6 21 33 42 46 55 89 100 101 107 110
7 10 21 29 41 74 89 91 98 102 117
7 10 28 29 41 74 89 91 98 102 117
9 13 34 39 51 68 76 79 86 103 119
10 11 28 41 50 59 83 85 98 102 117
11 28 41 50 59 69 80 83 85 98 102
12 36 37 48 50 56 92 93 95 106 113
12 37 48 50 56 75 85 87 93 95 106
12 50 69 70 75 84 85 90 94 95 113
16 22 24 39 57 58 62 78 103 104 119
21 29 41 46 55 74 89 98 101 107 110
21 29 41 55 74 83 89 98 101 107 110
27 34 44 51 68 76 79 86 104 105 118
38 50 69 70 75 80 84 85 90 94 113
0 15 17 24 43 61 72 77 99 108
0 15 17 43 61 66 72 77 99 108
0 15 24 43 57 62 72 77 99 108
11 28 29 41 59 60 83 89 98 102
11 28 29 41 60 83 89 98 102 110
11 28 38 59 60 69 80 83 90 102
11 28 41 59 60 69 80 83 98 102
12 40 48 70 75 84 94 95 106 113
12 40 69 70 75 84 90 94 95 113
15 16 22 24 57 58 62 78 103 108
15 17 24 43 61 72 73 77 99 108
15 22 24 43 57 62 72 77 99 108
15 22 24 43 61 72 73 77 99 108
15 22 24 43 62 72 73 77 99 108
15 22 24 57 62 72 77 78 99 108
16 22 24 57 58 62 78 103 108 119
16 27 34 51 79 86 96 104 105 118
21 29 41 46 55 89 96 101 107 110
21 42 46 55 89 96 100 101 107 110
0 24 43 57 60 62 77 99 108
6 21 33 42 46 53 55 100 101
10 11 28 50 59 85 87 102 117
12 28 50 59 69 75 85 90 94
15 16 22 24 57 62 78 99 108
15 17 43 61 63 72 73 77 99
21 29 30 55 89 96 101 107 110
29 41 55 60 83 89 98 107 110
0 38 43 60 69 77 80 90
7 10 11 28 59 87 102 117
7 10 26 31 71 87 91 117
11 28 50 59 75 85 87 102
16 24 57 60 62 78 99 108
24 57 60 62 77 78 99 108
29 41 55 60 89 96 107 110
55 60 79 89 96 104 107 110
0 38 43 60 77 80 99
7 10 26 28 74 91 117
7 10 26 28 87 91 117
7 10 28 87 91 102 117
12 28 50 59 75 85 87
15 22 24 58 62 73 108
16 24 57 60 62 78 104
16 57 60 62 78 79 104
38 60 69 77 80 83 90
55 60 83 89 104 107 110
55 83 89 101 104 107 110
6 33 46 49 53 100
10 26 28 50 87 117
16 60 79 96 104
20 26 50 65 87
57 60 77 83
57 60 83 104
