16 17 18 19 20 21 22 23 24 25 26 27 28 29 30 31 39 40 42 45 53 54 55 62 63 64 72 73 74 75 76 77 78 79 89 94 101 104 107 108 208 237 333 383 392 396 399 400 401 403 404 424 427 430
16 17 18 19 20 21 22 23 24 25 26 27 28 29 30 31 39 40 42 45 53 54 55 62 63 64 72 73 74 75 76 77 78 79 89 94 101 104 107 108 208 237 333 383 392 396 399 400 401 403 404 424 427 431
16 17 18 19 20 21 22 23 24 25 26 27 28 29 30 31 39 40 42 45 53 54 55 62 63 64 72 73 74 75 76 77 78 79 89 94 101 104 107 108 208 237 333 383 392 396 399 400 401 403 404 424 427 434
16 17 18 19 20 21 22 23 24 25 26 27 28 29 30 31 39 40 42 45 53 54 55 62 64 72 73 74 75 76 77 78 79 89 94 101 104 107 108 208 237 333 383 392 396 399 400 401 403 404 406 417 419
16 17 18 19 20 21 22 23 24 25 26 27 28 29 30 31 39 40 49 53 70 71 72 73 74 75 76 77 78 79 89 94 101 107 108 208 237 538 540 541 542 543 544 545 546 568 571 572 573 574 575 576 623
16 17 18 19 20 21 22 23 24 25 26 27 28 29 30 31 39 40 42 45 53 54 55 62 64 72 73 74 75 76 77 78 79 89 94 101 104 107 108 208 237 333 383 392 396 399 400 401 403 404 406 408
16 17 18 19 20 21 22 23 24 25 26 27 28 29 30 31 39 40 42 45 53 54 55 62 64 72 73 74 75 76 77 78 79 89 94 101 104 107 108 208 237 333 383 392 396 399 400 401 403 404 406 420
16 17 18 19 20 21 22 23 24 25 26 27 28 29 30 31 39 40 42 45 53 54 55 62 64 72 73 74 75 76 77 78 79 89 94 101 104 107 108 208 237 333 383 392 396 399 400 401 403 404 420 421
16 17 18 19 20 21 22 23 24 25 26 27 28 29 30 31 39 53 54 55 56 57 58 72 73 74 75 76 77 78 79 89 94 101 104 107 108 208 237 241 250 252 253 254 255 256 257 308 311 312 313 317
16 17 18 19 20 21 22 23 24 25 26 27 28 29 30 31 39 40 42 45 53 54 55 62 64 72 73 74 75 76 77 78 79 89 94 101 104 107 108 208 237 333 383 392 396 399 400 401 403 404 422
16 17 18 19 20 21 22 23 24 25 26 27 28 29 30 31 39 40 49 53 70 72 73 74 75 76 77 78 79 89 94 101 107 108 208 237 538 540 541 542 543 544 545 546 548 568 571 572 573 574 575
16 17 18 19 20 21 22 23 24 25 26 27 28 29 30 31 39 40 53 67 68 69 72 73 74 75 76 77 78 79 89 94 101 107 108 208 237 333 625 626 669 671 672 673 674 675 699 702 703 704 715
16 17 18 19 20 21 22 23 24 25 26 27 28 29 30 31 39 53 54 55 56 57 72 73 74 75 76 77 78 79 89 94 101 104 107 108 208 237 241 250 252 253 254 255 256 257 260 261 301 303
16 17 18 19 20 21 22 23 24 25 26 27 28 29 30 31 39 53 54 55 56 57 72 73 74 75 76 77 78 79 89 94 101 104 107 108 208 237 241 250 252 253 254 255 256 257 260 308 311 312
16 17 18 19 20 21 22 23 24 25 26 27 28 29 30 31 39 40 42 45 53 54 55 62 64 72 73 74 75 76 77 78 79 89 94 101 104 107 108 208 237 333 383 392 396 399 400 401 413
16 17 18 19 20 21 22 23 24 25 26 27 28 29 30 31 39 40 53 67 68 72 73 74 75 76 77 78 79 89 94 101 107 108 208 237 333 625 626 669 671 672 673 674 675 678 681 692 694
16 17 18 19 20 21 22 23 24 25 26 27 28 29 30 31 39 40 53 67 68 72 73 74 75 76 77 78 79 89 94 101 107 108 208 237 333 625 626 669 671 672 673 674 675 678 699 702 703
16 17 18 19 20 21 22 23 24 25 26 27 28 29 30 31 39 50 53 54 55 59 60 72 73 74 75 76 77 78 79 89 94 101 104 107 108 208 237 241 822 824 825 826 828 848 851 852 863
16 17 18 19 20 21 22 23 24 25 26 27 28 29 30 31 39 53 54 55 56 57 72 73 74 75 76 77 78 79 89 94 101 104 107 108 208 237 241 250 252 253 254 255 256 257 260 261 284
16 17 18 19 20 21 22 23 24 25 26 27 28 29 30 31 39 53 54 55 56 57 72 73 74 75 76 77 78 79 89 94 101 104 107 108 208 237 241 250 252 253 254 255 256 257 260 261 291
16 17 18 19 20 21 22 23 24 25 26 27 28 29 30 31 39 53 54 55 56 57 72 73 74 75 76 77 78 79 89 94 101 104 107 108 208 237 241 250 252 253 254 255 256 257 260 261 304
16 17 18 19 20 21 22 23 24 25 26 27 28 29 30 31 39 53 54 55 56 57 72 73 74 75 76 77 78 79 89 94 101 104 107 108 208 237 241 250 252 253 254 255 256 257 260 304 305
16 17 18 19 20 21 22 23 24 25 26 27 28 29 30 31 39 40 49 53 70 72 73 74 75 76 77 78 79 89 94 101 107 108 208 237 538 540 541 542 543 544 545 546 548 549 561 563
16 17 18 19 20 21 22 23 24 25 26 27 28 29 30 31 39 40 53 67 68 72 73 74 75 76 77 78 79 89 94 101 107 108 208 237 333 625 626 669 671 672 673 674 675 678 681 683
16 17 18 19 20 21 22 23 24 25 26 27 28 29 30 31 39 40 53 67 68 72 73 74 75 76 77 78 79 89 94 101 107 108 208 237 333 625 626 669 671 672 673 674 675 678 681 695
16 17 18 19 20 21 22 23 24 25 26 27 28 29 30 31 39 40 53 67 68 72 73 74 75 76 77 78 79 89 94 101 107 108 208 237 333 625 626 669 671 672 673 674 675 678 695 696
16 17 18 19 20 21 22 23 24 25 26 27 28 29 30 31 39 53 54 55 56 57 72 73 74 75 76 77 78 79 89 94 101 104 107 108 208 237 241 250 252 253 254 255 256 257 260 306
16 17 18 19 20 21 22 23 24 25 26 27 28 29 30 31 39 40 49 53 70 72 73 74 75 76 77 78 79 89 94 101 107 108 208 237 538 540 541 542 543 544 545 546 548 549 551
16 17 18 19 20 21 22 23 24 25 26 27 28 29 30 31 39 40 49 53 70 72 73 74 75 76 77 78 79 89 94 101 107 108 208 237 538 540 541 542 543 544 545 546 548 549 564
16 17 18 19 20 21 22 23 24 25 26 27 28 29 30 31 39 40 49 53 70 72 73 74 75 76 77 78 79 89 94 101 107 108 208 237 538 540 541 542 543 544 545 546 548 564 565
16 17 18 19 20 21 22 23 24 25 26 27 28 29 30 31 39 40 53 67 68 72 73 74 75 76 77 78 79 89 94 101 107 108 208 237 333 625 626 669 671 672 673 674 675 678 697
16 17 18 19 20 21 22 23 24 25 26 27 28 29 30 31 39 50 53 54 55 59 72 73 74 75 76 77 78 79 89 94 101 104 107 108 208 237 241 822 824 825 826 828 829 841 843
16 17 18 19 20 21 22 23 24 25 26 27 28 29 30 31 39 53 54 55 56 57 72 73 74 75 76 77 78 79 89 94 101 104 107 108 208 237 241 250 252 253 254 255 256 257 296
16 17 18 19 20 21 22 23 24 25 26 27 28 29 30 31 39 40 41 42 43 53 64 72 73 74 75 76 77 78 79 89 94 101 107 108 208 237 333 383 717 723 765 771 774 776
16 17 18 19 20 21 22 23 24 25 26 27 28 29 30 31 39 40 41 42 43 53 64 72 73 74 75 76 77 78 79 89 94 101 107 108 208 237 333 383 717 765 771 779 781 783
16 17 18 19 20 21 22 23 24 25 26 27 28 29 30 31 39 40 41 42 53 64 65 72 73 74 75 76 77 78 79 89 94 101 107 108 208 237 333 383 717 723 725 750 755 760
16 17 18 19 20 21 22 23 24 25 26 27 28 29 30 31 39 40 49 53 70 72 73 74 75 76 77 78 79 89 94 101 107 108 208 237 538 540 541 542 543 544 545 546 548 566
16 17 18 19 20 21 22 23 24 25 26 27 28 29 30 31 39 40 53 67 68 72 73 74 75 76 77 78 79 89 94 101 107 108 208 237 333 625 626 669 671 672 673 674 675 688
16 17 18 19 20 21 22 23 24 25 26 27 28 29 30 31 39 50 53 54 55 59 72 73 74 75 76 77 78 79 89 94 101 104 107 108 208 237 241 822 824 825 826 828 829 831
16 17 18 19 20 21 22 23 24 25 26 27 28 29 30 31 39 50 53 54 55 59 72 73 74 75 76 77 78 79 89 94 101 104 107 108 208 237 241 822 824 825 826 828 829 844
16 17 18 19 20 21 22 23 24 25 26 27 28 29 30 31 39 50 53 54 55 59 72 73 74 75 76 77 78 79 89 94 101 104 107 108 208 237 241 822 824 825 826 828 844 845
16 17 18 19 20 21 22 23 24 25 26 27 28 29 30 31 39 40 41 42 43 53 64 72 73 74 75 76 77 78 79 89 94 101 107 108 208 237 333 383 717 723 765 771 777
16 17 18 19 20 21 22 23 24 25 26 27 28 29 30 31 39 40 41 42 43 53 64 72 73 74 75 76 77 78 79 89 94 101 107 108 208 237 333 383 717 765 771 777 778
16 17 18 19 20 21 22 23 24 25 26 27 28 29 30 31 39 40 41 42 43 53 64 72 73 74 75 76 77 78 79 89 94 101 107 108 208 237 333 383 717 765 771 779 784
16 17 18 19 20 21 22 23 24 25 26 27 28 29 30 31 39 40 41 42 43 53 64 72 73 74 75 76 77 78 79 89 94 101 107 108 208 237 333 383 717 771 779 784 785
16 17 18 19 20 21 22 23 24 25 26 27 28 29 30 31 39 40 41 42 44 53 64 72 73 74 75 76 77 78 79 89 94 101 107 108 208 237 333 383 717 723 725 742 744
16 17 18 19 20 21 22 23 24 25 26 27 28 29 30 31 39 40 49 53 70 72 73 74 75 76 77 78 79 89 94 101 107 108 208 237 538 540 541 542 543 544 545 546 556
16 17 18 19 20 21 22 23 24 25 26 27 28 29 30 31 39 50 53 54 55 59 72 73 74 75 76 77 78 79 89 94 101 104 107 108 208 237 241 822 824 825 826 828 846
16 17 18 19 20 21 22 23 24 25 26 27 28 29 30 31 39 40 41 42 43 53 64 66 72 73 74 75 76 77 78 79 89 94 101 107 108 208 237 333 383 771 788 789
16 17 18 19 20 21 22 23 24 25 26 27 28 29 30 31 39 40 41 42 43 53 64 66 72 73 74 75 76 77 78 79 89 94 101 107 108 208 237 333 383 771 789 793
16 17 18 19 20 21 22 23 24 25 26 27 28 29 30 31 39 40 41 42 43 53 64 72 73 74 75 76 77 78 79 89 94 101 107 108 208 237 333 383 717 771 779 786
16 17 18 19 20 21 22 23 24 25 26 27 28 29 30 31 39 40 41 42 43 53 64 72 73 74 75 76 77 78 79 89 94 101 107 108 208 237 333 383 771 779 786 788
16 17 18 19 20 21 22 23 24 25 26 27 28 29 30 31 39 40 41 42 43 53 64 72 73 74 75 76 77 78 79 89 94 101 107 108 208 237 333 383 771 786 788 789
16 17 18 19 20 21 22 23 24 25 26 27 28 29 30 31 39 40 41 42 44 53 64 72 73 74 75 76 77 78 79 89 94 101 107 108 208 237 333 383 717 723 725 745
16 17 18 19 20 21 22 23 24 25 26 27 28 29 30 31 39 40 41 42 53 64 72 73 74 75 76 77 78 79 89 94 101 107 108 208 237 333 383 717 723 725 745 746
16 17 18 19 20 21 22 23 24 25 26 27 28 29 30 31 39 40 41 42 53 64 72 73 74 75 76 77 78 79 89 94 101 107 108 208 237 333 383 717 723 725 747 749
16 17 18 19 20 21 22 23 24 25 26 27 28 29 30 31 39 40 41 42 53 64 72 73 74 75 76 77 78 79 89 94 101 107 108 208 237 333 383 717 723 725 749 750
16 17 18 19 20 21 22 23 24 25 26 27 28 29 30 31 39 40 41 42 53 64 72 73 74 75 76 77 78 79 89 94 101 107 108 208 237 333 383 717 723 725 750 753
16 17 18 19 20 21 22 23 24 25 26 27 28 29 30 31 39 40 41 43 53 64 66 72 73 74 75 76 77 78 79 89 94 101 107 108 208 237 333 383 771 789 795 800
16 17 18 19 20 21 22 23 24 25 26 27 28 29 30 31 39 50 53 54 55 59 72 73 74 75 76 77 78 79 89 94 101 104 107 108 208 237 241 822 824 825 826 836
16 17 18 19 20 21 22 23 24 25 26 27 28 29 30 31 32 33 51 52 53 54 55 72 73 74 75 76 77 78 79 89 94 101 104 107 108 129 131 132 133 136 172
16 17 18 19 20 21 22 23 24 25 26 27 28 29 30 31 39 40 41 42 44 53 64 72 73 74 75 76 77 78 79 89 94 101 107 108 208 237 333 383 717 723 764
16 17 18 19 20 21 22 23 24 25 26 27 28 29 30 31 39 40 41 42 53 64 72 73 74 75 76 77 78 79 89 94 101 107 108 208 237 333 383 717 723 765 767
16 17 18 19 20 21 22 23 24 25 26 27 28 29 30 31 39 40 41 42 53 64 72 73 74 75 76 77 78 79 89 94 101 107 108 208 237 333 383 717 723 765 770
16 17 18 19 20 21 22 23 24 25 26 27 28 29 30 31 39 40 42 44 53 64 72 73 74 75 76 77 78 79 89 94 101 107 108 208 237 333 383 717 723 725 738
16 17 18 19 20 21 22 23 24 25 26 27 28 29 30 31 39 40 42 53 54 55 64 72 73 74 75 76 77 78 79 89 94 101 104 107 108 208 237 333 383 386 392
16 17 18 19 20 21 22 23 24 25 26 27 28 29 30 31 39 40 42 53 54 55 64 72 73 74 75 76 77 78 79 89 94 101 104 107 108 208 237 333 383 442 443
16 17 18 19 20 21 22 23 24 25 26 27 28 29 30 31 39 40 42 53 54 55 64 72 73 74 75 76 77 78 79 89 94 101 104 107 108 208 237 333 383 442 460
16 17 18 19 20 21 22 23 24 25 26 27 28 29 30 31 39 40 42 53 54 55 64 72 73 74 75 76 77 78 79 89 94 101 107 108 208 237 333 383 717 720 721
16 17 18 19 20 21 22 23 24 25 26 27 28 29 30 31 39 40 42 53 55 64 72 73 74 75 76 77 78 79 89 94 101 107 108 208 237 333 383 717 723 725 727
16 17 18 19 20 21 22 23 24 25 26 27 28 29 30 31 39 40 53 54 55 61 72 73 74 75 76 77 78 79 89 94 101 104 107 108 208 237 241 333 352 355 381
16 17 18 19 20 21 22 23 24 25 26 27 28 29 30 31 32 51 52 53 54 55 72 73 74 75 76 77 78 79 89 94 101 104 107 108 129 131 132 133 136 144
16 17 18 19 20 21 22 23 24 25 26 27 28 29 30 31 39 40 42 53 55 64 72 73 74 75 76 77 78 79 89 94 101 107 108 208 237 333 383 717 720 723
16 17 18 19 20 21 22 23 24 25 26 27 28 29 30 31 39 53 54 55 72 73 74 75 76 77 78 79 89 94 101 104 107 108 208 237 241 333 335 336 337 338
0 1 2 39 40 42 45 53 54 55 62 63 64 72 73 74 75 76 77 78 79 89 94 101 104 107 108 208 237 333 383 392 396 399 400 401 403 404 424 427 430
0 1 2 39 40 42 45 53 54 55 62 63 64 72 73 74 75 76 77 78 79 89 94 101 104 107 108 208 237 333 383 392 396 399 400 401 403 404 424 427 431
0 1 2 39 40 42 45 53 54 55 62 63 64 72 73 74 75 76 77 78 79 89 94 101 104 107 108 208 237 333 383 392 396 399 400 401 403 404 424 427 434
16 17 18 19 20 21 22 23 24 25 26 27 28 29 30 31 32 51 52 53 54 55 72 73 74 75 76 77 78 79 89 94 101 104 107 108 129 131 132 133 151
16 17 18 19 20 21 22 23 24 25 26 27 28 29 30 31 39 40 42 53 54 55 64 72 73 74 75 76 77 78 79 89 94 101 107 108 208 237 333 383 479
16 17 18 19 20 21 22 23 24 25 26 27 28 29 30 31 39 40 42 53 54 55 64 72 73 74 75 76 77 78 79 89 94 101 107 108 208 237 333 383 484
16 17 18 19 20 21 22 23 24 25 26 27 28 29 30 31 39 40 42 53 54 55 64 72 73 74 75 76 77 78 79 89 94 101 107 108 208 237 333 383 485
16 17 18 19 20 21 22 23 24 25 26 27 28 29 30 31 39 40 53 54 55 72 73 74 75 76 77 78 79 89 94 101 104 107 108 208 237 333 383 386 388
0 1 2 39 40 42 45 53 54 55 62 64 72 73 74 75 76 77 78 79 89 94 101 104 107 108 208 237 333 383 392 396 399 400 401 403 404 406 417 419
0 1 2 39 40 49 53 70 71 72 73 74 75 76 77 78 79 89 94 101 107 108 208 237 538 540 541 542 543 544 545 546 568 571 572 573 574 575 576 623
16 17 18 19 20 21 22 23 24 25 26 27 28 29 30 31 39 40 53 54 55 72 73 74 75 76 77 78 79 89 94 101 104 107 108 208 237 241 333 344
16 17 18 19 20 21 22 23 24 25 26 27 28 29 30 31 39 40 53 54 55 72 73 74 75 76 77 78 79 89 94 101 104 107 108 208 237 333 383 384
16 17 18 19 20 21 22 23 24 25 26 27 28 29 30 31 39 53 54 55 72 73 74 75 76 77 78 79 89 94 101 104 107 108 208 237 241 333 344 346
16 17 18 19 20 21 22 23 24 25 26 27 28 29 30 31 51 52 53 54 55 72 73 74 75 76 77 78 79 89 94 97 101 104 107 108 129 131 132 133
0 1 2 39 40 42 45 53 54 55 62 64 72 73 74 75 76 77 78 79 89 94 101 104 107 108 208 237 333 383 392 396 399 400 401 403 404 406 408
0 1 2 39 40 42 45 53 54 55 62 64 72 73 74 75 76 77 78 79 89 94 101 104 107 108 208 237 333 383 392 396 399 400 401 403 404 406 420
0 1 2 39 40 42 45 53 54 55 62 64 72 73 74 75 76 77 78 79 89 94 101 104 107 108 208 237 333 383 392 396 399 400 401 403 404 420 421
0 1 2 39 53 54 55 56 57 58 72 73 74 75 76 77 78 79 89 94 101 104 107 108 208 237 241 250 252 253 254 255 256 257 308 311 312 313 317
16 17 18 19 20 21 22 23 24 25 26 27 28 29 30 31 36 39 53 54 55 72 73 74 75 76 77 78 79 89 94 101 104 107 108 208 237 241 320
16 17 18 19 20 21 22 23 24 25 26 27 28 29 30 31 39 40 41 53 64 72 73 74 75 76 77 78 79 89 94 101 107 108 208 237 333 383 802
16 17 18 19 20 21 22 23 24 25 26 27 28 29 30 31 39 40 41 53 64 72 73 74 75 76 77 78 79 89 94 101 107 108 208 237 333 383 803
16 17 18 19 20 21 22 23 24 25 26 27 28 29 30 31 39 40 41 53 64 72 73 74 75 76 77 78 79 89 94 101 107 108 208 237 333 383 808
16 17 18 19 20 21 22 23 24 25 26 27 28 29 30 31 39 40 41 53 64 72 73 74 75 76 77 78 79 89 94 101 107 108 208 237 333 383 809
16 17 18 19 20 21 22 23 24 25 26 27 28 29 30 31 39 40 53 72 73 74 75 76 77 78 79 89 94 101 107 108 208 237 333 625 626 627 629
16 17 18 19 20 21 22 23 24 25 26 27 28 29 30 31 39 40 53 72 73 74 75 76 77 78 79 89 94 101 107 108 208 237 625 626 632 634 635
16 17 18 19 20 21 22 23 24 25 26 27 28 29 30 31 39 40 53 72 73 74 75 76 77 78 79 89 94 101 107 108 208 237 625 634 640 641 643
0 1 2 39 40 42 45 53 54 55 62 64 72 73 74 75 76 77 78 79 89 94 101 104 107 108 208 237 333 383 392 396 399 400 401 403 404 422
0 1 2 39 40 49 53 70 72 73 74 75 76 77 78 79 89 94 101 107 108 208 237 538 540 541 542 543 544 545 546 548 568 571 572 573 574 575
0 1 2 39 40 53 67 68 69 72 73 74 75 76 77 78 79 89 94 101 107 108 208 237 333 625 626 669 671 672 673 674 675 699 702 703 704 715
16 17 18 19 20 21 22 23 24 25 26 27 28 29 30 31 36 53 54 55 72 73 74 75 76 77 78 79 89 94 101 104 107 108 208 237 241 244
16 17 18 19 20 21 22 23 24 25 26 27 28 29 30 31 39 40 53 72 73 74 75 76 77 78 79 89 94 101 107 108 208 237 333 625 626 630
16 17 18 19 20 21 22 23 24 25 26 27 28 29 30 31 39 40 53 72 73 74 75 76 77 78 79 89 94 101 107 108 208 237 625 626 630 632
16 17 18 19 20 21 22 23 24 25 26 27 28 29 30 31 39 40 53 72 73 74 75 76 77 78 79 89 94 101 107 108 208 237 625 634 640 644
16 17 18 19 20 21 22 23 24 25 26 27 28 29 30 31 39 40 53 72 73 74 75 76 77 78 79 89 94 101 107 108 208 237 625 634 644 645
16 17 18 19 20 21 22 23 24 25 26 27 28 29 30 31 39 53 54 55 72 73 74 75 76 77 78 79 89 94 101 104 107 108 208 237 241 324
0 1 2 39 53 54 55 56 57 72 73 74 75 76 77 78 79 89 94 101 104 107 108 208 237 241 250 252 253 254 255 256 257 260 261 301 303
0 1 2 39 53 54 55 56 57 72 73 74 75 76 77 78 79 89 94 101 104 107 108 208 237 241 250 252 253 254 255 256 257 260 308 311 312
16 17 18 19 20 21 22 23 24 25 26 27 28 29 30 31 39 40 53 72 73 74 75 76 77 78 79 89 94 101 107 108 208 237 625 634 646
16 17 18 19 20 21 22 23 24 25 26 27 28 29 30 31 39 40 53 72 73 74 75 76 77 78 79 89 94 101 107 108 208 237 625 648 656
0 1 2 39 40 42 45 53 54 55 62 64 72 73 74 75 76 77 78 79 89 94 101 104 107 108 208 237 333 383 392 396 399 400 401 413
0 1 2 39 40 53 67 68 72 73 74 75 76 77 78 79 89 94 101 107 108 208 237 333 625 626 669 671 672 673 674 675 678 681 692 694
0 1 2 39 40 53 67 68 72 73 74 75 76 77 78 79 89 94 101 107 108 208 237 333 625 626 669 671 672 673 674 675 678 699 702 703
0 1 2 39 50 53 54 55 59 60 72 73 74 75 76 77 78 79 89 94 101 104 107 108 208 237 241 822 824 825 826 828 848 851 852 863
0 1 2 39 53 54 55 56 57 72 73 74 75 76 77 78 79 89 94 101 104 107 108 208 237 241 250 252 253 254 255 256 257 260 261 284
0 1 2 39 53 54 55 56 57 72 73 74 75 76 77 78 79 89 94 101 104 107 108 208 237 241 250 252 253 254 255 256 257 260 261 291
0 1 2 39 53 54 55 56 57 72 73 74 75 76 77 78 79 89 94 101 104 107 108 208 237 241 250 252 253 254 255 256 257 260 261 304
0 1 2 39 53 54 55 56 57 72 73 74 75 76 77 78 79 89 94 101 104 107 108 208 237 241 250 252 253 254 255 256 257 260 304 305
16 17 18 19 20 21 22 23 24 25 26 27 28 29 30 31 37 39 40 53 72 73 74 75 76 77 78 79 89 94 101 107 108 208 237 490
16 17 18 19 20 21 22 23 24 25 26 27 28 29 30 31 39 40 53 72 73 74 75 76 77 78 79 89 94 101 107 108 208 237 333 486
16 17 18 19 20 21 22 23 24 25 26 27 28 29 30 31 39 40 53 72 73 74 75 76 77 78 79 89 94 101 107 108 208 237 625 647
0 1 2 3 4 5 6 7 8 9 10 11 12 13 14 15 80 81 82 83 84 85 86 87 88 90 111 112 116 138 142 158 165 167 169
0 1 2 10 11 12 13 14 15 39 40 42 53 54 55 64 72 73 74 75 76 77 78 79 89 94 101 104 107 108 208 237 333 383 442
0 1 2 39 40 49 53 70 72 73 74 75 76 77 78 79 89 94 101 107 108 208 237 538 540 541 542 543 544 545 546 548 549 561 563
0 1 2 39 40 53 67 68 72 73 74 75 76 77 78 79 89 94 101 107 108 208 237 333 625 626 669 671 672 673 674 675 678 681 683
0 1 2 39 40 53 67 68 72 73 74 75 76 77 78 79 89 94 101 107 108 208 237 333 625 626 669 671 672 673 674 675 678 681 695
0 1 2 39 40 53 67 68 72 73 74 75 76 77 78 79 89 94 101 107 108 208 237 333 625 626 669 671 672 673 674 675 678 695 696
0 1 2 39 53 54 55 56 57 72 73 74 75 76 77 78 79 89 94 101 104 107 108 208 237 241 250 252 253 254 255 256 257 260 306
16 17 18 19 20 21 22 23 24 25 26 27 28 29 30 31 39 40 53 72 73 74 75 76 77 78 79 89 94 101 107 108 208 237 664
16 17 18 19 20 21 22 23 24 25 26 27 28 29 30 31 53 54 55 72 73 74 75 76 77 78 79 89 94 97 101 104 107 108 118
16 17 18 19 20 21 22 23 24 25 26 27 28 29 30 31 53 54 55 72 73 74 75 76 77 78 79 89 94 101 104 107 108 208 229
0 1 2 3 4 5 6 7 8 9 10 11 12 13 14 15 80 81 82 83 84 85 86 87 88 90 111 112 116 138 142 158 167 173
0 1 2 3 4 5 6 7 8 9 10 11 12 13 14 15 80 81 82 83 84 85 86 87 88 90 111 191 192 265 267 270 271 273
0 1 2 3 4 5 6 7 8 9 10 11 12 13 14 15 80 81 82 83 84 85 86 87 88 90 111 191 192 265 267 270 271 275
0 1 2 3 4 5 6 7 8 9 10 11 12 13 14 15 80 81 82 83 84 85 86 87 88 90 111 191 192 265 270 271 277 279
0 1 2 3 4 5 6 7 8 9 10 11 12 13 14 15 80 81 82 83 84 85 86 87 88 90 111 191 192 270 271 277 282 286
0 1 2 39 40 49 53 70 72 73 74 75 76 77 78 79 89 94 101 107 108 208 237 538 540 541 542 543 544 545 546 548 549 551
0 1 2 39 40 49 53 70 72 73 74 75 76 77 78 79 89 94 101 107 108 208 237 538 540 541 542 543 544 545 546 548 549 564
0 1 2 39 40 49 53 70 72 73 74 75 76 77 78 79 89 94 101 107 108 208 237 538 540 541 542 543 544 545 546 548 564 565
0 1 2 39 40 53 67 68 72 73 74 75 76 77 78 79 89 94 101 107 108 208 237 333 625 626 669 671 672 673 674 675 678 697
0 1 2 39 50 53 54 55 59 72 73 74 75 76 77 78 79 89 94 101 104 107 108 208 237 241 822 824 825 826 828 829 841 843
0 1 2 39 53 54 55 56 57 72 73 74 75 76 77 78 79 89 94 101 104 107 108 208 237 241 250 252 253 254 255 256 257 296
16 17 18 19 20 21 22 23 24 25 26 27 28 29 30 31 53 54 55 72 73 74 75 76 77 78 79 89 94 101 104 107 108 187
16 17 18 19 20 21 22 23 24 25 26 27 28 29 30 31 53 54 55 72 73 74 75 76 77 78 79 89 94 101 104 107 108 204
0 1 2 3 4 5 6 7 8 9 10 11 12 13 14 15 80 81 82 83 84 85 86 87 88 90 111 112 116 138 142 158 161
0 1 2 3 4 5 6 7 8 9 10 11 12 13 14 15 80 81 82 83 84 85 86 87 88 90 111 112 116 138 142 158 162
0 1 2 3 4 5 6 7 8 9 10 11 12 13 14 15 80 81 82 83 84 85 86 87 88 90 111 112 116 138 142 158 164
0 1 2 3 4 5 6 7 8 9 10 11 12 13 14 15 80 81 82 83 84 85 86 87 88 90 111 112 116 138 142 158 174
0 1 2 3 4 5 6 7 8 9 10 11 12 13 14 15 80 81 82 83 84 85 86 87 88 90 111 191 192 265 267 269 270
0 1 2 3 4 5 6 7 8 9 10 11 12 13 14 15 80 81 82 83 84 85 86 87 88 90 111 191 192 265 270 271 276
0 1 2 3 4 5 6 7 8 9 10 11 12 13 14 15 80 81 82 83 84 85 86 87 88 90 111 191 192 270 271 277 281
0 1 2 3 4 5 6 7 8 9 10 11 12 13 14 15 80 81 82 83 84 85 86 87 88 90 111 191 192 270 271 277 287
0 1 2 3 4 5 6 7 8 9 10 11 12 13 14 15 80 81 82 83 84 85 86 87 88 111 191 192 348 350 357 359 361
0 1 2 3 4 5 6 7 8 9 10 11 12 13 14 15 80 81 82 83 84 85 86 87 88 111 191 192 348 350 357 364 365
0 1 2 3 4 5 6 7 8 9 10 11 12 13 14 15 80 81 82 83 84 85 86 87 88 111 191 192 348 350 357 367 368
0 1 2 39 40 41 42 43 53 64 72 73 74 75 76 77 78 79 89 94 101 107 108 208 237 333 383 717 723 765 771 774 776
0 1 2 39 40 41 42 43 53 64 72 73 74 75 76 77 78 79 89 94 101 107 108 208 237 333 383 717 765 771 779 781 783
0 1 2 39 40 41 42 53 64 65 72 73 74 75 76 77 78 79 89 94 101 107 108 208 237 333 383 717 723 725 750 755 760
0 1 2 39 40 49 53 70 72 73 74 75 76 77 78 79 89 94 101 107 108 208 237 538 540 541 542 543 544 545 546 548 566
0 1 2 39 40 53 67 68 72 73 74 75 76 77 78 79 89 94 101 107 108 208 237 333 625 626 669 671 672 673 674 675 688
0 1 2 39 50 53 54 55 59 72 73 74 75 76 77 78 79 89 94 101 104 107 108 208 237 241 822 824 825 826 828 829 831
0 1 2 39 50 53 54 55 59 72 73 74 75 76 77 78 79 89 94 101 104 107 108 208 237 241 822 824 825 826 828 829 844
0 1 2 39 50 53 54 55 59 72 73 74 75 76 77 78 79 89 94 101 104 107 108 208 237 241 822 824 825 826 828 844 845
16 17 18 19 20 21 22 23 24 25 26 27 28 29 30 31 72 73 74 75 76 77 78 79 89 94 97 101 104 107 108 118 120
0 1 2 3 4 5 6 7 8 9 10 11 12 13 14 15 80 81 82 83 84 85 86 87 88 90 111 112 116 138 140 141
0 1 2 3 4 5 6 7 8 9 10 11 12 13 14 15 80 81 82 83 84 85 86 87 88 90 111 191 192 265 266 267
0 1 2 3 4 5 6 7 8 9 10 11 12 13 14 15 80 81 82 83 84 85 86 87 88 90 111 191 192 271 277 289
0 1 2 3 4 5 6 7 8 9 10 11 12 13 14 15 80 81 82 83 84 85 86 87 88 90 111 191 192 840 854 855
0 1 2 3 4 5 6 7 8 9 10 11 12 13 14 15 80 81 82 83 84 85 86 87 88 90 111 191 192 840 857 858
0 1 2 3 4 5 6 7 8 9 10 11 12 13 14 15 80 81 82 83 84 85 86 87 88 111 191 192 348 350 357 363
0 1 2 3 4 5 6 7 8 9 10 11 12 13 14 15 80 81 82 83 84 85 86 87 88 111 191 192 348 350 367 370
0 1 2 3 4 5 6 7 8 9 10 11 12 13 14 15 80 81 82 83 84 85 86 87 88 111 191 192 348 350 367 371
0 1 2 3 4 5 6 7 8 9 10 11 12 13 14 15 80 81 82 83 84 85 86 87 88 111 191 192 348 350 372 373
0 1 2 3 4 5 6 7 8 9 10 11 12 13 14 15 80 81 82 83 84 85 86 87 88 111 191 192 348 350 372 375
0 1 2 3 4 5 6 7 8 9 10 11 12 13 14 15 80 81 82 83 84 85 86 87 88 111 191 192 348 350 372 376
0 1 2 3 4 5 6 7 8 9 10 11 12 13 14 15 80 81 82 83 84 85 86 87 88 111 559 578 582 586 587 588
0 1 2 3 4 5 6 7 8 9 10 11 12 13 14 15 80 81 82 83 84 85 86 87 88 111 559 578 582 586 587 590
0 1 2 3 4 5 6 7 8 9 10 11 12 13 14 15 80 81 82 83 84 85 86 87 88 111 559 578 587 593 594 595
0 1 2 3 4 5 6 7 8 9 10 11 12 13 14 15 80 81 82 83 84 85 86 87 88 111 559 578 587 593 597 598
0 1 2 3 4 5 6 7 8 9 10 11 12 13 14 15 80 81 82 83 84 85 86 87 88 111 559 578 603 604 605 607
0 1 2 10 11 12 13 14 15 39 40 53 54 55 72 73 74 75 76 77 78 79 89 94 101 104 107 108 208 237 241 333
0 1 2 10 11 12 13 39 53 54 55 72 73 74 75 76 77 78 79 89 94 101 104 107 108 208 237 241 333 335 336 338
0 1 2 11 12 39 40 42 53 54 55 64 72 73 74 75 76 77 78 79 89 94 101 104 107 108 208 237 333 383 442 460
0 1 2 39 40 41 42 43 53 64 72 73 74 75 76 77 78 79 89 94 101 107 108 208 237 333 383 717 723 765 771 777
0 1 2 39 40 41 42 43 53 64 72 73 74 75 76 77 78 79 89 94 101 107 108 208 237 333 383 717 765 771 777 778
0 1 2 39 40 41 42 43 53 64 72 73 74 75 76 77 78 79 89 94 101 107 108 208 237 333 383 717 765 771 779 784
0 1 2 39 40 41 42 43 53 64 72 73 74 75 76 77 78 79 89 94 101 107 108 208 237 333 383 717 771 779 784 785
0 1 2 39 40 41 42 44 53 64 72 73 74 75 76 77 78 79 89 94 101 107 108 208 237 333 383 717 723 725 742 744
0 1 2 39 40 49 53 70 72 73 74 75 76 77 78 79 89 94 101 107 108 208 237 538 540 541 542 543 544 545 546 556
0 1 2 39 50 53 54 55 59 72 73 74 75 76 77 78 79 89 94 101 104 107 108 208 237 241 822 824 825 826 828 846
16 17 18 19 20 21 22 23 24 25 26 27 28 29 30 31 37 39 47 72 73 74 75 76 77 78 79 101 107 497 520 524
16 17 18 19 20 21 22 23 24 25 26 27 28 29 30 31 37 39 48 72 73 74 75 76 77 78 79 89 101 107 529 533
16 17 18 19 20 21 22 23 24 25 26 27 28 29 30 31 37 39 72 73 74 75 76 77 78 79 89 101 107 491 493 495
0 1 2 3 4 5 6 7 8 9 10 11 12 13 14 15 38 80 81 82 83 84 85 86 87 88 90 111 112 114 115
0 1 2 3 4 5 6 7 8 9 10 11 12 13 14 15 80 81 82 83 84 85 86 87 88 90 111 191 192 196 198
0 1 2 3 4 5 6 7 8 9 10 11 12 13 14 15 80 81 82 83 84 85 86 87 88 90 111 191 192 200 201
0 1 2 3 4 5 6 7 8 9 10 11 12 13 14 15 80 81 82 83 84 85 86 87 88 90 111 191 192 203 206
0 1 2 3 4 5 6 7 8 9 10 11 12 13 14 15 80 81 82 83 84 85 86 87 88 90 111 191 192 209 211
0 1 2 3 4 5 6 7 8 9 10 11 12 13 14 15 80 81 82 83 84 85 86 87 88 90 111 191 192 214 216
0 1 2 3 4 5 6 7 8 9 10 11 12 13 14 15 80 81 82 83 84 85 86 87 88 90 111 191 192 219 221
0 1 2 3 4 5 6 7 8 9 10 11 12 13 14 15 80 81 82 83 84 85 86 87 88 90 111 191 192 224 226
0 1 2 3 4 5 6 7 8 9 10 11 12 13 14 15 80 81 82 83 84 85 86 87 88 90 111 191 192 232 233
0 1 2 3 4 5 6 7 8 9 10 11 12 13 14 15 80 81 82 83 84 85 86 87 88 90 111 191 192 235 238
0 1 2 3 4 5 6 7 8 9 10 11 12 13 14 15 80 81 82 83 84 85 86 87 88 90 111 191 192 235 239
0 1 2 3 4 5 6 7 8 9 10 11 12 13 14 15 80 81 82 83 84 85 86 87 88 90 111 191 192 263 265
0 1 2 3 4 5 6 7 8 9 10 11 12 13 14 15 80 81 82 83 84 85 86 87 88 90 111 191 192 322 326
0 1 2 3 4 5 6 7 8 9 10 11 12 13 14 15 80 81 82 83 84 85 86 87 88 90 111 191 192 327 328
0 1 2 3 4 5 6 7 8 9 10 11 12 13 14 15 80 81 82 83 84 85 86 87 88 90 111 191 192 339 341
0 1 2 3 4 5 6 7 8 9 10 11 12 13 14 15 80 81 82 83 84 85 86 87 88 90 111 191 192 840 856
0 1 2 3 4 5 6 7 8 9 10 11 12 13 14 15 80 81 82 83 84 85 86 87 88 90 111 191 192 840 860
0 1 2 3 4 5 6 7 8 9 10 11 12 13 14 15 80 81 82 83 84 85 86 87 88 111 191 192 348 350 377
0 1 2 3 4 5 6 7 8 9 10 11 12 13 14 15 80 81 82 83 84 85 86 87 88 111 191 192 348 350 378
0 1 2 3 4 5 6 7 8 9 10 11 12 13 14 15 80 81 82 83 84 85 86 87 88 111 559 578 582 583 584
0 1 2 3 4 5 6 7 8 9 10 11 12 13 14 15 80 81 82 83 84 85 86 87 88 111 559 578 582 587 591
0 1 2 3 4 5 6 7 8 9 10 11 12 13 14 15 80 81 82 83 84 85 86 87 88 111 559 578 593 597 600
0 1 2 3 4 5 6 7 8 9 10 11 12 13 14 15 80 81 82 83 84 85 86 87 88 111 559 578 603 604 609
0 1 2 3 4 5 6 7 8 9 10 11 12 13 14 15 80 81 82 83 84 85 86 87 88 111 559 578 603 604 610
0 1 2 3 4 5 6 7 8 9 10 11 12 13 14 15 80 81 82 83 84 85 86 87 88 111 559 578 603 611 612
0 1 2 3 4 5 6 7 8 9 10 11 12 13 14 15 80 81 82 83 84 85 86 87 88 111 559 603 614 615 616
0 1 2 10 11 39 53 54 55 72 73 74 75 76 77 78 79 89 94 101 104 107 108 208 237 241 333 335 336 337 338
0 1 2 39 40 41 42 43 53 64 66 72 73 74 75 76 77 78 79 89 94 101 107 108 208 237 333 383 771 788 789
0 1 2 39 40 41 42 43 53 64 66 72 73 74 75 76 77 78 79 89 94 101 107 108 208 237 333 383 771 789 793
0 1 2 39 40 41 42 43 53 64 72 73 74 75 76 77 78 79 89 94 101 107 108 208 237 333 383 717 771 779 786
0 1 2 39 40 41 42 43 53 64 72 73 74 75 76 77 78 79 89 94 101 107 108 208 237 333 383 771 779 786 788
0 1 2 39 40 41 42 43 53 64 72 73 74 75 76 77 78 79 89 94 101 107 108 208 237 333 383 771 786 788 789
0 1 2 39 40 41 42 44 53 64 72 73 74 75 76 77 78 79 89 94 101 107 108 208 237 333 383 717 723 725 745
0 1 2 39 40 41 42 53 64 72 73 74 75 76 77 78 79 89 94 101 107 108 208 237 333 383 717 723 725 745 746
0 1 2 39 40 41 42 53 64 72 73 74 75 76 77 78 79 89 94 101 107 108 208 237 333 383 717 723 725 747 749
0 1 2 39 40 41 42 53 64 72 73 74 75 76 77 78 79 89 94 101 107 108 208 237 333 383 717 723 725 749 750
0 1 2 39 40 41 42 53 64 72 73 74 75 76 77 78 79 89 94 101 107 108 208 237 333 383 717 723 725 750 753
0 1 2 39 40 41 43 53 64 66 72 73 74 75 76 77 78 79 89 94 101 107 108 208 237 333 383 771 789 795 800
0 1 2 39 50 53 54 55 59 72 73 74 75 76 77 78 79 89 94 101 104 107 108 208 237 241 822 824 825 826 836
16 17 18 19 20 21 22 23 24 25 26 27 28 29 30 31 35 46 72 73 74 75 76 77 78 79 101 500 505 507 517
16 17 18 19 20 21 22 23 24 25 26 27 28 29 30 31 37 39 48 72 73 74 75 76 77 78 79 89 101 107 493
16 17 18 19 20 21 22 23 24 25 26 27 28 29 30 31 37 39 72 73 74 75 76 77 78 79 89 94 101 107 491
16 17 18 19 20 21 22 23 24 25 26 27 28 29 30 31 37 39 72 73 74 75 76 77 78 79 89 101 107 497 520
0 1 2 3 4 5 6 7 8 9 10 11 12 13 14 15 38 80 81 82 83 84 85 86 87 88 90 111 112 116
0 1 2 3 4 5 6 7 8 9 10 11 12 13 14 15 38 80 81 82 83 84 85 86 87 88 90 111 181 182
0 1 2 3 4 5 6 7 8 9 10 11 12 13 14 15 38 80 81 82 83 84 85 86 87 88 90 111 181 184
0 1 2 3 4 5 6 7 8 9 10 11 12 13 14 15 38 80 81 82 83 84 85 86 87 88 90 111 186 189
0 1 2 3 4 5 6 7 8 9 10 11 12 13 14 15 38 80 81 82 83 84 85 86 87 88 90 111 190 191
0 1 2 3 4 5 6 7 8 9 10 11 12 13 14 15 38 80 81 82 83 84 85 86 87 88 90 111 191 192
0 1 2 3 4 5 6 7 8 9 10 11 12 13 14 15 80 81 82 83 84 85 86 87 88 90 111 191 192 195
0 1 2 3 4 5 6 7 8 9 10 11 12 13 14 15 80 81 82 83 84 85 86 87 88 90 111 191 192 199
0 1 2 3 4 5 6 7 8 9 10 11 12 13 14 15 80 81 82 83 84 85 86 87 88 90 111 191 192 207
0 1 2 3 4 5 6 7 8 9 10 11 12 13 14 15 80 81 82 83 84 85 86 87 88 90 111 191 192 213
0 1 2 3 4 5 6 7 8 9 10 11 12 13 14 15 80 81 82 83 84 85 86 87 88 90 111 191 192 218
0 1 2 3 4 5 6 7 8 9 10 11 12 13 14 15 80 81 82 83 84 85 86 87 88 90 111 191 192 223
0 1 2 3 4 5 6 7 8 9 10 11 12 13 14 15 80 81 82 83 84 85 86 87 88 90 111 191 192 228
0 1 2 3 4 5 6 7 8 9 10 11 12 13 14 15 80 81 82 83 84 85 86 87 88 90 111 191 192 231
0 1 2 3 4 5 6 7 8 9 10 11 12 13 14 15 80 81 82 83 84 85 86 87 88 90 111 191 192 240
0 1 2 3 4 5 6 7 8 9 10 11 12 13 14 15 80 81 82 83 84 85 86 87 88 90 111 191 192 330
0 1 2 3 4 5 6 7 8 9 10 11 12 13 14 15 80 81 82 83 84 85 86 87 88 90 111 191 192 343
0 1 2 3 4 5 6 7 8 9 10 11 12 13 14 15 80 81 82 83 84 85 86 87 88 111 192 440 441 444
0 1 2 3 4 5 6 7 8 9 10 11 12 13 14 15 80 81 82 83 84 85 86 87 88 111 559 578 587 592
0 1 2 3 4 5 6 7 8 9 10 11 12 13 14 15 80 81 82 83 84 85 86 87 88 111 559 578 593 601
0 1 2 3 4 5 6 7 8 9 10 11 12 13 14 15 80 81 82 83 84 85 86 87 88 111 559 578 603 614
0 1 2 3 4 5 6 7 8 9 10 11 12 13 14 15 80 81 82 83 84 85 86 87 88 111 559 603 614 618
0 1 2 3 4 5 6 7 8 9 10 11 12 13 14 15 80 81 82 83 84 85 86 87 88 111 637 639 650 651
0 1 2 3 4 5 6 7 8 9 10 11 12 13 14 15 80 81 82 83 84 85 86 87 88 111 637 657 658 659
0 1 2 3 4 5 6 7 8 9 10 11 12 13 14 15 80 81 82 83 84 85 86 87 88 111 679 706 707 708
0 1 2 32 33 51 52 53 54 55 72 73 74 75 76 77 78 79 89 94 101 104 107 108 129 131 132 133 136 172
0 1 2 39 40 41 42 44 53 64 72 73 74 75 76 77 78 79 89 94 101 107 108 208 237 333 383 717 723 764
0 1 2 39 40 41 42 53 64 72 73 74 75 76 77 78 79 89 94 101 107 108 208 237 333 383 717 723 765 767
0 1 2 39 40 41 42 53 64 72 73 74 75 76 77 78 79 89 94 101 107 108 208 237 333 383 717 723 765 770
0 1 2 39 40 42 44 53 64 72 73 74 75 76 77 78 79 89 94 101 107 108 208 237 333 383 717 723 725 738
0 1 2 39 40 42 53 54 55 64 72 73 74 75 76 77 78 79 89 94 101 104 107 108 208 237 333 383 386 392
0 1 2 39 40 42 53 54 55 64 72 73 74 75 76 77 78 79 89 94 101 104 107 108 208 237 333 383 442 443
0 1 2 39 40 42 53 54 55 64 72 73 74 75 76 77 78 79 89 94 101 107 108 208 237 333 383 717 720 721
0 1 2 39 40 42 53 55 64 72 73 74 75 76 77 78 79 89 94 101 107 108 208 237 333 383 717 723 725 727
0 1 2 39 40 53 54 55 61 72 73 74 75 76 77 78 79 89 94 101 104 107 108 208 237 241 333 352 355 381
16 17 18 19 20 21 22 23 24 25 26 27 28 29 30 31 46 72 73 74 75 76 77 78 79 101 500 505 507 509
16 17 18 19 20 21 22 23 24 25 26 27 28 29 30 31 72 73 74 75 76 77 78 79 89 94 97 101 102 104
16 17 18 19 20 21 22 23 24 25 26 27 28 29 30 31 72 73 74 75 76 77 78 79 89 94 97 101 104 105
0 1 2 3 4 5 6 7 8 9 10 11 12 13 14 15 38 80 81 82 83 84 85 86 87 88 90 111 179
0 1 2 3 4 5 6 7 8 9 10 11 12 13 14 15 38 80 81 82 83 84 85 86 87 88 90 111 185
0 1 2 3 4 5 6 7 8 9 10 11 12 13 14 15 80 81 82 83 84 85 86 87 88 111 192 440 445
0 1 2 3 4 5 6 7 8 9 10 11 12 13 14 15 80 81 82 83 84 85 86 87 88 111 192 451 452
0 1 2 3 4 5 6 7 8 9 10 11 12 13 14 15 80 81 82 83 84 85 86 87 88 111 192 459 462
0 1 2 3 4 5 6 7 8 9 10 11 12 13 14 15 80 81 82 83 84 85 86 87 88 111 192 464 465
0 1 2 3 4 5 6 7 8 9 10 11 12 13 14 15 80 81 82 83 84 85 86 87 88 111 192 472 473
0 1 2 3 4 5 6 7 8 9 10 11 12 13 14 15 80 81 82 83 84 85 86 87 88 111 559 578 602
0 1 2 3 4 5 6 7 8 9 10 11 12 13 14 15 80 81 82 83 84 85 86 87 88 111 559 603 619
0 1 2 3 4 5 6 7 8 9 10 11 12 13 14 15 80 81 82 83 84 85 86 87 88 111 637 639 653
0 1 2 3 4 5 6 7 8 9 10 11 12 13 14 15 80 81 82 83 84 85 86 87 88 111 637 639 654
0 1 2 3 4 5 6 7 8 9 10 11 12 13 14 15 80 81 82 83 84 85 86 87 88 111 637 657 661
0 1 2 3 4 5 6 7 8 9 10 11 12 13 14 15 80 81 82 83 84 85 86 87 88 111 679 706 710
0 1 2 3 4 5 6 7 8 9 10 11 12 13 14 15 80 81 82 83 84 85 86 87 88 111 679 706 711
0 1 2 32 51 52 53 54 55 72 73 74 75 76 77 78 79 89 94 101 104 107 108 129 131 132 133 136 144
0 1 2 39 40 42 53 55 64 72 73 74 75 76 77 78 79 89 94 101 107 108 208 237 333 383 717 720 723
16 17 18 19 20 21 22 23 24 25 26 27 28 29 30 31 37 39 72 73 74 75 76 77 78 79 101 107 499
16 17 18 19 20 21 22 23 24 25 26 27 28 29 30 31 39 72 73 74 75 76 77 78 79 101 107 499 500
16 17 18 19 20 21 22 23 24 25 26 27 28 29 30 31 39 72 73 74 75 76 77 78 79 101 107 500 503
16 17 18 19 20 21 22 23 24 25 26 27 28 29 30 31 46 72 73 74 75 76 77 78 79 101 500 505 506
16 17 18 19 20 21 22 23 24 25 26 27 28 29 30 31 46 72 73 74 75 76 77 78 79 101 500 505 512
16 17 18 19 20 21 22 23 24 25 26 27 28 29 30 31 72 73 74 75 76 77 78 79 89 94 97 99 101
0 1 2 3 4 5 6 7 8 9 10 11 12 13 14 15 80 81 82 83 84 85 86 87 88 111 192 429
0 1 2 3 4 5 6 7 8 9 10 11 12 13 14 15 80 81 82 83 84 85 86 87 88 111 192 436
0 1 2 3 4 5 6 7 8 9 10 11 12 13 14 15 80 81 82 83 84 85 86 87 88 111 192 447
0 1 2 3 4 5 6 7 8 9 10 11 12 13 14 15 80 81 82 83 84 85 86 87 88 111 192 450
0 1 2 3 4 5 6 7 8 9 10 11 12 13 14 15 80 81 82 83 84 85 86 87 88 111 192 453
0 1 2 3 4 5 6 7 8 9 10 11 12 13 14 15 80 81 82 83 84 85 86 87 88 111 192 454
0 1 2 3 4 5 6 7 8 9 10 11 12 13 14 15 80 81 82 83 84 85 86 87 88 111 192 457
0 1 2 3 4 5 6 7 8 9 10 11 12 13 14 15 80 81 82 83 84 85 86 87 88 111 192 466
0 1 2 3 4 5 6 7 8 9 10 11 12 13 14 15 80 81 82 83 84 85 86 87 88 111 192 471
0 1 2 3 4 5 6 7 8 9 10 11 12 13 14 15 80 81 82 83 84 85 86 87 88 111 192 475
0 1 2 3 4 5 6 7 8 9 10 11 12 13 14 15 80 81 82 83 84 85 86 87 88 111 476 477
0 1 2 3 4 5 6 7 8 9 10 11 12 13 14 15 80 81 82 83 84 85 86 87 88 111 478 480
0 1 2 3 4 5 6 7 8 9 10 11 12 13 14 15 80 81 82 83 84 85 86 87 88 111 559 620
0 1 2 3 4 5 6 7 8 9 10 11 12 13 14 15 80 81 82 83 84 85 86 87 88 111 637 655
0 1 2 3 4 5 6 7 8 9 10 11 12 13 14 15 80 81 82 83 84 85 86 87 88 111 657 662
0 1 2 3 4 5 6 7 8 9 10 11 12 13 14 15 80 81 82 83 84 85 86 87 88 111 679 712
0 1 2 3 4 5 6 7 8 9 10 11 12 13 14 15 80 81 82 83 84 85 86 87 88 111 728 729
0 1 2 3 4 5 6 7 8 9 10 11 12 13 14 15 80 81 82 83 84 85 86 87 88 111 730 731
0 1 2 3 4 5 6 7 8 9 10 11 12 13 14 15 80 81 82 83 84 85 86 87 88 111 732 733
0 1 2 32 51 52 53 54 55 72 73 74 75 76 77 78 79 89 94 101 104 107 108 129 131 132 133 151
0 1 2 39 40 42 53 54 55 64 72 73 74 75 76 77 78 79 89 94 101 107 108 208 237 333 383 479
0 1 2 39 40 42 53 54 55 64 72 73 74 75 76 77 78 79 89 94 101 107 108 208 237 333 383 484
0 1 2 39 40 42 53 54 55 64 72 73 74 75 76 77 78 79 89 94 101 107 108 208 237 333 383 485
0 1 2 39 40 53 54 55 72 73 74 75 76 77 78 79 89 94 101 104 107 108 208 237 333 383 386 388
16 17 18 19 20 21 22 23 24 25 26 27 28 29 30 31 72 73 74 75 76 77 78 79 89 94 95 97
16 17 18 19 20 21 22 23 24 25 26 27 28 29 30 31 72 73 74 75 76 77 78 79 89 94 97 98
16 17 18 19 20 21 22 23 24 25 26 27 28 29 30 31 72 73 74 75 76 77 78 79 101 107 500 505
0 1 2 3 4 5 6 7 8 9 10 11 12 13 14 15 80 81 82 83 84 85 86 87 88 111 481
0 1 2 3 4 5 6 7 8 9 10 11 12 13 14 15 80 81 82 83 84 85 86 87 88 111 663
0 1 2 3 4 5 6 7 8 9 10 11 12 13 14 15 80 81 82 83 84 85 86 87 88 111 734
0 1 2 3 4 5 6 7 8 9 10 11 12 13 14 15 80 81 82 83 84 85 86 87 88 111 757
0 1 2 3 4 5 6 7 8 9 10 11 12 13 14 15 80 81 82 83 84 85 86 87 88 111 797
0 1 2 3 4 5 6 7 8 9 10 11 12 13 14 15 80 81 82 83 84 85 86 87 88 111 806
0 1 2 3 4 5 6 7 8 9 10 11 12 13 14 15 80 81 82 83 84 85 86 87 88 111 807
0 1 2 39 40 53 54 55 72 73 74 75 76 77 78 79 89 94 101 104 107 108 208 237 241 333 344
0 1 2 39 40 53 54 55 72 73 74 75 76 77 78 79 89 94 101 104 107 108 208 237 333 383 384
0 1 2 39 53 54 55 72 73 74 75 76 77 78 79 89 94 101 104 107 108 208 237 241 333 344 346
0 1 2 51 52 53 54 55 72 73 74 75 76 77 78 79 89 94 97 101 104 107 108 129 131 132 133
0 1 2 36 39 53 54 55 72 73 74 75 76 77 78 79 89 94 101 104 107 108 208 237 241 320
0 1 2 39 40 41 53 64 72 73 74 75 76 77 78 79 89 94 101 107 108 208 237 333 383 802
0 1 2 39 40 41 53 64 72 73 74 75 76 77 78 79 89 94 101 107 108 208 237 333 383 803
0 1 2 39 40 41 53 64 72 73 74 75 76 77 78 79 89 94 101 107 108 208 237 333 383 808
0 1 2 39 40 41 53 64 72 73 74 75 76 77 78 79 89 94 101 107 108 208 237 333 383 809
0 1 2 39 40 53 72 73 74 75 76 77 78 79 89 94 101 107 108 208 237 333 625 626 627 629
0 1 2 39 40 53 72 73 74 75 76 77 78 79 89 94 101 107 108 208 237 625 626 632 634 635
0 1 2 39 40 53 72 73 74 75 76 77 78 79 89 94 101 107 108 208 237 625 634 640 641 643
0 1 2 36 53 54 55 72 73 74 75 76 77 78 79 89 94 101 104 107 108 208 237 241 244
0 1 2 39 40 53 72 73 74 75 76 77 78 79 89 94 101 107 108 208 237 333 625 626 630
0 1 2 39 40 53 72 73 74 75 76 77 78 79 89 94 101 107 108 208 237 625 626 630 632
0 1 2 39 40 53 72 73 74 75 76 77 78 79 89 94 101 107 108 208 237 625 634 640 644
0 1 2 39 40 53 72 73 74 75 76 77 78 79 89 94 101 107 108 208 237 625 634 644 645
0 1 2 39 53 54 55 72 73 74 75 76 77 78 79 89 94 101 104 107 108 208 237 241 324
0 1 2 39 40 53 72 73 74 75 76 77 78 79 89 94 101 107 108 208 237 625 634 646
0 1 2 39 40 53 72 73 74 75 76 77 78 79 89 94 101 107 108 208 237 625 648 656
0 1 2 37 39 40 53 72 73 74 75 76 77 78 79 89 94 101 107 108 208 237 490
0 1 2 39 40 53 72 73 74 75 76 77 78 79 89 94 101 107 108 208 237 333 486
0 1 2 39 40 53 72 73 74 75 76 77 78 79 89 94 101 107 108 208 237 625 647
0 1 2 39 40 53 72 73 74 75 76 77 78 79 89 94 101 107 108 208 237 664
0 1 2 53 54 55 72 73 74 75 76 77 78 79 89 94 97 101 104 107 108 118
0 1 2 53 54 55 72 73 74 75 76 77 78 79 89 94 101 104 107 108 208 229
0 1 2 53 54 55 72 73 74 75 76 77 78 79 89 94 101 104 107 108 187
0 1 2 53 54 55 72 73 74 75 76 77 78 79 89 94 101 104 107 108 204
0 1 2 72 73 74 75 76 77 78 79 89 94 97 101 104 107 108 118 120
16 26 27 28 29 30 31 80 81 82 83 84 85 86 87 88 90 111 191 192
16 80 81 82 83 84 85 86 87 88 90 111 112 116 138 142 158 165 167 169
16 80 81 82 83 84 85 86 87 88 90 111 112 116 138 142 158 167 173
16 80 81 82 83 84 85 86 87 88 90 111 191 192 265 267 270 271 273
16 80 81 82 83 84 85 86 87 88 90 111 191 192 265 267 270 271 275
16 80 81 82 83 84 85 86 87 88 90 111 191 192 265 270 271 277 279
16 80 81 82 83 84 85 86 87 88 90 111 191 192 270 271 277 282 286
0 1 37 39 47 72 73 74 75 76 77 78 79 101 107 497 520 524
0 1 37 39 48 72 73 74 75 76 77 78 79 89 101 107 529 533
0 1 37 39 72 73 74 75 76 77 78 79 89 101 107 491 493 495
16 80 81 82 83 84 85 86 87 88 90 111 112 116 138 142 158 161
16 80 81 82 83 84 85 86 87 88 90 111 112 116 138 142 158 162
16 80 81 82 83 84 85 86 87 88 90 111 112 116 138 142 158 164
16 80 81 82 83 84 85 86 87 88 90 111 112 116 138 142 158 174
16 80 81 82 83 84 85 86 87 88 90 111 191 192 265 267 269 270
16 80 81 82 83 84 85 86 87 88 90 111 191 192 265 270 271 276
16 80 81 82 83 84 85 86 87 88 90 111 191 192 270 271 277 281
16 80 81 82 83 84 85 86 87 88 90 111 191 192 270 271 277 287
16 80 81 82 83 84 85 86 87 88 111 191 192 348 350 357 359 361
16 80 81 82 83 84 85 86 87 88 111 191 192 348 350 357 364 365
16 80 81 82 83 84 85 86 87 88 111 191 192 348 350 357 367 368
0 1 2 72 73 74 75 76 77 78 79 89 94 97 101 102 104
0 1 2 72 73 74 75 76 77 78 79 89 94 97 101 104 105
0 1 35 46 72 73 74 75 76 77 78 79 101 500 505 507 517
0 1 37 39 48 72 73 74 75 76 77 78 79 89 101 107 493
0 1 37 39 72 73 74 75 76 77 78 79 89 94 101 107 491
0 1 37 39 72 73 74 75 76 77 78 79 89 101 107 497 520
16 80 81 82 83 84 85 86 87 88 90 111 112 116 138 140 141
16 80 81 82 83 84 85 86 87 88 90 111 191 192 265 266 267
16 80 81 82 83 84 85 86 87 88 90 111 191 192 271 277 289
16 80 81 82 83 84 85 86 87 88 90 111 191 192 840 854 855
16 80 81 82 83 84 85 86 87 88 90 111 191 192 840 857 858
16 80 81 82 83 84 85 86 87 88 111 191 192 348 350 357 363
16 80 81 82 83 84 85 86 87 88 111 191 192 348 350 367 370
16 80 81 82 83 84 85 86 87 88 111 191 192 348 350 367 371
16 80 81 82 83 84 85 86 87 88 111 191 192 348 350 372 373
16 80 81 82 83 84 85 86 87 88 111 191 192 348 350 372 375
16 80 81 82 83 84 85 86 87 88 111 191 192 348 350 372 376
16 80 81 82 83 84 85 86 87 88 111 559 578 582 586 587 588
16 80 81 82 83 84 85 86 87 88 111 559 578 582 586 587 590
16 80 81 82 83 84 85 86 87 88 111 559 578 587 593 594 595
16 80 81 82 83 84 85 86 87 88 111 559 578 587 593 597 598
16 80 81 82 83 84 85 86 87 88 111 559 578 603 604 605 607
0 1 2 4 5 6 7 8 9 10 11 12 13 14 15 72
0 1 2 5 6 7 8 9 10 11 12 13 14 15 72 73
0 1 2 6 7 8 9 10 11 12 13 14 15 72 73 74
0 1 2 7 8 9 10 11 12 13 14 15 72 73 74 75
0 1 2 8 9 10 11 12 13 14 15 72 73 74 75 76
0 1 2 9 10 11 12 13 14 15 72 73 74 75 76 77
0 1 2 72 73 74 75 76 77 78 79 89 94 97 99 101
0 1 46 72 73 74 75 76 77 78 79 101 500 505 507 509
16 18 19 20 21 22 23 24 25 26 27 28 29 30 31 80
16 19 20 21 22 23 24 25 26 27 28 29 30 31 80 81
16 20 21 22 23 24 25 26 27 28 29 30 31 80 81 82
16 21 22 23 24 25 26 27 28 29 30 31 80 81 82 83
16 22 23 24 25 26 27 28 29 30 31 80 81 82 83 84
16 23 24 25 26 27 28 29 30 31 80 81 82 83 84 85
16 24 25 26 27 28 29 30 31 80 81 82 83 84 85 86
16 25 26 27 28 29 30 31 80 81 82 83 84 85 86 87
16 38 80 81 82 83 84 85 86 87 88 90 111 112 114 115
16 80 81 82 83 84 85 86 87 88 90 111 191 192 196 198
16 80 81 82 83 84 85 86 87 88 90 111 191 192 200 201
16 80 81 82 83 84 85 86 87 88 90 111 191 192 203 206
16 80 81 82 83 84 85 86 87 88 90 111 191 192 209 211
16 80 81 82 83 84 85 86 87 88 90 111 191 192 214 216
16 80 81 82 83 84 85 86 87 88 90 111 191 192 219 221
16 80 81 82 83 84 85 86 87 88 90 111 191 192 224 226
16 80 81 82 83 84 85 86 87 88 90 111 191 192 232 233
16 80 81 82 83 84 85 86 87 88 90 111 191 192 235 238
16 80 81 82 83 84 85 86 87 88 90 111 191 192 235 239
16 80 81 82 83 84 85 86 87 88 90 111 191 192 263 265
16 80 81 82 83 84 85 86 87 88 90 111 191 192 322 326
16 80 81 82 83 84 85 86 87 88 90 111 191 192 327 328
16 80 81 82 83 84 85 86 87 88 90 111 191 192 339 341
16 80 81 82 83 84 85 86 87 88 90 111 191 192 840 856
16 80 81 82 83 84 85 86 87 88 90 111 191 192 840 860
16 80 81 82 83 84 85 86 87 88 111 191 192 348 350 377
16 80 81 82 83 84 85 86 87 88 111 191 192 348 350 378
16 80 81 82 83 84 85 86 87 88 111 559 578 582 583 584
16 80 81 82 83 84 85 86 87 88 111 559 578 582 587 591
16 80 81 82 83 84 85 86 87 88 111 559 578 593 597 600
16 80 81 82 83 84 85 86 87 88 111 559 578 603 604 609
16 80 81 82 83 84 85 86 87 88 111 559 578 603 604 610
16 80 81 82 83 84 85 86 87 88 111 559 578 603 611 612
16 80 81 82 83 84 85 86 87 88 111 559 603 614 615 616
0 1 2 72 73 74 75 76 77 78 79 89 94 95 97
0 1 2 72 73 74 75 76 77 78 79 89 94 97 98
0 1 37 39 72 73 74 75 76 77 78 79 101 107 499
0 1 39 72 73 74 75 76 77 78 79 101 107 499 500
0 1 39 72 73 74 75 76 77 78 79 101 107 500 503
0 1 46 72 73 74 75 76 77 78 79 101 500 505 506
0 1 46 72 73 74 75 76 77 78 79 101 500 505 512
16 38 80 81 82 83 84 85 86 87 88 90 111 112 116
16 38 80 81 82 83 84 85 86 87 88 90 111 181 182
16 38 80 81 82 83 84 85 86 87 88 90 111 181 184
16 38 80 81 82 83 84 85 86 87 88 90 111 186 189
16 38 80 81 82 83 84 85 86 87 88 90 111 190 191
16 38 80 81 82 83 84 85 86 87 88 90 111 191 192
16 80 81 82 83 84 85 86 87 88 90 111 191 192 195
16 80 81 82 83 84 85 86 87 88 90 111 191 192 199
16 80 81 82 83 84 85 86 87 88 90 111 191 192 207
16 80 81 82 83 84 85 86 87 88 90 111 191 192 213
16 80 81 82 83 84 85 86 87 88 90 111 191 192 218
16 80 81 82 83 84 85 86 87 88 90 111 191 192 223
16 80 81 82 83 84 85 86 87 88 90 111 191 192 228
16 80 81 82 83 84 85 86 87 88 90 111 191 192 231
16 80 81 82 83 84 85 86 87 88 90 111 191 192 240
16 80 81 82 83 84 85 86 87 88 90 111 191 192 330
16 80 81 82 83 84 85 86 87 88 90 111 191 192 343
16 80 81 82 83 84 85 86 87 88 111 192 440 441 444
16 80 81 82 83 84 85 86 87 88 111 559 578 587 592
16 80 81 82 83 84 85 86 87 88 111 559 578 593 601
16 80 81 82 83 84 85 86 87 88 111 559 578 603 614
16 80 81 82 83 84 85 86 87 88 111 559 603 614 618
16 80 81 82 83 84 85 86 87 88 111 637 639 650 651
16 80 81 82 83 84 85 86 87 88 111 637 657 658 659
16 80 81 82 83 84 85 86 87 88 111 679 706 707 708
0 1 72 73 74 75 76 77 78 79 101 107 500 505
16 38 80 81 82 83 84 85 86 87 88 90 111 179
16 38 80 81 82 83 84 85 86 87 88 90 111 185
16 80 81 82 83 84 85 86 87 88 111 192 440 445
16 80 81 82 83 84 85 86 87 88 111 192 451 452
16 80 81 82 83 84 85 86 87 88 111 192 459 462
16 80 81 82 83 84 85 86 87 88 111 192 464 465
16 80 81 82 83 84 85 86 87 88 111 192 472 473
16 80 81 82 83 84 85 86 87 88 111 559 578 602
16 80 81 82 83 84 85 86 87 88 111 559 603 619
16 80 81 82 83 84 85 86 87 88 111 637 639 653
16 80 81 82 83 84 85 86 87 88 111 637 639 654
16 80 81 82 83 84 85 86 87 88 111 637 657 661
16 80 81 82 83 84 85 86 87 88 111 679 706 710
16 80 81 82 83 84 85 86 87 88 111 679 706 711
16 80 81 82 83 84 85 86 87 88 111 192 429
16 80 81 82 83 84 85 86 87 88 111 192 436
16 80 81 82 83 84 85 86 87 88 111 192 447
16 80 81 82 83 84 85 86 87 88 111 192 450
16 80 81 82 83 84 85 86 87 88 111 192 453
16 80 81 82 83 84 85 86 87 88 111 192 454
16 80 81 82 83 84 85 86 87 88 111 192 457
16 80 81 82 83 84 85 86 87 88 111 192 466
16 80 81 82 83 84 85 86 87 88 111 192 471
16 80 81 82 83 84 85 86 87 88 111 192 475
16 80 81 82 83 84 85 86 87 88 111 476 477
16 80 81 82 83 84 85 86 87 88 111 478 480
16 80 81 82 83 84 85 86 87 88 111 559 620
16 80 81 82 83 84 85 86 87 88 111 637 655
16 80 81 82 83 84 85 86 87 88 111 657 662
16 80 81 82 83 84 85 86 87 88 111 679 712
16 80 81 82 83 84 85 86 87 88 111 728 729
16 80 81 82 83 84 85 86 87 88 111 730 731
16 80 81 82 83 84 85 86 87 88 111 732 733
16 80 81 82 83 84 85 86 87 88 111 481
16 80 81 82 83 84 85 86 87 88 111 663
16 80 81 82 83 84 85 86 87 88 111 734
16 80 81 82 83 84 85 86 87 88 111 757
16 80 81 82 83 84 85 86 87 88 111 797
16 80 81 82 83 84 85 86 87 88 111 806
16 80 81 82 83 84 85 86 87 88 111 807
