0 1 2 3 4 5 6 7 8 9 10 11 12 13 14 15 74 75 76 77 78 79 91 92 95 107 110 118 122 123 124
0 1 2 3 4 5 6 7 8 9 10 11 12 13 14 15 74 75 76 77 78 79 91 92 95 107 110 118 123 127
0 1 2 3 4 5 6 7 8 9 10 11 12 13 14 15 74 75 76 77 78 79 91 139 140 182 185 187 188 189
0 1 2 3 4 5 6 7 8 9 10 11 12 13 14 15 74 75 76 77 78 79 91 139 140 182 185 187 188 190
0 1 2 3 4 5 6 7 8 9 10 11 12 13 14 15 74 75 76 77 78 79 91 139 140 182 187 188 192 193
0 1 2 3 4 5 6 7 8 9 10 11 12 13 14 15 74 75 76 77 78 79 91 139 140 187 188 192 195 197
0 1 2 3 4 5 6 7 8 9 10 11 12 13 14 15 74 75 76 77 78 79 91 92 95 107 110 118 119
0 1 2 3 4 5 6 7 8 9 10 11 12 13 14 15 74 75 76 77 78 79 91 92 95 107 110 118 120
0 1 2 3 4 5 6 7 8 9 10 11 12 13 14 15 74 75 76 77 78 79 91 92 95 107 110 118 121
0 1 2 3 4 5 6 7 8 9 10 11 12 13 14 15 74 75 76 77 78 79 91 92 95 107 110 118 128
0 1 2 3 4 5 6 7 8 9 10 11 12 13 14 15 74 75 76 77 78 79 91 139 140 182 185 186 187
0 1 2 3 4 5 6 7 8 9 10 11 12 13 14 15 74 75 76 77 78 79 91 139 140 182 187 188 191
0 1 2 3 4 5 6 7 8 9 10 11 12 13 14 15 74 75 76 77 78 79 91 139 140 187 188 192 194
0 1 2 3 4 5 6 7 8 9 10 11 12 13 14 15 74 75 76 77 78 79 91 139 140 187 188 192 199
0 1 2 3 4 5 6 7 8 9 10 11 12 13 14 15 74 75 76 77 78 91 139 140 237 238 243 244 245
0 1 2 3 4 5 6 7 8 9 10 11 12 13 14 15 74 75 76 77 78 91 139 140 237 238 243 247 248
0 1 2 3 4 5 6 7 8 9 10 11 12 13 14 15 74 75 76 77 78 91 139 140 237 238 243 249 250
16 17 18 19 20 21 22 23 24 25 26 27 28 29 30 31 32 33 45 46 47 80 89 99 103 104 105 106 126
16 17 18 19 20 21 22 23 24 25 26 27 28 29 30 31 38 39 47 55 80 89 151 520 524 556 559 561 562
16 17 18 19 20 21 22 23 24 25 26 27 28 29 30 31 38 39 47 55 80 89 151 520 556 559 565 566 567
16 17 18 19 20 21 22 23 24 25 26 27 28 29 30 31 38 47 55 56 80 89 151 520 524 525 545 548 552
16 17 18 19 20 21 22 23 24 25 26 27 28 29 30 31 44 47 51 52 80 89 151 590 594 606 609 611 612
16 17 18 19 20 21 22 23 24 25 26 27 28 29 30 31 44 47 51 52 80 89 151 590 594 606 609 611 620
16 17 18 19 20 21 22 23 24 25 26 27 28 29 30 31 47 48 49 50 80 89 151 174 211 213 215 217 220
16 17 18 19 20 21 22 23 24 25 26 27 28 29 30 31 47 54 55 80 89 151 266 269 273 274 289 292 294
16 17 18 19 20 21 22 23 24 25 26 27 28 29 30 31 47 54 55 80 89 151 266 269 273 274 289 292 295
16 17 18 19 20 21 22 23 24 25 26 27 28 29 30 31 47 54 55 80 89 151 266 269 273 274 289 292 297
16 17 18 19 20 21 22 23 24 25 26 27 28 29 30 31 47 58 59 60 80 89 151 486 503 505 507 509 518
16 17 18 19 20 21 22 23 24 25 26 27 28 29 30 31 47 61 80 89 151 404 406 408 410 412 414 416 418
16 17 18 19 20 21 22 23 24 25 26 27 28 29 30 31 47 61 80 89 151 404 406 408 410 412 414 416 452
0 1 2 3 4 5 6 7 8 9 10 11 12 13 14 15 74 75 76 77 78 79 91 92 95 107 108 109
0 1 2 3 4 5 6 7 8 9 10 11 12 13 14 15 74 75 76 77 78 79 91 139 140 182 184 185
0 1 2 3 4 5 6 7 8 9 10 11 12 13 14 15 74 75 76 77 78 79 91 139 140 188 192 200
0 1 2 3 4 5 6 7 8 9 10 11 12 13 14 15 74 75 76 77 78 79 91 139 140 600 613 614
0 1 2 3 4 5 6 7 8 9 10 11 12 13 14 15 74 75 76 77 78 79 91 139 140 600 616 617
0 1 2 3 4 5 6 7 8 9 10 11 12 13 14 15 74 75 76 77 78 91 139 140 237 238 243 246
0 1 2 3 4 5 6 7 8 9 10 11 12 13 14 15 74 75 76 77 78 91 139 140 237 238 249 251
0 1 2 3 4 5 6 7 8 9 10 11 12 13 14 15 74 75 76 77 78 91 139 140 237 238 249 252
0 1 2 3 4 5 6 7 8 9 10 11 12 13 14 15 74 75 76 77 78 91 139 140 237 238 253 254
0 1 2 3 4 5 6 7 8 9 10 11 12 13 14 15 74 75 76 77 78 91 139 140 237 238 253 255
0 1 2 3 4 5 6 7 8 9 10 11 12 13 14 15 74 75 76 77 78 91 139 140 237 238 253 256
0 1 2 3 4 5 6 7 8 9 10 11 12 13 14 15 74 75 76 77 78 91 398 419 420 423 424 425
0 1 2 3 4 5 6 7 8 9 10 11 12 13 14 15 74 75 76 77 78 91 398 419 420 423 424 426
0 1 2 3 4 5 6 7 8 9 10 11 12 13 14 15 74 75 76 77 78 91 398 419 424 429 430 431
0 1 2 3 4 5 6 7 8 9 10 11 12 13 14 15 74 75 76 77 78 91 398 419 424 429 432 433
0 1 2 3 4 5 6 7 8 9 10 11 12 13 14 15 74 75 76 77 78 91 398 419 437 438 439 440
16 17 18 19 20 21 22 23 24 25 26 27 28 29 30 31 32 45 46 47 80 89 99 103 104 105 106 111
16 17 18 19 20 21 22 23 24 25 26 27 28 29 30 31 38 39 47 55 57 80 89 151 559 572 574 575
16 17 18 19 20 21 22 23 24 25 26 27 28 29 30 31 38 39 47 55 57 80 89 151 559 572 576 579
16 17 18 19 20 21 22 23 24 25 26 27 28 29 30 31 38 39 47 55 80 89 151 520 524 556 559 563
16 17 18 19 20 21 22 23 24 25 26 27 28 29 30 31 38 39 47 55 80 89 151 520 556 559 563 564
16 17 18 19 20 21 22 23 24 25 26 27 28 29 30 31 38 39 47 55 80 89 151 520 556 559 565 568
16 17 18 19 20 21 22 23 24 25 26 27 28 29 30 31 38 39 47 55 80 89 151 520 559 565 568 569
16 17 18 19 20 21 22 23 24 25 26 27 28 29 30 31 38 40 47 55 80 89 151 520 524 525 539 540
16 17 18 19 20 21 22 23 24 25 26 27 28 29 30 31 38 47 55 80 89 151 520 524 525 545 546 547
16 17 18 19 20 21 22 23 24 25 26 27 28 29 30 31 44 47 51 52 80 89 151 590 594 606 609 610
16 17 18 19 20 21 22 23 24 25 26 27 28 29 30 31 47 48 49 80 89 151 174 178 211 213 215 216
16 17 18 19 20 21 22 23 24 25 26 27 28 29 30 31 47 54 55 80 89 151 266 269 273 274 289 290
16 17 18 19 20 21 22 23 24 25 26 27 28 29 30 31 47 55 80 89 151 266 269 273 274 276 284 285
16 17 18 19 20 21 22 23 24 25 26 27 28 29 30 31 47 58 59 80 89 151 486 490 503 505 507 508
16 17 18 19 20 21 22 23 24 25 26 27 28 29 30 31 47 80 89 151 387 404 406 408 410 412 414 415
0 1 2 3 4 5 6 7 8 9 10 11 12 13 14 15 37 74 75 76 77 78 79 91 92 93 94
0 1 2 3 4 5 6 7 8 9 10 11 12 13 14 15 74 75 76 77 78 79 91 139 140 142 143
0 1 2 3 4 5 6 7 8 9 10 11 12 13 14 15 74 75 76 77 78 79 91 139 140 145 146
0 1 2 3 4 5 6 7 8 9 10 11 12 13 14 15 74 75 76 77 78 79 91 139 140 147 149
0 1 2 3 4 5 6 7 8 9 10 11 12 13 14 15 74 75 76 77 78 79 91 139 140 152 153
0 1 2 3 4 5 6 7 8 9 10 11 12 13 14 15 74 75 76 77 78 79 91 139 140 155 156
0 1 2 3 4 5 6 7 8 9 10 11 12 13 14 15 74 75 76 77 78 79 91 139 140 158 159
0 1 2 3 4 5 6 7 8 9 10 11 12 13 14 15 74 75 76 77 78 79 91 139 140 161 162
0 1 2 3 4 5 6 7 8 9 10 11 12 13 14 15 74 75 76 77 78 79 91 139 140 166 167
0 1 2 3 4 5 6 7 8 9 10 11 12 13 14 15 74 75 76 77 78 79 91 139 140 168 169
0 1 2 3 4 5 6 7 8 9 10 11 12 13 14 15 74 75 76 77 78 79 91 139 140 168 170
0 1 2 3 4 5 6 7 8 9 10 11 12 13 14 15 74 75 76 77 78 79 91 139 140 181 182
0 1 2 3 4 5 6 7 8 9 10 11 12 13 14 15 74 75 76 77 78 79 91 139 140 222 224
0 1 2 3 4 5 6 7 8 9 10 11 12 13 14 15 74 75 76 77 78 79 91 139 140 225 226
0 1 2 3 4 5 6 7 8 9 10 11 12 13 14 15 74 75 76 77 78 79 91 139 140 232 233
0 1 2 3 4 5 6 7 8 9 10 11 12 13 14 15 74 75 76 77 78 79 91 139 140 600 615
0 1 2 3 4 5 6 7 8 9 10 11 12 13 14 15 74 75 76 77 78 79 91 139 140 600 618
0 1 2 3 4 5 6 7 8 9 10 11 12 13 14 15 74 75 76 77 78 91 139 140 237 238 257
0 1 2 3 4 5 6 7 8 9 10 11 12 13 14 15 74 75 76 77 78 91 139 140 237 238 258
0 1 2 3 4 5 6 7 8 9 10 11 12 13 14 15 74 75 76 77 78 91 398 419 420 421 422
0 1 2 3 4 5 6 7 8 9 10 11 12 13 14 15 74 75 76 77 78 91 398 419 420 424 427
0 1 2 3 4 5 6 7 8 9 10 11 12 13 14 15 74 75 76 77 78 91 398 419 429 432 434
0 1 2 3 4 5 6 7 8 9 10 11 12 13 14 15 74 75 76 77 78 91 398 419 437 438 441
0 1 2 3 4 5 6 7 8 9 10 11 12 13 14 15 74 75 76 77 78 91 398 419 437 438 442
0 1 2 3 4 5 6 7 8 9 10 11 12 13 14 15 74 75 76 77 78 91 398 419 437 443 444
0 1 2 3 4 5 6 7 8 9 10 11 12 13 14 15 74 75 76 77 78 91 398 437 445 446 447
16 17 18 19 20 21 22 23 24 25 26 27 28 29 30 31 32 45 46 47 80 89 99 103 104 105 115
16 17 18 19 20 21 22 23 24 25 26 27 28 29 30 31 38 39 47 55 57 80 89 151 559 571 572
16 17 18 19 20 21 22 23 24 25 26 27 28 29 30 31 38 39 47 55 80 89 151 520 559 565 570
16 17 18 19 20 21 22 23 24 25 26 27 28 29 30 31 38 39 47 55 80 89 151 559 565 570 571
16 17 18 19 20 21 22 23 24 25 26 27 28 29 30 31 38 39 47 55 80 89 151 559 570 571 572
16 17 18 19 20 21 22 23 24 25 26 27 28 29 30 31 38 40 47 55 80 89 151 520 524 525 541
16 17 18 19 20 21 22 23 24 25 26 27 28 29 30 31 38 47 55 80 89 151 520 524 525 541 542
16 17 18 19 20 21 22 23 24 25 26 27 28 29 30 31 38 47 55 80 89 151 520 524 525 543 544
16 17 18 19 20 21 22 23 24 25 26 27 28 29 30 31 38 47 55 80 89 151 520 524 525 544 545
16 17 18 19 20 21 22 23 24 25 26 27 28 29 30 31 44 47 51 52 80 89 151 590 594 606 607
16 17 18 19 20 21 22 23 24 25 26 27 28 29 30 31 44 47 51 80 89 151 590 594 595 601 602
16 17 18 19 20 21 22 23 24 25 26 27 28 29 30 31 47 48 49 80 89 151 174 178 179 206 207
16 17 18 19 20 21 22 23 24 25 26 27 28 29 30 31 47 48 49 80 89 151 174 178 211 213 214
16 17 18 19 20 21 22 23 24 25 26 27 28 29 30 31 47 55 80 89 151 266 269 272 273 274 275
16 17 18 19 20 21 22 23 24 25 26 27 28 29 30 31 47 55 80 89 151 266 269 273 274 276 277
16 17 18 19 20 21 22 23 24 25 26 27 28 29 30 31 47 55 80 89 151 266 269 273 274 276 286
16 17 18 19 20 21 22 23 24 25 26 27 28 29 30 31 47 55 80 89 151 266 269 273 274 286 287
16 17 18 19 20 21 22 23 24 25 26 27 28 29 30 31 47 58 59 80 89 151 486 490 493 498 499
16 17 18 19 20 21 22 23 24 25 26 27 28 29 30 31 47 58 59 80 89 151 486 490 503 505 506
16 17 18 19 20 21 22 23 24 25 26 27 28 29 30 31 47 80 89 151 387 404 406 408 410 412 413
0 1 2 3 4 5 6 7 8 9 10 11 12 13 14 15 37 74 75 76 77 78 79 91 92 95
0 1 2 3 4 5 6 7 8 9 10 11 12 13 14 15 37 74 75 76 77 78 79 91 131 132
0 1 2 3 4 5 6 7 8 9 10 11 12 13 14 15 37 74 75 76 77 78 79 91 131 133
0 1 2 3 4 5 6 7 8 9 10 11 12 13 14 15 37 74 75 76 77 78 79 91 135 137
0 1 2 3 4 5 6 7 8 9 10 11 12 13 14 15 37 74 75 76 77 78 79 91 138 139
0 1 2 3 4 5 6 7 8 9 10 11 12 13 14 15 37 74 75 76 77 78 79 91 139 140
0 1 2 3 4 5 6 7 8 9 10 11 12 13 14 15 74 75 76 77 78 79 91 139 140 141
0 1 2 3 4 5 6 7 8 9 10 11 12 13 14 15 74 75 76 77 78 79 91 139 140 144
0 1 2 3 4 5 6 7 8 9 10 11 12 13 14 15 74 75 76 77 78 79 91 139 140 150
0 1 2 3 4 5 6 7 8 9 10 11 12 13 14 15 74 75 76 77 78 79 91 139 140 154
0 1 2 3 4 5 6 7 8 9 10 11 12 13 14 15 74 75 76 77 78 79 91 139 140 157
0 1 2 3 4 5 6 7 8 9 10 11 12 13 14 15 74 75 76 77 78 79 91 139 140 160
0 1 2 3 4 5 6 7 8 9 10 11 12 13 14 15 74 75 76 77 78 79 91 139 140 163
0 1 2 3 4 5 6 7 8 9 10 11 12 13 14 15 74 75 76 77 78 79 91 139 140 165
0 1 2 3 4 5 6 7 8 9 10 11 12 13 14 15 74 75 76 77 78 79 91 139 140 171
0 1 2 3 4 5 6 7 8 9 10 11 12 13 14 15 74 75 76 77 78 79 91 139 140 227
0 1 2 3 4 5 6 7 8 9 10 11 12 13 14 15 74 75 76 77 78 79 91 139 140 234
0 1 2 3 4 5 6 7 8 9 10 11 12 13 14 15 74 75 76 77 78 91 140 300 301 304
0 1 2 3 4 5 6 7 8 9 10 11 12 13 14 15 74 75 76 77 78 91 398 419 424 428
0 1 2 3 4 5 6 7 8 9 10 11 12 13 14 15 74 75 76 77 78 91 398 419 429 435
0 1 2 3 4 5 6 7 8 9 10 11 12 13 14 15 74 75 76 77 78 91 398 419 437 445
0 1 2 3 4 5 6 7 8 9 10 11 12 13 14 15 74 75 76 77 78 91 398 437 445 448
0 1 2 3 4 5 6 7 8 9 10 11 12 13 14 15 74 75 76 77 78 91 461 462 472 473
0 1 2 3 4 5 6 7 8 9 10 11 12 13 14 15 74 75 76 77 78 91 461 479 480 481
0 1 2 3 4 5 6 7 8 9 10 11 12 13 14 15 74 75 76 77 78 91 491 511 512 513
16 17 18 19 20 21 22 23 24 25 26 27 28 29 30 31 38 40 47 55 80 89 151 520 524 555
16 17 18 19 20 21 22 23 24 25 26 27 28 29 30 31 38 47 55 80 89 151 520 524 556 557
16 17 18 19 20 21 22 23 24 25 26 27 28 29 30 31 38 47 55 80 89 151 520 524 556 558
16 17 18 19 20 21 22 23 24 25 26 27 28 29 30 31 40 47 55 80 89 151 520 524 525 530
16 17 18 19 20 21 22 23 24 25 26 27 28 29 30 31 40 47 55 80 89 151 520 524 525 537
16 17 18 19 20 21 22 23 24 25 26 27 28 29 30 31 44 47 51 80 89 151 590 594 595 596
16 17 18 19 20 21 22 23 24 25 26 27 28 29 30 31 44 47 51 80 89 151 590 594 595 603
16 17 18 19 20 21 22 23 24 25 26 27 28 29 30 31 44 47 51 80 89 151 590 594 603 604
16 17 18 19 20 21 22 23 24 25 26 27 28 29 30 31 47 48 49 80 89 151 174 178 179 180
16 17 18 19 20 21 22 23 24 25 26 27 28 29 30 31 47 48 49 80 89 151 174 178 179 183
16 17 18 19 20 21 22 23 24 25 26 27 28 29 30 31 47 48 49 80 89 151 174 178 179 196
16 17 18 19 20 21 22 23 24 25 26 27 28 29 30 31 47 48 49 80 89 151 174 178 179 198
16 17 18 19 20 21 22 23 24 25 26 27 28 29 30 31 47 48 49 80 89 151 174 178 179 201
16 17 18 19 20 21 22 23 24 25 26 27 28 29 30 31 47 48 49 80 89 151 174 178 179 208
16 17 18 19 20 21 22 23 24 25 26 27 28 29 30 31 47 48 49 80 89 151 174 178 208 209
16 17 18 19 20 21 22 23 24 25 26 27 28 29 30 31 47 48 49 80 89 151 174 178 211 212
16 17 18 19 20 21 22 23 24 25 26 27 28 29 30 31 47 55 80 89 151 266 269 271 272 273
16 17 18 19 20 21 22 23 24 25 26 27 28 29 30 31 47 55 80 89 151 266 269 273 274 288
16 17 18 19 20 21 22 23 24 25 26 27 28 29 30 31 47 58 59 80 89 151 486 490 493 494
16 17 18 19 20 21 22 23 24 25 26 27 28 29 30 31 47 58 59 80 89 151 486 490 493 500
16 17 18 19 20 21 22 23 24 25 26 27 28 29 30 31 47 58 59 80 89 151 486 490 500 501
16 17 18 19 20 21 22 23 24 25 26 27 28 29 30 31 47 58 59 80 89 151 486 490 503 504
16 17 18 19 20 21 22 23 24 25 26 27 28 29 30 31 47 80 89 151 387 404 406 408 410 411
0 1 2 3 4 5 6 7 8 9 10 11 12 13 14 15 37 74 75 76 77 78 79 91 130
0 1 2 3 4 5 6 7 8 9 10 11 12 13 14 15 37 74 75 76 77 78 79 91 134
0 1 2 3 4 5 6 7 8 9 10 11 12 13 14 15 74 75 76 77 78 91 140 300 305
0 1 2 3 4 5 6 7 8 9 10 11 12 13 14 15 74 75 76 77 78 91 140 308 309
0 1 2 3 4 5 6 7 8 9 10 11 12 13 14 15 74 75 76 77 78 91 140 313 315
0 1 2 3 4 5 6 7 8 9 10 11 12 13 14 15 74 75 76 77 78 91 140 318 319
0 1 2 3 4 5 6 7 8 9 10 11 12 13 14 15 74 75 76 77 78 91 140 326 327
0 1 2 3 4 5 6 7 8 9 10 11 12 13 14 15 74 75 76 77 78 91 398 419 436
0 1 2 3 4 5 6 7 8 9 10 11 12 13 14 15 74 75 76 77 78 91 398 437 449
0 1 2 3 4 5 6 7 8 9 10 11 12 13 14 15 74 75 76 77 78 91 461 462 474
0 1 2 3 4 5 6 7 8 9 10 11 12 13 14 15 74 75 76 77 78 91 461 462 475
0 1 2 3 4 5 6 7 8 9 10 11 12 13 14 15 74 75 76 77 78 91 461 479 482
0 1 2 3 4 5 6 7 8 9 10 11 12 13 14 15 74 75 76 77 78 91 491 511 514
0 1 2 3 4 5 6 7 8 9 10 11 12 13 14 15 74 75 76 77 78 91 491 511 515
0 1 2 3 4 5 6 7 8 9 10 11 12 13 14 15 74 75 76 77 78 348 349 350 351
16 17 18 19 20 21 22 23 24 25 26 27 28 29 30 31 38 47 55 80 89 151 520 524 553
16 17 18 19 20 21 22 23 24 25 26 27 28 29 30 31 44 47 51 80 89 151 590 593 594
16 17 18 19 20 21 22 23 24 25 26 27 28 29 30 31 44 47 51 80 89 151 590 594 605
16 17 18 19 20 21 22 23 24 25 26 27 28 29 30 31 47 48 49 80 89 151 174 177 178
16 17 18 19 20 21 22 23 24 25 26 27 28 29 30 31 47 48 49 80 89 151 174 178 210
16 17 18 19 20 21 22 23 24 25 26 27 28 29 30 31 47 55 80 89 151 266 269 281 282
16 17 18 19 20 21 22 23 24 25 26 27 28 29 30 31 47 55 80 89 151 520 521 522 523
16 17 18 19 20 21 22 23 24 25 26 27 28 29 30 31 47 55 80 89 151 520 524 525 526
16 17 18 19 20 21 22 23 24 25 26 27 28 29 30 31 47 55 80 89 151 520 524 525 528
16 17 18 19 20 21 22 23 24 25 26 27 28 29 30 31 47 58 59 80 89 151 486 489 490
16 17 18 19 20 21 22 23 24 25 26 27 28 29 30 31 47 58 59 80 89 151 486 490 492
16 17 18 19 20 21 22 23 24 25 26 27 28 29 30 31 47 58 59 80 89 151 486 490 502
16 17 18 19 20 21 22 23 24 25 26 27 28 29 30 31 47 80 89 151 387 404 406 408 409
0 1 2 3 4 5 6 7 8 9 10 11 12 13 14 15 74 75 76 77 78 91 140 293
0 1 2 3 4 5 6 7 8 9 10 11 12 13 14 15 74 75 76 77 78 91 140 298
0 1 2 3 4 5 6 7 8 9 10 11 12 13 14 15 74 75 76 77 78 91 140 306
0 1 2 3 4 5 6 7 8 9 10 11 12 13 14 15 74 75 76 77 78 91 140 307
0 1 2 3 4 5 6 7 8 9 10 11 12 13 14 15 74 75 76 77 78 91 140 310
0 1 2 3 4 5 6 7 8 9 10 11 12 13 14 15 74 75 76 77 78 91 140 311
0 1 2 3 4 5 6 7 8 9 10 11 12 13 14 15 74 75 76 77 78 91 140 312
0 1 2 3 4 5 6 7 8 9 10 11 12 13 14 15 74 75 76 77 78 91 140 320
0 1 2 3 4 5 6 7 8 9 10 11 12 13 14 15 74 75 76 77 78 91 140 325
0 1 2 3 4 5 6 7 8 9 10 11 12 13 14 15 74 75 76 77 78 91 140 329
0 1 2 3 4 5 6 7 8 9 10 11 12 13 14 15 74 75 76 77 78 91 330 331
0 1 2 3 4 5 6 7 8 9 10 11 12 13 14 15 74 75 76 77 78 91 332 334
0 1 2 3 4 5 6 7 8 9 10 11 12 13 14 15 74 75 76 77 78 91 398 450
0 1 2 3 4 5 6 7 8 9 10 11 12 13 14 15 74 75 76 77 78 91 461 476
0 1 2 3 4 5 6 7 8 9 10 11 12 13 14 15 74 75 76 77 78 91 479 483
0 1 2 3 4 5 6 7 8 9 10 11 12 13 14 15 74 75 76 77 78 91 491 516
0 1 2 3 4 5 6 7 8 9 10 11 12 13 14 15 74 75 76 77 78 91 527 529
0 1 2 3 4 5 6 7 8 9 10 11 12 13 14 15 74 75 76 77 78 91 531 532
0 1 2 3 4 5 6 7 8 9 10 11 12 13 14 15 74 75 76 77 78 91 533 534
16 17 18 19 20 21 22 23 24 25 26 27 28 29 30 31 44 47 51 80 89 151 590 599
16 17 18 19 20 21 22 23 24 25 26 27 28 29 30 31 47 48 49 80 89 151 174 204
16 17 18 19 20 21 22 23 24 25 26 27 28 29 30 31 47 53 80 89 151 239 241 242
16 17 18 19 20 21 22 23 24 25 26 27 28 29 30 31 47 53 80 89 151 239 241 260
16 17 18 19 20 21 22 23 24 25 26 27 28 29 30 31 47 55 80 89 151 266 268 269
16 17 18 19 20 21 22 23 24 25 26 27 28 29 30 31 47 55 80 89 151 266 269 270
16 17 18 19 20 21 22 23 24 25 26 27 28 29 30 31 47 55 80 89 151 266 269 278
16 17 18 19 20 21 22 23 24 25 26 27 28 29 30 31 47 55 80 89 151 266 269 279
16 17 18 19 20 21 22 23 24 25 26 27 28 29 30 31 47 55 80 89 151 266 269 280
16 17 18 19 20 21 22 23 24 25 26 27 28 29 30 31 47 55 80 89 151 266 269 283
16 17 18 19 20 21 22 23 24 25 26 27 28 29 30 31 47 55 80 89 151 520 522 524
16 17 18 19 20 21 22 23 24 25 26 27 28 29 30 31 47 58 59 80 89 151 486 497
16 17 18 19 20 21 22 23 24 25 26 27 28 29 30 31 47 80 89 151 387 389 399 400
16 17 18 19 20 21 22 23 24 25 26 27 28 29 30 31 47 80 89 151 387 404 406 407
16 17 18 19 20 21 22 23 24 25 26 27 28 29 30 31 47 80 89 151 457 458 459 460
16 17 18 19 20 21 22 23 24 25 26 27 28 29 30 31 47 80 89 151 458 463 464 465
16 17 18 19 20 21 22 23 24 25 26 27 28 29 30 31 352 353 354 355 356 357 358 359
0 1 2 3 4 5 6 7 8 9 10 11 12 13 14 15 74 75 76 77 78 91 335
0 1 2 3 4 5 6 7 8 9 10 11 12 13 14 15 74 75 76 77 78 91 484
0 1 2 3 4 5 6 7 8 9 10 11 12 13 14 15 74 75 76 77 78 91 535
0 1 2 3 4 5 6 7 8 9 10 11 12 13 14 15 74 75 76 77 78 91 550
0 1 2 3 4 5 6 7 8 9 10 11 12 13 14 15 74 75 76 77 78 91 577
0 1 2 3 4 5 6 7 8 9 10 11 12 13 14 15 74 75 76 77 78 91 583
0 1 2 3 4 5 6 7 8 9 10 11 12 13 14 15 74 75 76 77 78 91 584
16 17 18 19 20 21 22 23 24 25 26 27 28 29 30 31 38 47 55 80 89 151 580
16 17 18 19 20 21 22 23 24 25 26 27 28 29 30 31 38 47 55 80 89 151 581
16 17 18 19 20 21 22 23 24 25 26 27 28 29 30 31 38 47 55 80 89 151 585
16 17 18 19 20 21 22 23 24 25 26 27 28 29 30 31 38 47 55 80 89 151 586
16 17 18 19 20 21 22 23 24 25 26 27 28 29 30 31 47 55 80 89 151 263 266
16 17 18 19 20 21 22 23 24 25 26 27 28 29 30 31 47 55 80 89 151 266 267
16 17 18 19 20 21 22 23 24 25 26 27 28 29 30 31 47 55 80 89 151 316 317
16 17 18 19 20 21 22 23 24 25 26 27 28 29 30 31 47 55 80 89 151 321 322
16 17 18 19 20 21 22 23 24 25 26 27 28 29 30 31 47 80 89 151 386 387 388
16 17 18 19 20 21 22 23 24 25 26 27 28 29 30 31 47 80 89 151 387 389 390
16 17 18 19 20 21 22 23 24 25 26 27 28 29 30 31 47 80 89 151 387 389 401
16 17 18 19 20 21 22 23 24 25 26 27 28 29 30 31 47 80 89 151 387 401 402
16 17 18 19 20 21 22 23 24 25 26 27 28 29 30 31 47 80 89 151 387 404 405
16 17 18 19 20 21 22 23 24 25 26 27 28 29 30 31 47 80 89 151 458 463 466
16 17 18 19 20 21 22 23 24 25 26 27 28 29 30 31 47 80 89 151 458 466 467
16 17 18 19 20 21 22 23 24 25 26 27 28 29 30 31 34 41 361 364 367 373
16 17 18 19 20 21 22 23 24 25 26 27 28 29 30 31 35 47 80 89 151 173
16 17 18 19 20 21 22 23 24 25 26 27 28 29 30 31 35 47 80 89 151 221
16 17 18 19 20 21 22 23 24 25 26 27 28 29 30 31 36 47 80 89 151 343
16 17 18 19 20 21 22 23 24 25 26 27 28 29 30 31 47 55 80 89 151 302
16 17 18 19 20 21 22 23 24 25 26 27 28 29 30 31 47 55 80 89 151 303
16 17 18 19 20 21 22 23 24 25 26 27 28 29 30 31 47 55 80 89 151 314
16 17 18 19 20 21 22 23 24 25 26 27 28 29 30 31 47 55 80 89 151 323
16 17 18 19 20 21 22 23 24 25 26 27 28 29 30 31 47 55 80 89 151 324
16 17 18 19 20 21 22 23 24 25 26 27 28 29 30 31 47 55 80 89 151 328
16 17 18 19 20 21 22 23 24 25 26 27 28 29 30 31 47 55 80 89 151 333
16 17 18 19 20 21 22 23 24 25 26 27 28 29 30 31 47 55 80 89 151 336
16 17 18 19 20 21 22 23 24 25 26 27 28 29 30 31 47 55 80 89 151 337
16 17 18 19 20 21 22 23 24 25 26 27 28 29 30 31 47 55 80 89 151 338
16 17 18 19 20 21 22 23 24 25 26 27 28 29 30 31 47 55 80 89 151 339
16 17 18 19 20 21 22 23 24 25 26 27 28 29 30 31 47 55 80 89 151 519
16 17 18 19 20 21 22 23 24 25 26 27 28 29 30 31 47 80 89 151 235 236
16 17 18 19 20 21 22 23 24 25 26 27 28 29 30 31 47 80 89 151 263 264
16 17 18 19 20 21 22 23 24 25 26 27 28 29 30 31 47 80 89 151 385 386
16 17 18 19 20 21 22 23 24 25 26 27 28 29 30 31 47 80 89 151 387 403
16 17 18 19 20 21 22 23 24 25 26 27 28 29 30 31 47 80 89 151 394 395
16 17 18 19 20 21 22 23 24 25 26 27 28 29 30 31 47 80 89 151 453 454
16 17 18 19 20 21 22 23 24 25 26 27 28 29 30 31 47 80 89 151 455 456
16 17 18 19 20 21 22 23 24 25 26 27 28 29 30 31 47 80 89 151 456 457
16 17 18 19 20 21 22 23 24 25 26 27 28 29 30 31 47 80 89 151 458 468
16 17 18 19 20 21 22 23 24 25 26 27 28 29 30 31 47 80 89 151 470 471
16 17 18 19 20 21 22 23 24 25 26 27 28 29 30 31 47 80 89 151 470 477
16 17 18 19 20 21 22 23 24 25 26 27 28 29 30 31 47 80 89 151 470 478
16 17 18 19 20 21 22 23 24 25 26 27 28 29 30 31 36 42 347 375 377
16 17 18 19 20 21 22 23 24 25 26 27 28 29 30 31 41 361 364 367 368
16 17 18 19 20 21 22 23 24 25 26 27 28 29 30 31 47 80 89 151 164
16 17 18 19 20 21 22 23 24 25 26 27 28 29 30 31 47 80 89 151 223
16 17 18 19 20 21 22 23 24 25 26 27 28 29 30 31 47 80 89 151 228
16 17 18 19 20 21 22 23 24 25 26 27 28 29 30 31 47 80 89 151 229
16 17 18 19 20 21 22 23 24 25 26 27 28 29 30 31 47 80 89 151 230
16 17 18 19 20 21 22 23 24 25 26 27 28 29 30 31 47 80 89 151 231
16 17 18 19 20 21 22 23 24 25 26 27 28 29 30 31 47 80 89 151 261
16 17 18 19 20 21 22 23 24 25 26 27 28 29 30 31 47 80 89 151 262
16 17 18 19 20 21 22 23 24 25 26 27 28 29 30 31 47 80 89 151 340
16 17 18 19 20 21 22 23 24 25 26 27 28 29 30 31 47 80 89 151 341
16 17 18 19 20 21 22 23 24 25 26 27 28 29 30 31 47 80 89 151 382
16 17 18 19 20 21 22 23 24 25 26 27 28 29 30 31 47 80 89 151 383
16 17 18 19 20 21 22 23 24 25 26 27 28 29 30 31 47 80 89 151 384
16 17 18 19 20 21 22 23 24 25 26 27 28 29 30 31 47 80 89 151 391
16 17 18 19 20 21 22 23 24 25 26 27 28 29 30 31 47 80 89 151 392
16 17 18 19 20 21 22 23 24 25 26 27 28 29 30 31 47 80 89 151 393
16 17 18 19 20 21 22 23 24 25 26 27 28 29 30 31 47 80 89 151 396
16 17 18 19 20 21 22 23 24 25 26 27 28 29 30 31 47 80 89 151 469
16 17 18 19 20 21 22 23 24 25 26 27 28 29 30 31 47 80 89 151 485
16 17 18 19 20 21 22 23 24 25 26 27 28 29 30 31 36 43 379 381
16 17 18 19 20 21 22 23 24 25 26 27 28 29 30 31 36 344 345 346
16 17 18 19 20 21 22 23 24 25 26 27 28 29 30 31 41 361 364 366
16 17 18 19 20 21 22 23 24 25 26 27 28 29 30 31 41 361 364 370
16 17 18 19 20 21 22 23 24 25 26 27 28 29 30 31 47 80 89 96
16 17 18 19 20 21 22 23 24 25 26 27 28 29 30 31 47 80 89 136
16 17 18 19 20 21 22 23 24 25 26 27 28 29 30 31 47 80 89 148
16 17 18 19 20 21 22 23 24 25 26 27 28 29 30 31 80 89 96 97
16 17 18 19 20 21 22 23 24 25 26 27 28 29 30 31 36 43 345
16 17 18 19 20 21 22 23 24 25 26 27 28 29 30 31 36 80 344
16 17 18 19 20 21 22 23 24 25 26 27 28 29 30 31 80 81 82
16 17 18 19 20 21 22 23 24 25 26 27 28 29 30 31 80 85 86
16 17 18 19 20 21 22 23 24 25 26 27 28 29 30 31 361 362 363
16 17 18 19 20 21 22 23 24 25 26 27 28 29 30 31 36 360
16 17 18 19 20 21 22 23 24 25 26 27 28 29 30 31 80 83
16 17 18 19 20 21 22 23 24 25 26 27 28 29 30 31 80 84
16 17 18 19 20 21 22 23 24 25 26 27 28 29 30 31 80 87
16 17 18 19 20 21 22 23 24 25 26 27 28 29 30 31 80 88
16 17 18 19 20 21 22 23 24 25 26 27 28 29 30 31 360 361
0 1 2 3 4 5 6 7 8 9 10 11 12 13 14 15 70
0 1 2 3 4 5 6 7 8 9 10 11 12 13 14 15 71
0 1 2 3 4 5 6 7 8 9 10 11 12 13 14 15 72
0 1 2 3 4 5 6 7 8 9 10 11 12 13 14 15 73
16 17 18 19 20 21 22 23 24 25 26 27 28 29 30 31 62
16 17 18 19 20 21 22 23 24 25 26 27 28 29 30 31 63
16 17 18 19 20 21 22 23 24 25 26 27 28 29 30 31 64
16 17 18 19 20 21 22 23 24 25 26 27 28 29 30 31 65
16 17 18 19 20 21 22 23 24 25 26 27 28 29 30 31 66
16 17 18 19 20 21 22 23 24 25 26 27 28 29 30 31 67
16 17 18 19 20 21 22 23 24 25 26 27 28 29 30 31 68
16 17 18 19 20 21 22 23 24 25 26 27 28 29 30 31 69
0 1 2 32 33 45 46 47 80 89 99 103 104 105 106 126
0 1 2 38 39 47 55 80 89 151 520 524 556 559 561 562
0 1 2 38 39 47 55 80 89 151 520 556 559 565 566 567
0 1 2 38 47 55 56 80 89 151 520 524 525 545 548 552
0 1 2 44 47 51 52 80 89 151 590 594 606 609 611 612
0 1 2 44 47 51 52 80 89 151 590 594 606 609 611 620
0 1 2 47 48 49 50 80 89 151 174 211 213 215 217 220
0 1 2 47 54 55 80 89 151 266 269 273 274 289 292 294
0 1 2 47 54 55 80 89 151 266 269 273 274 289 292 295
0 1 2 47 54 55 80 89 151 266 269 273 274 289 292 297
0 1 2 47 58 59 60 80 89 151 486 503 505 507 509 518
0 1 2 47 61 80 89 151 404 406 408 410 412 414 416 418
0 1 2 47 61 80 89 151 404 406 408 410 412 414 416 452
16 26 27 28 29 30 31 74 75 76 77 78 79 91 139 140
16 74 75 76 77 78 79 91 92 95 107 110 118 122 123 124
0 1 2 32 45 46 47 80 89 99 103 104 105 106 111
0 1 2 38 39 47 55 57 80 89 151 559 572 574 575
0 1 2 38 39 47 55 57 80 89 151 559 572 576 579
0 1 2 38 39 47 55 80 89 151 520 524 556 559 563
0 1 2 38 39 47 55 80 89 151 520 556 559 563 564
0 1 2 38 39 47 55 80 89 151 520 556 559 565 568
0 1 2 38 39 47 55 80 89 151 520 559 565 568 569
0 1 2 38 40 47 55 80 89 151 520 524 525 539 540
0 1 2 38 47 55 80 89 151 520 524 525 545 546 547
0 1 2 44 47 51 52 80 89 151 590 594 606 609 610
0 1 2 47 48 49 80 89 151 174 178 211 213 215 216
0 1 2 47 54 55 80 89 151 266 269 273 274 289 290
0 1 2 47 55 80 89 151 266 269 273 274 276 284 285
0 1 2 47 58 59 80 89 151 486 490 503 505 507 508
0 1 2 47 80 89 151 387 404 406 408 410 412 414 415
16 74 75 76 77 78 79 91 92 95 107 110 118 123 127
16 74 75 76 77 78 79 91 139 140 182 185 187 188 189
16 74 75 76 77 78 79 91 139 140 182 185 187 188 190
16 74 75 76 77 78 79 91 139 140 182 187 188 192 193
16 74 75 76 77 78 79 91 139 140 187 188 192 195 197
0 1 2 10 11 12 13 14 15 47 55 80 89 151
0 1 2 32 45 46 47 80 89 99 103 104 105 115
0 1 2 38 39 47 55 57 80 89 151 559 571 572
0 1 2 38 39 47 55 80 89 151 520 559 565 570
0 1 2 38 39 47 55 80 89 151 559 565 570 571
0 1 2 38 39 47 55 80 89 151 559 570 571 572
0 1 2 38 40 47 55 80 89 151 520 524 525 541
0 1 2 38 47 55 80 89 151 520 524 525 541 542
0 1 2 38 47 55 80 89 151 520 524 525 543 544
0 1 2 38 47 55 80 89 151 520 524 525 544 545
0 1 2 44 47 51 52 80 89 151 590 594 606 607
0 1 2 44 47 51 80 89 151 590 594 595 601 602
0 1 2 47 48 49 80 89 151 174 178 179 206 207
0 1 2 47 48 49 80 89 151 174 178 211 213 214
0 1 2 47 55 80 89 151 266 269 272 273 274 275
0 1 2 47 55 80 89 151 266 269 273 274 276 277
0 1 2 47 55 80 89 151 266 269 273 274 276 286
0 1 2 47 55 80 89 151 266 269 273 274 286 287
0 1 2 47 58 59 80 89 151 486 490 493 498 499
0 1 2 47 58 59 80 89 151 486 490 503 505 506
0 1 2 47 80 89 151 387 404 406 408 410 412 413
16 74 75 76 77 78 79 91 92 95 107 110 118 119
16 74 75 76 77 78 79 91 92 95 107 110 118 120
16 74 75 76 77 78 79 91 92 95 107 110 118 121
16 74 75 76 77 78 79 91 92 95 107 110 118 128
16 74 75 76 77 78 79 91 139 140 182 185 186 187
16 74 75 76 77 78 79 91 139 140 182 187 188 191
16 74 75 76 77 78 79 91 139 140 187 188 192 194
16 74 75 76 77 78 79 91 139 140 187 188 192 199
16 74 75 76 77 78 91 139 140 237 238 243 244 245
16 74 75 76 77 78 91 139 140 237 238 243 247 248
16 74 75 76 77 78 91 139 140 237 238 243 249 250
0 1 2 38 40 47 55 80 89 151 520 524 555
0 1 2 38 47 55 80 89 151 520 524 556 557
0 1 2 38 47 55 80 89 151 520 524 556 558
0 1 2 40 47 55 80 89 151 520 524 525 530
0 1 2 40 47 55 80 89 151 520 524 525 537
0 1 2 44 47 51 80 89 151 590 594 595 596
0 1 2 44 47 51 80 89 151 590 594 595 603
0 1 2 44 47 51 80 89 151 590 594 603 604
0 1 2 47 48 49 80 89 151 174 178 179 180
0 1 2 47 48 49 80 89 151 174 178 179 183
0 1 2 47 48 49 80 89 151 174 178 179 196
0 1 2 47 48 49 80 89 151 174 178 179 198
0 1 2 47 48 49 80 89 151 174 178 179 201
0 1 2 47 48 49 80 89 151 174 178 179 208
0 1 2 47 48 49 80 89 151 174 178 208 209
0 1 2 47 48 49 80 89 151 174 178 211 212
0 1 2 47 55 80 89 151 266 269 271 272 273
0 1 2 47 55 80 89 151 266 269 273 274 288
0 1 2 47 58 59 80 89 151 486 490 493 494
0 1 2 47 58 59 80 89 151 486 490 493 500
0 1 2 47 58 59 80 89 151 486 490 500 501
0 1 2 47 58 59 80 89 151 486 490 503 504
0 1 2 47 80 89 151 387 404 406 408 410 411
16 74 75 76 77 78 79 91 92 95 107 108 109
16 74 75 76 77 78 79 91 139 140 182 184 185
16 74 75 76 77 78 79 91 139 140 188 192 200
16 74 75 76 77 78 79 91 139 140 600 613 614
16 74 75 76 77 78 79 91 139 140 600 616 617
16 74 75 76 77 78 91 139 140 237 238 243 246
16 74 75 76 77 78 91 139 140 237 238 249 251
16 74 75 76 77 78 91 139 140 237 238 249 252
16 74 75 76 77 78 91 139 140 237 238 253 254
16 74 75 76 77 78 91 139 140 237 238 253 255
16 74 75 76 77 78 91 139 140 237 238 253 256
16 74 75 76 77 78 91 398 419 420 423 424 425
16 74 75 76 77 78 91 398 419 420 423 424 426
16 74 75 76 77 78 91 398 419 424 429 430 431
16 74 75 76 77 78 91 398 419 424 429 432 433
16 74 75 76 77 78 91 398 419 437 438 439 440
0 1 2 10 11 12 13 47 80 89 151 229
0 1 2 10 11 12 13 47 80 89 151 230
0 1 2 10 11 12 13 47 80 89 151 231
0 1 2 10 11 12 47 55 80 89 151 323
0 1 2 11 12 47 55 80 89 151 316 317
0 1 2 11 12 47 55 80 89 151 321 322
0 1 2 38 47 55 80 89 151 520 524 553
0 1 2 44 47 51 80 89 151 590 593 594
0 1 2 44 47 51 80 89 151 590 594 605
0 1 2 47 48 49 80 89 151 174 177 178
0 1 2 47 48 49 80 89 151 174 178 210
0 1 2 47 55 80 89 151 266 269 281 282
0 1 2 47 55 80 89 151 520 521 522 523
0 1 2 47 55 80 89 151 520 524 525 526
0 1 2 47 55 80 89 151 520 524 525 528
0 1 2 47 58 59 80 89 151 486 489 490
0 1 2 47 58 59 80 89 151 486 490 492
0 1 2 47 58 59 80 89 151 486 490 502
0 1 2 47 80 89 151 387 404 406 408 409
16 22 23 24 25 26 27 28 29 30 31 74
16 23 24 25 26 27 28 29 30 31 74 75
16 24 25 26 27 28 29 30 31 74 75 76
16 25 26 27 28 29 30 31 74 75 76 77
16 37 74 75 76 77 78 79 91 92 93 94
16 74 75 76 77 78 79 91 139 140 142 143
16 74 75 76 77 78 79 91 139 140 145 146
16 74 75 76 77 78 79 91 139 140 147 149
16 74 75 76 77 78 79 91 139 140 152 153
16 74 75 76 77 78 79 91 139 140 155 156
16 74 75 76 77 78 79 91 139 140 158 159
16 74 75 76 77 78 79 91 139 140 161 162
16 74 75 76 77 78 79 91 139 140 166 167
16 74 75 76 77 78 79 91 139 140 168 169
16 74 75 76 77 78 79 91 139 140 168 170
16 74 75 76 77 78 79 91 139 140 181 182
16 74 75 76 77 78 79 91 139 140 222 224
16 74 75 76 77 78 79 91 139 140 225 226
16 74 75 76 77 78 79 91 139 140 232 233
16 74 75 76 77 78 79 91 139 140 600 615
16 74 75 76 77 78 79 91 139 140 600 618
16 74 75 76 77 78 91 139 140 237 238 257
16 74 75 76 77 78 91 139 140 237 238 258
16 74 75 76 77 78 91 398 419 420 421 422
16 74 75 76 77 78 91 398 419 420 424 427
16 74 75 76 77 78 91 398 419 429 432 434
16 74 75 76 77 78 91 398 419 437 438 441
16 74 75 76 77 78 91 398 419 437 438 442
16 74 75 76 77 78 91 398 419 437 443 444
16 74 75 76 77 78 91 398 437 445 446 447
0 1 2 4 5 6 7 8 9 15 62
0 1 2 11 12 47 55 80 89 151 314
0 1 2 44 47 51 80 89 151 590 599
0 1 2 47 48 49 80 89 151 174 204
0 1 2 47 53 80 89 151 239 241 242
0 1 2 47 53 80 89 151 239 241 260
0 1 2 47 55 80 89 151 266 268 269
0 1 2 47 55 80 89 151 266 269 270
0 1 2 47 55 80 89 151 266 269 278
0 1 2 47 55 80 89 151 266 269 279
0 1 2 47 55 80 89 151 266 269 280
0 1 2 47 55 80 89 151 266 269 283
0 1 2 47 55 80 89 151 520 522 524
0 1 2 47 58 59 80 89 151 486 497
0 1 2 47 80 89 151 387 389 399 400
0 1 2 47 80 89 151 387 404 406 407
0 1 2 47 80 89 151 457 458 459 460
0 1 2 47 80 89 151 458 463 464 465
16 37 74 75 76 77 78 79 91 92 95
16 37 74 75 76 77 78 79 91 131 132
16 37 74 75 76 77 78 79 91 131 133
16 37 74 75 76 77 78 79 91 135 137
16 37 74 75 76 77 78 79 91 138 139
16 37 74 75 76 77 78 79 91 139 140
16 74 75 76 77 78 79 91 139 140 141
16 74 75 76 77 78 79 91 139 140 144
16 74 75 76 77 78 79 91 139 140 150
16 74 75 76 77 78 79 91 139 140 154
16 74 75 76 77 78 79 91 139 140 157
16 74 75 76 77 78 79 91 139 140 160
16 74 75 76 77 78 79 91 139 140 163
16 74 75 76 77 78 79 91 139 140 165
16 74 75 76 77 78 79 91 139 140 171
16 74 75 76 77 78 79 91 139 140 227
16 74 75 76 77 78 79 91 139 140 234
16 74 75 76 77 78 91 140 300 301 304
16 74 75 76 77 78 91 398 419 424 428
16 74 75 76 77 78 91 398 419 429 435
16 74 75 76 77 78 91 398 419 437 445
16 74 75 76 77 78 91 398 437 445 448
16 74 75 76 77 78 91 461 462 472 473
16 74 75 76 77 78 91 461 479 480 481
16 74 75 76 77 78 91 491 511 512 513
0 1 2 5 6 7 8 9 15 63
0 1 2 10 11 47 80 89 151 228
0 1 2 38 47 55 80 89 151 580
0 1 2 38 47 55 80 89 151 581
0 1 2 38 47 55 80 89 151 585
0 1 2 38 47 55 80 89 151 586
0 1 2 47 55 80 89 151 263 266
0 1 2 47 55 80 89 151 266 267
0 1 2 47 80 89 151 386 387 388
0 1 2 47 80 89 151 387 389 390
0 1 2 47 80 89 151 387 389 401
0 1 2 47 80 89 151 387 401 402
0 1 2 47 80 89 151 387 404 405
0 1 2 47 80 89 151 458 463 466
0 1 2 47 80 89 151 458 466 467
0 1 4 5 6 7 8 9 15 359
0 1 5 6 7 8 9 15 358 359
0 1 6 7 8 9 15 357 358 359
0 1 7 8 9 15 356 357 358 359
0 1 8 9 15 355 356 357 358 359
0 1 9 15 354 355 356 357 358 359
0 1 15 353 354 355 356 357 358 359
0 1 352 353 354 355 356 357 358 359
16 18 19 20 21 22 23 24 25 70
16 18 19 20 21 22 23 24 25 351
16 19 20 21 22 23 24 25 350 351
16 20 21 22 23 24 25 349 350 351
16 21 22 23 24 25 348 349 350 351
16 22 23 24 25 74 348 349 350 351
16 23 24 25 74 75 348 349 350 351
16 24 25 74 75 76 348 349 350 351
16 25 74 75 76 77 348 349 350 351
16 37 74 75 76 77 78 79 91 130
16 37 74 75 76 77 78 79 91 134
16 74 75 76 77 78 91 140 300 305
16 74 75 76 77 78 91 140 308 309
16 74 75 76 77 78 91 140 313 315
16 74 75 76 77 78 91 140 318 319
16 74 75 76 77 78 91 140 326 327
16 74 75 76 77 78 91 398 419 436
16 74 75 76 77 78 91 398 437 449
16 74 75 76 77 78 91 461 462 474
16 74 75 76 77 78 91 461 462 475
16 74 75 76 77 78 91 461 479 482
16 74 75 76 77 78 91 491 511 514
16 74 75 76 77 78 91 491 511 515
16 74 75 76 77 78 348 349 350 351
0 1 2 6 7 8 9 15 64
0 1 2 35 47 80 89 151 173
0 1 2 35 47 80 89 151 221
0 1 2 36 47 80 89 151 343
0 1 2 47 55 80 89 151 302
0 1 2 47 55 80 89 151 303
0 1 2 47 55 80 89 151 324
0 1 2 47 55 80 89 151 328
0 1 2 47 55 80 89 151 333
0 1 2 47 55 80 89 151 336
0 1 2 47 55 80 89 151 337
0 1 2 47 55 80 89 151 338
0 1 2 47 55 80 89 151 339
0 1 2 47 55 80 89 151 519
0 1 2 47 80 89 151 235 236
0 1 2 47 80 89 151 263 264
0 1 2 47 80 89 151 385 386
0 1 2 47 80 89 151 387 403
0 1 2 47 80 89 151 394 395
0 1 2 47 80 89 151 453 454
0 1 2 47 80 89 151 455 456
0 1 2 47 80 89 151 456 457
0 1 2 47 80 89 151 458 468
0 1 2 47 80 89 151 470 471
0 1 2 47 80 89 151 470 477
0 1 2 47 80 89 151 470 478
16 19 20 21 22 23 24 25 71
16 74 75 76 77 78 91 140 293
16 74 75 76 77 78 91 140 298
16 74 75 76 77 78 91 140 306
16 74 75 76 77 78 91 140 307
16 74 75 76 77 78 91 140 310
16 74 75 76 77 78 91 140 311
16 74 75 76 77 78 91 140 312
16 74 75 76 77 78 91 140 320
16 74 75 76 77 78 91 140 325
16 74 75 76 77 78 91 140 329
16 74 75 76 77 78 91 330 331
16 74 75 76 77 78 91 332 334
16 74 75 76 77 78 91 398 450
16 74 75 76 77 78 91 461 476
16 74 75 76 77 78 91 479 483
16 74 75 76 77 78 91 491 516
16 74 75 76 77 78 91 527 529
16 74 75 76 77 78 91 531 532
16 74 75 76 77 78 91 533 534
0 1 2 7 8 9 15 65
0 1 2 47 80 89 151 164
0 1 2 47 80 89 151 223
0 1 2 47 80 89 151 261
0 1 2 47 80 89 151 262
0 1 2 47 80 89 151 340
0 1 2 47 80 89 151 341
0 1 2 47 80 89 151 382
0 1 2 47 80 89 151 383
0 1 2 47 80 89 151 384
0 1 2 47 80 89 151 391
0 1 2 47 80 89 151 392
0 1 2 47 80 89 151 393
0 1 2 47 80 89 151 396
0 1 2 47 80 89 151 469
0 1 2 47 80 89 151 485
0 1 34 41 361 364 367 373
16 20 21 22 23 24 25 72
16 74 75 76 77 78 91 335
16 74 75 76 77 78 91 484
16 74 75 76 77 78 91 535
16 74 75 76 77 78 91 550
16 74 75 76 77 78 91 577
16 74 75 76 77 78 91 583
16 74 75 76 77 78 91 584
0 1 2 8 9 15 66
0 1 2 47 80 89 96
0 1 2 47 80 89 136
0 1 2 47 80 89 148
0 1 2 80 89 96 97
0 1 36 42 347 375 377
0 1 41 361 364 367 368
16 21 22 23 24 25 73
0 1 2 9 15 67
0 1 2 80 81 82
0 1 2 80 85 86
0 1 36 43 379 381
0 1 36 344 345 346
0 1 41 361 364 366
0 1 41 361 364 370
0 1 2 15 68
0 1 2 80 83
0 1 2 80 84
0 1 2 80 87
0 1 2 80 88
0 1 36 43 345
0 1 36 80 344
0 1 361 362 363
0 1 2 69
0 1 36 360
0 1 360 361
