0 1 2 3 4 5 6 7 8 9 10 11 12 13 14 15 74 75 76 77 78 79 91 92 95 110 113 121 126 127 128
0 1 2 3 4 5 6 7 8 9 10 11 12 13 14 15 74 75 76 77 78 79 91 92 95 110 113 121 127 131
0 1 2 3 4 5 6 7 8 9 10 11 12 13 14 15 74 75 76 77 78 79 91 143 144 189 191 193 194 195
0 1 2 3 4 5 6 7 8 9 10 11 12 13 14 15 74 75 76 77 78 79 91 143 144 189 191 193 194 196
0 1 2 3 4 5 6 7 8 9 10 11 12 13 14 15 74 75 76 77 78 79 91 143 144 189 193 194 198 199
0 1 2 3 4 5 6 7 8 9 10 11 12 13 14 15 74 75 76 77 78 79 91 143 144 193 194 198 201 203
0 1 2 3 4 5 6 7 8 9 10 11 12 13 14 15 74 75 76 77 78 79 91 92 95 110 113 121 123
0 1 2 3 4 5 6 7 8 9 10 11 12 13 14 15 74 75 76 77 78 79 91 92 95 110 113 121 124
0 1 2 3 4 5 6 7 8 9 10 11 12 13 14 15 74 75 76 77 78 79 91 92 95 110 113 121 125
0 1 2 3 4 5 6 7 8 9 10 11 12 13 14 15 74 75 76 77 78 79 91 92 95 110 113 121 132
0 1 2 3 4 5 6 7 8 9 10 11 12 13 14 15 74 75 76 77 78 79 91 143 144 189 191 192 193
0 1 2 3 4 5 6 7 8 9 10 11 12 13 14 15 74 75 76 77 78 79 91 143 144 189 193 194 197
0 1 2 3 4 5 6 7 8 9 10 11 12 13 14 15 74 75 76 77 78 79 91 143 144 193 194 198 200
0 1 2 3 4 5 6 7 8 9 10 11 12 13 14 15 74 75 76 77 78 79 91 143 144 193 194 198 205
0 1 2 3 4 5 6 7 8 9 10 11 12 13 14 15 74 75 76 77 78 91 143 144 245 246 252 253 254
0 1 2 3 4 5 6 7 8 9 10 11 12 13 14 15 74 75 76 77 78 91 143 144 245 246 252 256 257
0 1 2 3 4 5 6 7 8 9 10 11 12 13 14 15 74 75 76 77 78 91 143 144 245 246 252 258 259
16 17 18 19 20 21 22 23 24 25 26 27 28 29 30 31 32 33 45 46 47 80 89 99 103 104 105 109 130
16 17 18 19 20 21 22 23 24 25 26 27 28 29 30 31 38 39 47 55 80 89 155 541 544 577 580 582 583
16 17 18 19 20 21 22 23 24 25 26 27 28 29 30 31 38 39 47 55 80 89 155 541 577 580 586 587 588
16 17 18 19 20 21 22 23 24 25 26 27 28 29 30 31 38 47 55 56 80 89 155 541 544 545 565 568 573
16 17 18 19 20 21 22 23 24 25 26 27 28 29 30 31 44 47 51 52 80 89 155 611 617 629 633 634 636
16 17 18 19 20 21 22 23 24 25 26 27 28 29 30 31 44 47 51 52 80 89 155 611 617 629 633 634 644
16 17 18 19 20 21 22 23 24 25 26 27 28 29 30 31 47 48 49 50 80 89 155 178 217 221 222 223 227
16 17 18 19 20 21 22 23 24 25 26 27 28 29 30 31 47 54 55 80 89 155 275 279 285 286 300 303 306
16 17 18 19 20 21 22 23 24 25 26 27 28 29 30 31 47 54 55 80 89 155 275 279 285 286 300 303 307
16 17 18 19 20 21 22 23 24 25 26 27 28 29 30 31 47 54 55 80 89 155 275 279 285 286 300 303 309
16 17 18 19 20 21 22 23 24 25 26 27 28 29 30 31 47 58 59 60 80 89 155 503 522 526 527 528 538
16 17 18 19 20 21 22 23 24 25 26 27 28 29 30 31 47 61 80 89 155 420 427 428 429 430 431 432 435
16 17 18 19 20 21 22 23 24 25 26 27 28 29 30 31 47 61 80 89 155 420 427 428 429 430 431 432 469
0 1 2 3 4 5 6 7 8 9 10 11 12 13 14 15 74 75 76 77 78 79 91 92 95 110 111 112
0 1 2 3 4 5 6 7 8 9 10 11 12 13 14 15 74 75 76 77 78 79 91 143 144 189 190 191
0 1 2 3 4 5 6 7 8 9 10 11 12 13 14 15 74 75 76 77 78 79 91 143 144 194 198 206
0 1 2 3 4 5 6 7 8 9 10 11 12 13 14 15 74 75 76 77 78 79 91 143 144 623 637 638
0 1 2 3 4 5 6 7 8 9 10 11 12 13 14 15 74 75 76 77 78 79 91 143 144 623 640 641
0 1 2 3 4 5 6 7 8 9 10 11 12 13 14 15 74 75 76 77 78 91 143 144 245 246 252 255
0 1 2 3 4 5 6 7 8 9 10 11 12 13 14 15 74 75 76 77 78 91 143 144 245 246 258 260
0 1 2 3 4 5 6 7 8 9 10 11 12 13 14 15 74 75 76 77 78 91 143 144 245 246 258 261
0 1 2 3 4 5 6 7 8 9 10 11 12 13 14 15 74 75 76 77 78 91 143 144 245 246 262 263
0 1 2 3 4 5 6 7 8 9 10 11 12 13 14 15 74 75 76 77 78 91 143 144 245 246 262 264
0 1 2 3 4 5 6 7 8 9 10 11 12 13 14 15 74 75 76 77 78 91 143 144 245 246 262 265
0 1 2 3 4 5 6 7 8 9 10 11 12 13 14 15 74 75 76 77 78 91 414 436 437 440 441 442
0 1 2 3 4 5 6 7 8 9 10 11 12 13 14 15 74 75 76 77 78 91 414 436 437 440 441 443
0 1 2 3 4 5 6 7 8 9 10 11 12 13 14 15 74 75 76 77 78 91 414 436 441 446 447 448
0 1 2 3 4 5 6 7 8 9 10 11 12 13 14 15 74 75 76 77 78 91 414 436 441 446 449 450
0 1 2 3 4 5 6 7 8 9 10 11 12 13 14 15 74 75 76 77 78 91 414 436 454 455 456 457
16 17 18 19 20 21 22 23 24 25 26 27 28 29 30 31 32 45 46 47 80 89 99 103 104 105 109 114
16 17 18 19 20 21 22 23 24 25 26 27 28 29 30 31 38 39 47 55 57 80 89 155 580 593 595 596
16 17 18 19 20 21 22 23 24 25 26 27 28 29 30 31 38 39 47 55 57 80 89 155 580 593 597 600
16 17 18 19 20 21 22 23 24 25 26 27 28 29 30 31 38 39 47 55 80 89 155 541 544 577 580 584
16 17 18 19 20 21 22 23 24 25 26 27 28 29 30 31 38 39 47 55 80 89 155 541 577 580 584 585
16 17 18 19 20 21 22 23 24 25 26 27 28 29 30 31 38 39 47 55 80 89 155 541 577 580 586 589
16 17 18 19 20 21 22 23 24 25 26 27 28 29 30 31 38 39 47 55 80 89 155 541 580 586 589 590
16 17 18 19 20 21 22 23 24 25 26 27 28 29 30 31 38 40 47 55 80 89 155 541 544 545 559 560
16 17 18 19 20 21 22 23 24 25 26 27 28 29 30 31 38 47 55 80 89 155 541 544 545 565 566 567
16 17 18 19 20 21 22 23 24 25 26 27 28 29 30 31 44 47 51 52 80 89 155 611 617 629 630 631
16 17 18 19 20 21 22 23 24 25 26 27 28 29 30 31 44 47 51 52 80 89 155 611 617 629 631 633
16 17 18 19 20 21 22 23 24 25 26 27 28 29 30 31 47 48 49 80 89 155 178 186 217 218 219 220
16 17 18 19 20 21 22 23 24 25 26 27 28 29 30 31 47 48 49 80 89 155 178 186 217 219 220 221
16 17 18 19 20 21 22 23 24 25 26 27 28 29 30 31 47 48 49 80 89 155 178 186 217 220 221 222
16 17 18 19 20 21 22 23 24 25 26 27 28 29 30 31 47 54 55 80 89 155 275 279 285 286 300 301
16 17 18 19 20 21 22 23 24 25 26 27 28 29 30 31 47 55 80 89 155 275 279 285 286 287 295 296
16 17 18 19 20 21 22 23 24 25 26 27 28 29 30 31 47 58 59 80 89 155 503 510 522 523 524 525
16 17 18 19 20 21 22 23 24 25 26 27 28 29 30 31 47 58 59 80 89 155 503 510 522 524 525 526
16 17 18 19 20 21 22 23 24 25 26 27 28 29 30 31 47 58 59 80 89 155 503 510 522 525 526 527
16 17 18 19 20 21 22 23 24 25 26 27 28 29 30 31 47 80 89 155 404 420 421 422 423 424 425 426
16 17 18 19 20 21 22 23 24 25 26 27 28 29 30 31 47 80 89 155 404 420 422 423 424 425 426 427
16 17 18 19 20 21 22 23 24 25 26 27 28 29 30 31 47 80 89 155 404 420 423 424 425 426 427 428
16 17 18 19 20 21 22 23 24 25 26 27 28 29 30 31 47 80 89 155 404 420 424 425 426 427 428 429
16 17 18 19 20 21 22 23 24 25 26 27 28 29 30 31 47 80 89 155 404 420 425 426 427 428 429 430
16 17 18 19 20 21 22 23 24 25 26 27 28 29 30 31 47 80 89 155 404 420 426 427 428 429 430 431
0 1 2 3 4 5 6 7 8 9 10 11 12 13 14 15 37 74 75 76 77 78 79 91 92 93 94
0 1 2 3 4 5 6 7 8 9 10 11 12 13 14 15 74 75 76 77 78 79 91 143 144 146 147
0 1 2 3 4 5 6 7 8 9 10 11 12 13 14 15 74 75 76 77 78 79 91 143 144 149 150
0 1 2 3 4 5 6 7 8 9 10 11 12 13 14 15 74 75 76 77 78 79 91 143 144 151 153
0 1 2 3 4 5 6 7 8 9 10 11 12 13 14 15 74 75 76 77 78 79 91 143 144 156 157
0 1 2 3 4 5 6 7 8 9 10 11 12 13 14 15 74 75 76 77 78 79 91 143 144 159 160
0 1 2 3 4 5 6 7 8 9 10 11 12 13 14 15 74 75 76 77 78 79 91 143 144 162 163
0 1 2 3 4 5 6 7 8 9 10 11 12 13 14 15 74 75 76 77 78 79 91 143 144 165 166
0 1 2 3 4 5 6 7 8 9 10 11 12 13 14 15 74 75 76 77 78 79 91 143 144 170 171
0 1 2 3 4 5 6 7 8 9 10 11 12 13 14 15 74 75 76 77 78 79 91 143 144 172 173
0 1 2 3 4 5 6 7 8 9 10 11 12 13 14 15 74 75 76 77 78 79 91 143 144 172 174
0 1 2 3 4 5 6 7 8 9 10 11 12 13 14 15 74 75 76 77 78 79 91 143 144 188 189
0 1 2 3 4 5 6 7 8 9 10 11 12 13 14 15 74 75 76 77 78 79 91 143 144 229 231
0 1 2 3 4 5 6 7 8 9 10 11 12 13 14 15 74 75 76 77 78 79 91 143 144 232 233
0 1 2 3 4 5 6 7 8 9 10 11 12 13 14 15 74 75 76 77 78 79 91 143 144 240 241
0 1 2 3 4 5 6 7 8 9 10 11 12 13 14 15 74 75 76 77 78 79 91 143 144 623 639
0 1 2 3 4 5 6 7 8 9 10 11 12 13 14 15 74 75 76 77 78 79 91 143 144 623 642
0 1 2 3 4 5 6 7 8 9 10 11 12 13 14 15 74 75 76 77 78 91 143 144 245 246 266
0 1 2 3 4 5 6 7 8 9 10 11 12 13 14 15 74 75 76 77 78 91 143 144 245 246 267
0 1 2 3 4 5 6 7 8 9 10 11 12 13 14 15 74 75 76 77 78 91 414 436 437 438 439
0 1 2 3 4 5 6 7 8 9 10 11 12 13 14 15 74 75 76 77 78 91 414 436 437 441 444
0 1 2 3 4 5 6 7 8 9 10 11 12 13 14 15 74 75 76 77 78 91 414 436 446 449 451
0 1 2 3 4 5 6 7 8 9 10 11 12 13 14 15 74 75 76 77 78 91 414 436 454 455 458
0 1 2 3 4 5 6 7 8 9 10 11 12 13 14 15 74 75 76 77 78 91 414 436 454 455 459
0 1 2 3 4 5 6 7 8 9 10 11 12 13 14 15 74 75 76 77 78 91 414 436 454 460 461
0 1 2 3 4 5 6 7 8 9 10 11 12 13 14 15 74 75 76 77 78 91 414 454 462 463 464
16 17 18 19 20 21 22 23 24 25 26 27 28 29 30 31 32 45 46 47 80 89 99 103 104 105 118
16 17 18 19 20 21 22 23 24 25 26 27 28 29 30 31 38 39 47 55 57 80 89 155 580 592 593
16 17 18 19 20 21 22 23 24 25 26 27 28 29 30 31 38 39 47 55 80 89 155 541 580 586 591
16 17 18 19 20 21 22 23 24 25 26 27 28 29 30 31 38 39 47 55 80 89 155 580 586 591 592
16 17 18 19 20 21 22 23 24 25 26 27 28 29 30 31 38 39 47 55 80 89 155 580 591 592 593
16 17 18 19 20 21 22 23 24 25 26 27 28 29 30 31 38 40 47 55 80 89 155 541 544 545 561
16 17 18 19 20 21 22 23 24 25 26 27 28 29 30 31 38 47 55 80 89 155 541 544 545 561 562
16 17 18 19 20 21 22 23 24 25 26 27 28 29 30 31 38 47 55 80 89 155 541 544 545 563 564
16 17 18 19 20 21 22 23 24 25 26 27 28 29 30 31 38 47 55 80 89 155 541 544 545 564 565
16 17 18 19 20 21 22 23 24 25 26 27 28 29 30 31 44 47 51 80 89 155 611 617 618 624 625
16 17 18 19 20 21 22 23 24 25 26 27 28 29 30 31 47 48 49 80 89 155 178 183 184 185 186
16 17 18 19 20 21 22 23 24 25 26 27 28 29 30 31 47 48 49 80 89 155 178 184 185 186 187
16 17 18 19 20 21 22 23 24 25 26 27 28 29 30 31 47 48 49 80 89 155 178 186 187 212 213
16 17 18 19 20 21 22 23 24 25 26 27 28 29 30 31 47 55 80 89 155 275 279 282 283 284 285
16 17 18 19 20 21 22 23 24 25 26 27 28 29 30 31 47 55 80 89 155 275 279 283 284 285 286
16 17 18 19 20 21 22 23 24 25 26 27 28 29 30 31 47 55 80 89 155 275 279 285 286 287 288
16 17 18 19 20 21 22 23 24 25 26 27 28 29 30 31 47 55 80 89 155 275 279 285 286 287 297
16 17 18 19 20 21 22 23 24 25 26 27 28 29 30 31 47 55 80 89 155 275 279 285 286 297 298
16 17 18 19 20 21 22 23 24 25 26 27 28 29 30 31 47 58 59 80 89 155 503 510 512 517 518
0 1 2 3 4 5 6 7 8 9 10 11 12 13 14 15 37 74 75 76 77 78 79 91 92 95
0 1 2 3 4 5 6 7 8 9 10 11 12 13 14 15 37 74 75 76 77 78 79 91 135 136
0 1 2 3 4 5 6 7 8 9 10 11 12 13 14 15 37 74 75 76 77 78 79 91 135 137
0 1 2 3 4 5 6 7 8 9 10 11 12 13 14 15 37 74 75 76 77 78 79 91 139 141
0 1 2 3 4 5 6 7 8 9 10 11 12 13 14 15 37 74 75 76 77 78 79 91 142 143
0 1 2 3 4 5 6 7 8 9 10 11 12 13 14 15 37 74 75 76 77 78 79 91 143 144
0 1 2 3 4 5 6 7 8 9 10 11 12 13 14 15 74 75 76 77 78 79 91 143 144 145
0 1 2 3 4 5 6 7 8 9 10 11 12 13 14 15 74 75 76 77 78 79 91 143 144 148
0 1 2 3 4 5 6 7 8 9 10 11 12 13 14 15 74 75 76 77 78 79 91 143 144 154
0 1 2 3 4 5 6 7 8 9 10 11 12 13 14 15 74 75 76 77 78 79 91 143 144 158
0 1 2 3 4 5 6 7 8 9 10 11 12 13 14 15 74 75 76 77 78 79 91 143 144 161
0 1 2 3 4 5 6 7 8 9 10 11 12 13 14 15 74 75 76 77 78 79 91 143 144 164
0 1 2 3 4 5 6 7 8 9 10 11 12 13 14 15 74 75 76 77 78 79 91 143 144 167
0 1 2 3 4 5 6 7 8 9 10 11 12 13 14 15 74 75 76 77 78 79 91 143 144 169
0 1 2 3 4 5 6 7 8 9 10 11 12 13 14 15 74 75 76 77 78 79 91 143 144 175
0 1 2 3 4 5 6 7 8 9 10 11 12 13 14 15 74 75 76 77 78 79 91 143 144 234
0 1 2 3 4 5 6 7 8 9 10 11 12 13 14 15 74 75 76 77 78 79 91 143 144 242
0 1 2 3 4 5 6 7 8 9 10 11 12 13 14 15 74 75 76 77 78 91 144 312 313 316
0 1 2 3 4 5 6 7 8 9 10 11 12 13 14 15 74 75 76 77 78 91 414 436 441 445
0 1 2 3 4 5 6 7 8 9 10 11 12 13 14 15 74 75 76 77 78 91 414 436 446 452
0 1 2 3 4 5 6 7 8 9 10 11 12 13 14 15 74 75 76 77 78 91 414 436 454 462
0 1 2 3 4 5 6 7 8 9 10 11 12 13 14 15 74 75 76 77 78 91 414 454 462 465
0 1 2 3 4 5 6 7 8 9 10 11 12 13 14 15 74 75 76 77 78 91 478 479 489 490
0 1 2 3 4 5 6 7 8 9 10 11 12 13 14 15 74 75 76 77 78 91 478 496 497 498
0 1 2 3 4 5 6 7 8 9 10 11 12 13 14 15 74 75 76 77 78 91 511 531 532 533
16 17 18 19 20 21 22 23 24 25 26 27 28 29 30 31 38 40 47 55 80 89 155 541 544 576
16 17 18 19 20 21 22 23 24 25 26 27 28 29 30 31 38 47 55 80 89 155 541 544 577 578
16 17 18 19 20 21 22 23 24 25 26 27 28 29 30 31 38 47 55 80 89 155 541 544 577 579
16 17 18 19 20 21 22 23 24 25 26 27 28 29 30 31 40 47 55 80 89 155 541 544 545 550
16 17 18 19 20 21 22 23 24 25 26 27 28 29 30 31 40 47 55 80 89 155 541 544 545 557
16 17 18 19 20 21 22 23 24 25 26 27 28 29 30 31 44 47 51 80 89 155 611 617 618 619
16 17 18 19 20 21 22 23 24 25 26 27 28 29 30 31 44 47 51 80 89 155 611 617 618 626
16 17 18 19 20 21 22 23 24 25 26 27 28 29 30 31 44 47 51 80 89 155 611 617 626 627
16 17 18 19 20 21 22 23 24 25 26 27 28 29 30 31 47 48 49 80 89 155 178 186 187 202
16 17 18 19 20 21 22 23 24 25 26 27 28 29 30 31 47 48 49 80 89 155 178 186 187 204
16 17 18 19 20 21 22 23 24 25 26 27 28 29 30 31 47 48 49 80 89 155 178 186 187 207
16 17 18 19 20 21 22 23 24 25 26 27 28 29 30 31 47 48 49 80 89 155 178 186 187 214
16 17 18 19 20 21 22 23 24 25 26 27 28 29 30 31 47 48 49 80 89 155 178 186 214 215
16 17 18 19 20 21 22 23 24 25 26 27 28 29 30 31 47 55 80 89 155 275 279 285 286 299
16 17 18 19 20 21 22 23 24 25 26 27 28 29 30 31 47 58 59 80 89 155 503 508 509 510
16 17 18 19 20 21 22 23 24 25 26 27 28 29 30 31 47 58 59 80 89 155 503 510 512 513
16 17 18 19 20 21 22 23 24 25 26 27 28 29 30 31 47 58 59 80 89 155 503 510 512 519
16 17 18 19 20 21 22 23 24 25 26 27 28 29 30 31 47 58 59 80 89 155 503 510 519 520
0 1 2 3 4 5 6 7 8 9 10 11 12 13 14 15 37 74 75 76 77 78 79 91 134
0 1 2 3 4 5 6 7 8 9 10 11 12 13 14 15 37 74 75 76 77 78 79 91 138
0 1 2 3 4 5 6 7 8 9 10 11 12 13 14 15 74 75 76 77 78 91 144 312 317
0 1 2 3 4 5 6 7 8 9 10 11 12 13 14 15 74 75 76 77 78 91 144 320 321
0 1 2 3 4 5 6 7 8 9 10 11 12 13 14 15 74 75 76 77 78 91 144 325 327
0 1 2 3 4 5 6 7 8 9 10 11 12 13 14 15 74 75 76 77 78 91 144 332 333
0 1 2 3 4 5 6 7 8 9 10 11 12 13 14 15 74 75 76 77 78 91 144 338 339
0 1 2 3 4 5 6 7 8 9 10 11 12 13 14 15 74 75 76 77 78 91 414 436 453
0 1 2 3 4 5 6 7 8 9 10 11 12 13 14 15 74 75 76 77 78 91 414 454 466
0 1 2 3 4 5 6 7 8 9 10 11 12 13 14 15 74 75 76 77 78 91 478 479 491
0 1 2 3 4 5 6 7 8 9 10 11 12 13 14 15 74 75 76 77 78 91 478 479 492
0 1 2 3 4 5 6 7 8 9 10 11 12 13 14 15 74 75 76 77 78 91 478 496 499
0 1 2 3 4 5 6 7 8 9 10 11 12 13 14 15 74 75 76 77 78 91 511 531 534
0 1 2 3 4 5 6 7 8 9 10 11 12 13 14 15 74 75 76 77 78 91 511 531 535
0 1 2 3 4 5 6 7 8 9 10 11 12 13 14 15 74 75 76 77 78 359 360 361 362
16 17 18 19 20 21 22 23 24 25 26 27 28 29 30 31 38 47 55 80 89 155 541 544 574
16 17 18 19 20 21 22 23 24 25 26 27 28 29 30 31 44 47 51 80 89 155 611 616 617
16 17 18 19 20 21 22 23 24 25 26 27 28 29 30 31 44 47 51 80 89 155 611 617 628
16 17 18 19 20 21 22 23 24 25 26 27 28 29 30 31 47 48 49 80 89 155 178 186 216
16 17 18 19 20 21 22 23 24 25 26 27 28 29 30 31 47 55 80 89 155 275 277 278 279
16 17 18 19 20 21 22 23 24 25 26 27 28 29 30 31 47 55 80 89 155 275 279 292 293
16 17 18 19 20 21 22 23 24 25 26 27 28 29 30 31 47 55 80 89 155 328 329 330 331
16 17 18 19 20 21 22 23 24 25 26 27 28 29 30 31 47 55 80 89 155 540 541 542 543
16 17 18 19 20 21 22 23 24 25 26 27 28 29 30 31 47 55 80 89 155 541 544 545 546
16 17 18 19 20 21 22 23 24 25 26 27 28 29 30 31 47 55 80 89 155 541 544 545 548
16 17 18 19 20 21 22 23 24 25 26 27 28 29 30 31 47 58 59 80 89 155 503 510 521
0 1 2 3 4 5 6 7 8 9 10 11 12 13 14 15 74 75 76 77 78 91 144 305
0 1 2 3 4 5 6 7 8 9 10 11 12 13 14 15 74 75 76 77 78 91 144 310
0 1 2 3 4 5 6 7 8 9 10 11 12 13 14 15 74 75 76 77 78 91 144 318
0 1 2 3 4 5 6 7 8 9 10 11 12 13 14 15 74 75 76 77 78 91 144 319
0 1 2 3 4 5 6 7 8 9 10 11 12 13 14 15 74 75 76 77 78 91 144 322
0 1 2 3 4 5 6 7 8 9 10 11 12 13 14 15 74 75 76 77 78 91 144 323
0 1 2 3 4 5 6 7 8 9 10 11 12 13 14 15 74 75 76 77 78 91 144 324
0 1 2 3 4 5 6 7 8 9 10 11 12 13 14 15 74 75 76 77 78 91 144 334
0 1 2 3 4 5 6 7 8 9 10 11 12 13 14 15 74 75 76 77 78 91 144 337
0 1 2 3 4 5 6 7 8 9 10 11 12 13 14 15 74 75 76 77 78 91 144 340
0 1 2 3 4 5 6 7 8 9 10 11 12 13 14 15 74 75 76 77 78 91 341 342
0 1 2 3 4 5 6 7 8 9 10 11 12 13 14 15 74 75 76 77 78 91 343 345
0 1 2 3 4 5 6 7 8 9 10 11 12 13 14 15 74 75 76 77 78 91 414 467
0 1 2 3 4 5 6 7 8 9 10 11 12 13 14 15 74 75 76 77 78 91 478 493
0 1 2 3 4 5 6 7 8 9 10 11 12 13 14 15 74 75 76 77 78 91 496 500
0 1 2 3 4 5 6 7 8 9 10 11 12 13 14 15 74 75 76 77 78 91 511 536
0 1 2 3 4 5 6 7 8 9 10 11 12 13 14 15 74 75 76 77 78 91 547 549
0 1 2 3 4 5 6 7 8 9 10 11 12 13 14 15 74 75 76 77 78 91 551 552
0 1 2 3 4 5 6 7 8 9 10 11 12 13 14 15 74 75 76 77 78 91 553 554
16 17 18 19 20 21 22 23 24 25 26 27 28 29 30 31 44 47 51 80 89 155 611 622
16 17 18 19 20 21 22 23 24 25 26 27 28 29 30 31 47 48 49 80 89 155 178 210
16 17 18 19 20 21 22 23 24 25 26 27 28 29 30 31 47 53 80 89 155 247 249 251
16 17 18 19 20 21 22 23 24 25 26 27 28 29 30 31 47 53 80 89 155 247 249 269
16 17 18 19 20 21 22 23 24 25 26 27 28 29 30 31 47 55 80 89 155 275 279 289
16 17 18 19 20 21 22 23 24 25 26 27 28 29 30 31 47 55 80 89 155 275 279 290
16 17 18 19 20 21 22 23 24 25 26 27 28 29 30 31 47 55 80 89 155 275 279 291
16 17 18 19 20 21 22 23 24 25 26 27 28 29 30 31 47 55 80 89 155 275 279 294
16 17 18 19 20 21 22 23 24 25 26 27 28 29 30 31 47 55 80 89 155 541 542 544
16 17 18 19 20 21 22 23 24 25 26 27 28 29 30 31 47 58 59 80 89 155 503 516
16 17 18 19 20 21 22 23 24 25 26 27 28 29 30 31 47 80 89 155 404 405 415 416
16 17 18 19 20 21 22 23 24 25 26 27 28 29 30 31 47 80 89 155 474 475 476 477
16 17 18 19 20 21 22 23 24 25 26 27 28 29 30 31 47 80 89 155 475 480 481 482
16 17 18 19 20 21 22 23 24 25 26 27 28 29 30 31 363 364 365 366 367 368 369 370
0 1 2 3 4 5 6 7 8 9 10 11 12 13 14 15 74 75 76 77 78 91 346
0 1 2 3 4 5 6 7 8 9 10 11 12 13 14 15 74 75 76 77 78 91 501
0 1 2 3 4 5 6 7 8 9 10 11 12 13 14 15 74 75 76 77 78 91 555
0 1 2 3 4 5 6 7 8 9 10 11 12 13 14 15 74 75 76 77 78 91 571
0 1 2 3 4 5 6 7 8 9 10 11 12 13 14 15 74 75 76 77 78 91 598
0 1 2 3 4 5 6 7 8 9 10 11 12 13 14 15 74 75 76 77 78 91 604
0 1 2 3 4 5 6 7 8 9 10 11 12 13 14 15 74 75 76 77 78 91 605
16 17 18 19 20 21 22 23 24 25 26 27 28 29 30 31 38 47 55 80 89 155 601
16 17 18 19 20 21 22 23 24 25 26 27 28 29 30 31 38 47 55 80 89 155 602
16 17 18 19 20 21 22 23 24 25 26 27 28 29 30 31 38 47 55 80 89 155 606
16 17 18 19 20 21 22 23 24 25 26 27 28 29 30 31 38 47 55 80 89 155 607
16 17 18 19 20 21 22 23 24 25 26 27 28 29 30 31 47 55 80 89 155 272 275
16 17 18 19 20 21 22 23 24 25 26 27 28 29 30 31 47 55 80 89 155 275 276
16 17 18 19 20 21 22 23 24 25 26 27 28 29 30 31 47 55 80 89 155 335 336
16 17 18 19 20 21 22 23 24 25 26 27 28 29 30 31 47 55 80 89 155 539 540
16 17 18 19 20 21 22 23 24 25 26 27 28 29 30 31 47 80 89 155 401 402 403
16 17 18 19 20 21 22 23 24 25 26 27 28 29 30 31 47 80 89 155 402 403 404
16 17 18 19 20 21 22 23 24 25 26 27 28 29 30 31 47 80 89 155 404 405 406
16 17 18 19 20 21 22 23 24 25 26 27 28 29 30 31 47 80 89 155 404 405 417
16 17 18 19 20 21 22 23 24 25 26 27 28 29 30 31 47 80 89 155 404 417 418
16 17 18 19 20 21 22 23 24 25 26 27 28 29 30 31 47 80 89 155 475 480 483
16 17 18 19 20 21 22 23 24 25 26 27 28 29 30 31 47 80 89 155 475 483 484
16 17 18 19 20 21 22 23 24 25 26 27 28 29 30 31 34 41 372 375 379 386
16 17 18 19 20 21 22 23 24 25 26 27 28 29 30 31 35 47 80 89 155 177
16 17 18 19 20 21 22 23 24 25 26 27 28 29 30 31 35 47 80 89 155 228
16 17 18 19 20 21 22 23 24 25 26 27 28 29 30 31 36 47 80 89 155 354
16 17 18 19 20 21 22 23 24 25 26 27 28 29 30 31 47 55 80 89 155 314
16 17 18 19 20 21 22 23 24 25 26 27 28 29 30 31 47 55 80 89 155 315
16 17 18 19 20 21 22 23 24 25 26 27 28 29 30 31 47 55 80 89 155 326
16 17 18 19 20 21 22 23 24 25 26 27 28 29 30 31 47 55 80 89 155 344
16 17 18 19 20 21 22 23 24 25 26 27 28 29 30 31 47 55 80 89 155 347
16 17 18 19 20 21 22 23 24 25 26 27 28 29 30 31 47 55 80 89 155 348
16 17 18 19 20 21 22 23 24 25 26 27 28 29 30 31 47 55 80 89 155 349
16 17 18 19 20 21 22 23 24 25 26 27 28 29 30 31 47 55 80 89 155 350
16 17 18 19 20 21 22 23 24 25 26 27 28 29 30 31 47 80 89 155 243 244
16 17 18 19 20 21 22 23 24 25 26 27 28 29 30 31 47 80 89 155 272 273
16 17 18 19 20 21 22 23 24 25 26 27 28 29 30 31 47 80 89 155 397 398
16 17 18 19 20 21 22 23 24 25 26 27 28 29 30 31 47 80 89 155 404 419
16 17 18 19 20 21 22 23 24 25 26 27 28 29 30 31 47 80 89 155 410 411
16 17 18 19 20 21 22 23 24 25 26 27 28 29 30 31 47 80 89 155 470 471
16 17 18 19 20 21 22 23 24 25 26 27 28 29 30 31 47 80 89 155 472 473
16 17 18 19 20 21 22 23 24 25 26 27 28 29 30 31 47 80 89 155 473 474
16 17 18 19 20 21 22 23 24 25 26 27 28 29 30 31 47 80 89 155 475 485
16 17 18 19 20 21 22 23 24 25 26 27 28 29 30 31 47 80 89 155 487 488
16 17 18 19 20 21 22 23 24 25 26 27 28 29 30 31 47 80 89 155 487 494
16 17 18 19 20 21 22 23 24 25 26 27 28 29 30 31 47 80 89 155 487 495
16 17 18 19 20 21 22 23 24 25 26 27 28 29 30 31 36 42 358 388 391
16 17 18 19 20 21 22 23 24 25 26 27 28 29 30 31 41 372 375 379 380
16 17 18 19 20 21 22 23 24 25 26 27 28 29 30 31 47 80 89 155 168
16 17 18 19 20 21 22 23 24 25 26 27 28 29 30 31 47 80 89 155 230
16 17 18 19 20 21 22 23 24 25 26 27 28 29 30 31 47 80 89 155 235
16 17 18 19 20 21 22 23 24 25 26 27 28 29 30 31 47 80 89 155 237
16 17 18 19 20 21 22 23 24 25 26 27 28 29 30 31 47 80 89 155 238
16 17 18 19 20 21 22 23 24 25 26 27 28 29 30 31 47 80 89 155 239
16 17 18 19 20 21 22 23 24 25 26 27 28 29 30 31 47 80 89 155 270
16 17 18 19 20 21 22 23 24 25 26 27 28 29 30 31 47 80 89 155 271
16 17 18 19 20 21 22 23 24 25 26 27 28 29 30 31 47 80 89 155 351
16 17 18 19 20 21 22 23 24 25 26 27 28 29 30 31 47 80 89 155 352
16 17 18 19 20 21 22 23 24 25 26 27 28 29 30 31 47 80 89 155 396
16 17 18 19 20 21 22 23 24 25 26 27 28 29 30 31 47 80 89 155 407
16 17 18 19 20 21 22 23 24 25 26 27 28 29 30 31 47 80 89 155 408
16 17 18 19 20 21 22 23 24 25 26 27 28 29 30 31 47 80 89 155 409
16 17 18 19 20 21 22 23 24 25 26 27 28 29 30 31 47 80 89 155 412
16 17 18 19 20 21 22 23 24 25 26 27 28 29 30 31 47 80 89 155 486
16 17 18 19 20 21 22 23 24 25 26 27 28 29 30 31 47 80 89 155 502
16 17 18 19 20 21 22 23 24 25 26 27 28 29 30 31 36 43 393 395
16 17 18 19 20 21 22 23 24 25 26 27 28 29 30 31 36 355 356 357
16 17 18 19 20 21 22 23 24 25 26 27 28 29 30 31 41 372 375 378
16 17 18 19 20 21 22 23 24 25 26 27 28 29 30 31 41 372 375 382
16 17 18 19 20 21 22 23 24 25 26 27 28 29 30 31 47 80 89 96
16 17 18 19 20 21 22 23 24 25 26 27 28 29 30 31 47 80 89 140
16 17 18 19 20 21 22 23 24 25 26 27 28 29 30 31 47 80 89 152
16 17 18 19 20 21 22 23 24 25 26 27 28 29 30 31 80 89 96 97
16 17 18 19 20 21 22 23 24 25 26 27 28 29 30 31 36 43 356
16 17 18 19 20 21 22 23 24 25 26 27 28 29 30 31 36 80 355
16 17 18 19 20 21 22 23 24 25 26 27 28 29 30 31 80 81 82
16 17 18 19 20 21 22 23 24 25 26 27 28 29 30 31 80 85 86
16 17 18 19 20 21 22 23 24 25 26 27 28 29 30 31 372 373 374
16 17 18 19 20 21 22 23 24 25 26 27 28 29 30 31 36 371
16 17 18 19 20 21 22 23 24 25 26 27 28 29 30 31 80 83
16 17 18 19 20 21 22 23 24 25 26 27 28 29 30 31 80 84
16 17 18 19 20 21 22 23 24 25 26 27 28 29 30 31 80 87
16 17 18 19 20 21 22 23 24 25 26 27 28 29 30 31 80 88
16 17 18 19 20 21 22 23 24 25 26 27 28 29 30 31 371 372
0 1 2 3 4 5 6 7 8 9 10 11 12 13 14 15 70
0 1 2 3 4 5 6 7 8 9 10 11 12 13 14 15 71
0 1 2 3 4 5 6 7 8 9 10 11 12 13 14 15 72
0 1 2 3 4 5 6 7 8 9 10 11 12 13 14 15 73
16 17 18 19 20 21 22 23 24 25 26 27 28 29 30 31 62
16 17 18 19 20 21 22 23 24 25 26 27 28 29 30 31 63
16 17 18 19 20 21 22 23 24 25 26 27 28 29 30 31 64
16 17 18 19 20 21 22 23 24 25 26 27 28 29 30 31 65
16 17 18 19 20 21 22 23 24 25 26 27 28 29 30 31 66
16 17 18 19 20 21 22 23 24 25 26 27 28 29 30 31 67
16 17 18 19 20 21 22 23 24 25 26 27 28 29 30 31 68
16 17 18 19 20 21 22 23 24 25 26 27 28 29 30 31 69
0 1 2 32 33 45 46 47 80 89 99 103 104 105 109 130
0 1 2 38 39 47 55 80 89 155 541 544 577 580 582 583
0 1 2 38 39 47 55 80 89 155 541 577 580 586 587 588
0 1 2 38 47 55 56 80 89 155 541 544 545 565 568 573
0 1 2 44 47 51 52 80 89 155 611 617 629 633 634 636
0 1 2 44 47 51 52 80 89 155 611 617 629 633 634 644
0 1 2 47 48 49 50 80 89 155 178 217 221 222 223 227
0 1 2 47 54 55 80 89 155 275 279 285 286 300 303 306
0 1 2 47 54 55 80 89 155 275 279 285 286 300 303 307
0 1 2 47 54 55 80 89 155 275 279 285 286 300 303 309
0 1 2 47 58 59 60 80 89 155 503 522 526 527 528 538
0 1 2 47 61 80 89 155 420 427 428 429 430 431 432 435
0 1 2 47 61 80 89 155 420 427 428 429 430 431 432 469
16 26 27 28 29 30 31 74 75 76 77 78 79 91 143 144
16 74 75 76 77 78 79 91 92 95 110 113 121 126 127 128
0 1 2 32 45 46 47 80 89 99 103 104 105 109 114
0 1 2 38 39 47 55 57 80 89 155 580 593 595 596
0 1 2 38 39 47 55 57 80 89 155 580 593 597 600
0 1 2 38 39 47 55 80 89 155 541 544 577 580 584
0 1 2 38 39 47 55 80 89 155 541 577 580 584 585
0 1 2 38 39 47 55 80 89 155 541 577 580 586 589
0 1 2 38 39 47 55 80 89 155 541 580 586 589 590
0 1 2 38 40 47 55 80 89 155 541 544 545 559 560
0 1 2 38 47 55 80 89 155 541 544 545 565 566 567
0 1 2 44 47 51 52 80 89 155 611 617 629 630 631
0 1 2 44 47 51 52 80 89 155 611 617 629 631 633
0 1 2 47 48 49 80 89 155 178 186 217 218 219 220
0 1 2 47 48 49 80 89 155 178 186 217 219 220 221
0 1 2 47 48 49 80 89 155 178 186 217 220 221 222
0 1 2 47 54 55 80 89 155 275 279 285 286 300 301
0 1 2 47 55 80 89 155 275 279 285 286 287 295 296
0 1 2 47 58 59 80 89 155 503 510 522 523 524 525
0 1 2 47 58 59 80 89 155 503 510 522 524 525 526
0 1 2 47 58 59 80 89 155 503 510 522 525 526 527
0 1 2 47 80 89 155 404 420 421 422 423 424 425 426
0 1 2 47 80 89 155 404 420 422 423 424 425 426 427
0 1 2 47 80 89 155 404 420 423 424 425 426 427 428
0 1 2 47 80 89 155 404 420 424 425 426 427 428 429
0 1 2 47 80 89 155 404 420 425 426 427 428 429 430
0 1 2 47 80 89 155 404 420 426 427 428 429 430 431
16 74 75 76 77 78 79 91 92 95 110 113 121 127 131
16 74 75 76 77 78 79 91 143 144 189 191 193 194 195
16 74 75 76 77 78 79 91 143 144 189 191 193 194 196
16 74 75 76 77 78 79 91 143 144 189 193 194 198 199
16 74 75 76 77 78 79 91 143 144 193 194 198 201 203
0 1 2 10 11 12 13 14 15 47 55 80 89 155
0 1 2 11 12 47 55 80 89 155 328 329 330 331
0 1 2 32 45 46 47 80 89 99 103 104 105 118
0 1 2 38 39 47 55 57 80 89 155 580 592 593
0 1 2 38 39 47 55 80 89 155 541 580 586 591
0 1 2 38 39 47 55 80 89 155 580 586 591 592
0 1 2 38 39 47 55 80 89 155 580 591 592 593
0 1 2 38 40 47 55 80 89 155 541 544 545 561
0 1 2 38 47 55 80 89 155 541 544 545 561 562
0 1 2 38 47 55 80 89 155 541 544 545 563 564
0 1 2 38 47 55 80 89 155 541 544 545 564 565
0 1 2 44 47 51 80 89 155 611 617 618 624 625
0 1 2 47 48 49 80 89 155 178 183 184 185 186
0 1 2 47 48 49 80 89 155 178 184 185 186 187
0 1 2 47 48 49 80 89 155 178 186 187 212 213
0 1 2 47 55 80 89 155 275 279 282 283 284 285
0 1 2 47 55 80 89 155 275 279 283 284 285 286
0 1 2 47 55 80 89 155 275 279 285 286 287 288
0 1 2 47 55 80 89 155 275 279 285 286 287 297
0 1 2 47 55 80 89 155 275 279 285 286 297 298
0 1 2 47 58 59 80 89 155 503 510 512 517 518
16 74 75 76 77 78 79 91 92 95 110 113 121 123
16 74 75 76 77 78 79 91 92 95 110 113 121 124
16 74 75 76 77 78 79 91 92 95 110 113 121 125
16 74 75 76 77 78 79 91 92 95 110 113 121 132
16 74 75 76 77 78 79 91 143 144 189 191 192 193
16 74 75 76 77 78 79 91 143 144 189 193 194 197
16 74 75 76 77 78 79 91 143 144 193 194 198 200
16 74 75 76 77 78 79 91 143 144 193 194 198 205
16 74 75 76 77 78 91 143 144 245 246 252 253 254
16 74 75 76 77 78 91 143 144 245 246 252 256 257
16 74 75 76 77 78 91 143 144 245 246 252 258 259
0 1 2 38 40 47 55 80 89 155 541 544 576
0 1 2 38 47 55 80 89 155 541 544 577 578
0 1 2 38 47 55 80 89 155 541 544 577 579
0 1 2 40 47 55 80 89 155 541 544 545 550
0 1 2 40 47 55 80 89 155 541 544 545 557
0 1 2 44 47 51 80 89 155 611 617 618 619
0 1 2 44 47 51 80 89 155 611 617 618 626
0 1 2 44 47 51 80 89 155 611 617 626 627
0 1 2 47 48 49 80 89 155 178 186 187 202
0 1 2 47 48 49 80 89 155 178 186 187 204
0 1 2 47 48 49 80 89 155 178 186 187 207
0 1 2 47 48 49 80 89 155 178 186 187 214
0 1 2 47 48 49 80 89 155 178 186 214 215
0 1 2 47 55 80 89 155 275 279 285 286 299
0 1 2 47 58 59 80 89 155 503 508 509 510
0 1 2 47 58 59 80 89 155 503 510 512 513
0 1 2 47 58 59 80 89 155 503 510 512 519
0 1 2 47 58 59 80 89 155 503 510 519 520
16 74 75 76 77 78 79 91 92 95 110 111 112
16 74 75 76 77 78 79 91 143 144 189 190 191
16 74 75 76 77 78 79 91 143 144 194 198 206
16 74 75 76 77 78 79 91 143 144 623 637 638
16 74 75 76 77 78 79 91 143 144 623 640 641
16 74 75 76 77 78 91 143 144 245 246 252 255
16 74 75 76 77 78 91 143 144 245 246 258 260
16 74 75 76 77 78 91 143 144 245 246 258 261
16 74 75 76 77 78 91 143 144 245 246 262 263
16 74 75 76 77 78 91 143 144 245 246 262 264
16 74 75 76 77 78 91 143 144 245 246 262 265
16 74 75 76 77 78 91 414 436 437 440 441 442
16 74 75 76 77 78 91 414 436 437 440 441 443
16 74 75 76 77 78 91 414 436 441 446 447 448
16 74 75 76 77 78 91 414 436 441 446 449 450
16 74 75 76 77 78 91 414 436 454 455 456 457
0 1 2 10 11 12 13 47 80 89 155 237
0 1 2 10 11 12 13 47 80 89 155 238
0 1 2 10 11 12 13 47 80 89 155 239
0 1 2 10 11 12 47 55 80 89 155 331
0 1 2 38 47 55 80 89 155 541 544 574
0 1 2 44 47 51 80 89 155 611 616 617
0 1 2 44 47 51 80 89 155 611 617 628
0 1 2 47 48 49 80 89 155 178 186 216
0 1 2 47 55 80 89 155 275 277 278 279
0 1 2 47 55 80 89 155 275 279 292 293
0 1 2 47 55 80 89 155 540 541 542 543
0 1 2 47 55 80 89 155 541 544 545 546
0 1 2 47 55 80 89 155 541 544 545 548
0 1 2 47 58 59 80 89 155 503 510 521
16 22 23 24 25 26 27 28 29 30 31 74
16 23 24 25 26 27 28 29 30 31 74 75
16 24 25 26 27 28 29 30 31 74 75 76
16 25 26 27 28 29 30 31 74 75 76 77
16 37 74 75 76 77 78 79 91 92 93 94
16 74 75 76 77 78 79 91 143 144 146 147
16 74 75 76 77 78 79 91 143 144 149 150
16 74 75 76 77 78 79 91 143 144 151 153
16 74 75 76 77 78 79 91 143 144 156 157
16 74 75 76 77 78 79 91 143 144 159 160
16 74 75 76 77 78 79 91 143 144 162 163
16 74 75 76 77 78 79 91 143 144 165 166
16 74 75 76 77 78 79 91 143 144 170 171
16 74 75 76 77 78 79 91 143 144 172 173
16 74 75 76 77 78 79 91 143 144 172 174
16 74 75 76 77 78 79 91 143 144 188 189
16 74 75 76 77 78 79 91 143 144 229 231
16 74 75 76 77 78 79 91 143 144 232 233
16 74 75 76 77 78 79 91 143 144 240 241
16 74 75 76 77 78 79 91 143 144 623 639
16 74 75 76 77 78 79 91 143 144 623 642
16 74 75 76 77 78 91 143 144 245 246 266
16 74 75 76 77 78 91 143 144 245 246 267
16 74 75 76 77 78 91 414 436 437 438 439
16 74 75 76 77 78 91 414 436 437 441 444
16 74 75 76 77 78 91 414 436 446 449 451
16 74 75 76 77 78 91 414 436 454 455 458
16 74 75 76 77 78 91 414 436 454 455 459
16 74 75 76 77 78 91 414 436 454 460 461
16 74 75 76 77 78 91 414 454 462 463 464
0 1 2 4 5 6 7 8 9 15 62
0 1 2 11 12 47 55 80 89 155 326
0 1 2 44 47 51 80 89 155 611 622
0 1 2 47 48 49 80 89 155 178 210
0 1 2 47 53 80 89 155 247 249 251
0 1 2 47 53 80 89 155 247 249 269
0 1 2 47 55 80 89 155 275 279 289
0 1 2 47 55 80 89 155 275 279 290
0 1 2 47 55 80 89 155 275 279 291
0 1 2 47 55 80 89 155 275 279 294
0 1 2 47 55 80 89 155 541 542 544
0 1 2 47 58 59 80 89 155 503 516
0 1 2 47 80 89 155 404 405 415 416
0 1 2 47 80 89 155 474 475 476 477
0 1 2 47 80 89 155 475 480 481 482
16 37 74 75 76 77 78 79 91 92 95
16 37 74 75 76 77 78 79 91 135 136
16 37 74 75 76 77 78 79 91 135 137
16 37 74 75 76 77 78 79 91 139 141
16 37 74 75 76 77 78 79 91 142 143
16 37 74 75 76 77 78 79 91 143 144
16 74 75 76 77 78 79 91 143 144 145
16 74 75 76 77 78 79 91 143 144 148
16 74 75 76 77 78 79 91 143 144 154
16 74 75 76 77 78 79 91 143 144 158
16 74 75 76 77 78 79 91 143 144 161
16 74 75 76 77 78 79 91 143 144 164
16 74 75 76 77 78 79 91 143 144 167
16 74 75 76 77 78 79 91 143 144 169
16 74 75 76 77 78 79 91 143 144 175
16 74 75 76 77 78 79 91 143 144 234
16 74 75 76 77 78 79 91 143 144 242
16 74 75 76 77 78 91 144 312 313 316
16 74 75 76 77 78 91 414 436 441 445
16 74 75 76 77 78 91 414 436 446 452
16 74 75 76 77 78 91 414 436 454 462
16 74 75 76 77 78 91 414 454 462 465
16 74 75 76 77 78 91 478 479 489 490
16 74 75 76 77 78 91 478 496 497 498
16 74 75 76 77 78 91 511 531 532 533
0 1 2 5 6 7 8 9 15 63
0 1 2 10 11 47 80 89 155 235
0 1 2 38 47 55 80 89 155 601
0 1 2 38 47 55 80 89 155 602
0 1 2 38 47 55 80 89 155 606
0 1 2 38 47 55 80 89 155 607
0 1 2 47 55 80 89 155 272 275
0 1 2 47 55 80 89 155 275 276
0 1 2 47 55 80 89 155 335 336
0 1 2 47 55 80 89 155 539 540
0 1 2 47 80 89 155 401 402 403
0 1 2 47 80 89 155 402 403 404
0 1 2 47 80 89 155 404 405 406
0 1 2 47 80 89 155 404 405 417
0 1 2 47 80 89 155 404 417 418
0 1 2 47 80 89 155 475 480 483
0 1 2 47 80 89 155 475 483 484
0 1 4 5 6 7 8 9 15 370
0 1 5 6 7 8 9 15 369 370
0 1 6 7 8 9 15 368 369 370
0 1 7 8 9 15 367 368 369 370
0 1 8 9 15 366 367 368 369 370
0 1 9 15 365 366 367 368 369 370
0 1 15 364 365 366 367 368 369 370
0 1 363 364 365 366 367 368 369 370
16 18 19 20 21 22 23 24 25 70
16 18 19 20 21 22 23 24 25 362
16 19 20 21 22 23 24 25 361 362
16 20 21 22 23 24 25 360 361 362
16 21 22 23 24 25 359 360 361 362
16 22 23 24 25 74 359 360 361 362
16 23 24 25 74 75 359 360 361 362
16 24 25 74 75 76 359 360 361 362
16 25 74 75 76 77 359 360 361 362
16 37 74 75 76 77 78 79 91 134
16 37 74 75 76 77 78 79 91 138
16 74 75 76 77 78 91 144 312 317
16 74 75 76 77 78 91 144 320 321
16 74 75 76 77 78 91 144 325 327
16 74 75 76 77 78 91 144 332 333
16 74 75 76 77 78 91 144 338 339
16 74 75 76 77 78 91 414 436 453
16 74 75 76 77 78 91 414 454 466
16 74 75 76 77 78 91 478 479 491
16 74 75 76 77 78 91 478 479 492
16 74 75 76 77 78 91 478 496 499
16 74 75 76 77 78 91 511 531 534
16 74 75 76 77 78 91 511 531 535
16 74 75 76 77 78 359 360 361 362
0 1 2 6 7 8 9 15 64
0 1 2 35 47 80 89 155 177
0 1 2 35 47 80 89 155 228
0 1 2 36 47 80 89 155 354
0 1 2 47 55 80 89 155 314
0 1 2 47 55 80 89 155 315
0 1 2 47 55 80 89 155 344
0 1 2 47 55 80 89 155 347
0 1 2 47 55 80 89 155 348
0 1 2 47 55 80 89 155 349
0 1 2 47 55 80 89 155 350
0 1 2 47 80 89 155 243 244
0 1 2 47 80 89 155 272 273
0 1 2 47 80 89 155 397 398
0 1 2 47 80 89 155 404 419
0 1 2 47 80 89 155 410 411
0 1 2 47 80 89 155 470 471
0 1 2 47 80 89 155 472 473
0 1 2 47 80 89 155 473 474
0 1 2 47 80 89 155 475 485
0 1 2 47 80 89 155 487 488
0 1 2 47 80 89 155 487 494
0 1 2 47 80 89 155 487 495
16 19 20 21 22 23 24 25 71
16 74 75 76 77 78 91 144 305
16 74 75 76 77 78 91 144 310
16 74 75 76 77 78 91 144 318
16 74 75 76 77 78 91 144 319
16 74 75 76 77 78 91 144 322
16 74 75 76 77 78 91 144 323
16 74 75 76 77 78 91 144 324
16 74 75 76 77 78 91 144 334
16 74 75 76 77 78 91 144 337
16 74 75 76 77 78 91 144 340
16 74 75 76 77 78 91 341 342
16 74 75 76 77 78 91 343 345
16 74 75 76 77 78 91 414 467
16 74 75 76 77 78 91 478 493
16 74 75 76 77 78 91 496 500
16 74 75 76 77 78 91 511 536
16 74 75 76 77 78 91 547 549
16 74 75 76 77 78 91 551 552
16 74 75 76 77 78 91 553 554
0 1 2 7 8 9 15 65
0 1 2 47 80 89 155 168
0 1 2 47 80 89 155 230
0 1 2 47 80 89 155 270
0 1 2 47 80 89 155 271
0 1 2 47 80 89 155 351
0 1 2 47 80 89 155 352
0 1 2 47 80 89 155 396
0 1 2 47 80 89 155 407
0 1 2 47 80 89 155 408
0 1 2 47 80 89 155 409
0 1 2 47 80 89 155 412
0 1 2 47 80 89 155 486
0 1 2 47 80 89 155 502
0 1 34 41 372 375 379 386
16 20 21 22 23 24 25 72
16 74 75 76 77 78 91 346
16 74 75 76 77 78 91 501
16 74 75 76 77 78 91 555
16 74 75 76 77 78 91 571
16 74 75 76 77 78 91 598
16 74 75 76 77 78 91 604
16 74 75 76 77 78 91 605
0 1 2 8 9 15 66
0 1 2 47 80 89 96
0 1 2 47 80 89 140
0 1 2 47 80 89 152
0 1 2 80 89 96 97
0 1 36 42 358 388 391
0 1 41 372 375 379 380
16 21 22 23 24 25 73
0 1 2 9 15 67
0 1 2 80 81 82
0 1 2 80 85 86
0 1 36 43 393 395
0 1 36 355 356 357
0 1 41 372 375 378
0 1 41 372 375 382
0 1 2 15 68
0 1 2 80 83
0 1 2 80 84
0 1 2 80 87
0 1 2 80 88
0 1 36 43 356
0 1 36 80 355
0 1 372 373 374
0 1 2 69
0 1 36 371
0 1 371 372
