1 6 35 44 71 92 105 109 112 113 133 136 179 247 248 307 315 316 320 325 352 374 403 418 439
1 22 32 36 60 69 73 87 134 142 168 206 213 225 249 264 279 290 291 296 345 380 383 402 403
2 11 31 34 40 41 71 85 132 137 142 169 172 173 175 199 253 304 326 330 370 389 408 438 443
3 7 29 45 51 52 66 87 90 122 133 148 155 160 163 243 244 300 321 336 359 381 424 439 442
4 10 17 36 58 59 69 93 121 125 126 145 156 165 182 197 241 264 299 388 403 423 427 430 437
16 19 51 80 83 86 113 118 149 160 162 171 202 203 204 207 245 298 300 315 334 339 372 431 442
17 26 29 39 41 49 53 70 75 119 123 131 132 190 218 261 285 322 330 388 402 409 412 433 446
17 30 33 59 77 87 100 111 114 193 222 223 240 256 279 291 296 310 313 345 376 399 428 432 444
17 59 74 120 125 128 140 151 161 187 193 235 244 254 296 302 316 338 364 380 398 407 422 431 433
29 43 61 120 176 198 209 215 227 232 235 241 246 280 283 289 297 299 303 331 350 362 388 392 444
41 79 87 132 134 140 148 174 180 196 210 270 276 300 308 322 331 344 352 361 363 392 418 428 439
44 50 60 66 70 74 108 112 115 117 129 131 138 168 184 272 286 302 321 351 364 380 398 403 407
50 52 53 58 63 66 69 73 130 211 243 249 309 314 340 342 346 357 379 397 401 410 412 420 431
0 29 55 61 114 118 128 182 187 219 296 302 309 341 348 445
1 64 71 94 108 131 162 178 197 217 248 330 388 390 410 449
4 9 22 26 42 115 163 195 218 260 286 302 358 406 424 444
4 31 63 83 110 117 124 172 195 211 226 269 337 346 353 415
5 61 68 88 159 225 239 245 291 304 323 327 331 372 396 432
5 94 97 107 137 198 239 249 267 278 281 310 326 365 383 421
7 40 123 143 150 154 166 177 186 206 238 258 284 324 347 445
9 14 30 61 91 120 218 228 254 262 275 277 282 338 348 371
9 97 120 129 136 174 210 215 276 318 344 363 367 377 381 408
14 55 57 87 109 149 160 321 344 366 367 373 401 425 428 433
17 115 199 252 279 286 322 331 332 334 338 368 395 408 425 441
20 35 61 101 128 149 154 162 206 238 252 265 267 269 347 433
21 22 35 51 153 169 183 204 206 230 238 249 270 387 390 442
21 100 127 148 167 184 194 232 330 337 341 353 385 389 393 426
26 42 56 77 141 147 168 188 211 224 234 320 375 404 408 415
26 91 160 175 264 268 277 282 284 312 344 355 371 411 423 428
28 46 64 91 92 183 187 194 205 249 251 281 307 335 348 365
36 66 139 209 245 268 306 313 323 329 355 365 377 400 407 447
40 47 88 99 141 143 157 170 181 189 234 250 354 361 402 448
47 61 67 94 124 138 179 251 252 278 293 306 308 335 340 345
51 64 91 137 160 165 230 244 253 275 282 348 358 367 396 399
51 114 130 140 162 203 204 206 358 367 385 396 397 399 419 438
62 96 103 107 126 148 167 205 240 260 274 325 344 366 408 414
66 77 118 122 154 155 189 211 237 238 271 275 323 359 420 432
80 91 121 159 160 175 227 228 244 282 286 295 339 362 393 398
89 146 180 182 208 217 226 234 235 237 325 328 344 348 366 368
104 106 134 170 275 285 290 293 322 358 361 374 377 388 392 401
17 36 69 87 249 264 279 291 296 345 380 402 403
17 36 59 69 87 264 279 291 296 345 380 403
17 59 74 125 296 302 316 364 380 398 403 407
17 70 74 115 131 286 302 364 380 398 403 407
36 60 66 69 73 87 134 168 249 264 380 403
120 128 187 235 244 254 296 302 316 338 348 407
17 41 87 132 140 210 276 322 331 344 428
41 132 148 174 210 276 322 331 344 363 408
60 74 112 168 296 302 364 380 398 403 407
17 29 120 128 187 235 244 296 302 433
17 70 74 131 302 364 380 398 407 433
17 74 115 286 302 338 364 380 398 407
17 74 115 302 338 364 380 398 407 431
17 74 244 286 302 338 364 380 398 407
29 41 87 132 148 300 322 331 392 439
29 51 66 118 122 155 160 300 359 442
29 61 128 182 187 219 235 296 302 348
36 60 134 168 264 291 296 380 403 407
44 74 112 302 316 364 380 398 403 407
50 66 74 115 302 364 380 398 407 431
51 52 66 90 160 243 244 300 431 442
61 120 128 187 235 254 296 302 338 348
61 120 128 187 235 254 296 302 338 433
66 74 244 286 302 321 364 380 398 407
70 74 131 302 321 364 380 398 407 433
74 112 296 302 316 364 380 398 403 407
74 125 129 184 302 364 380 398 403 407
87 148 174 210 276 300 344 363 381 439
134 174 210 276 322 344 361 363 377 392
1 36 69 134 264 290 388 402 403
1 44 60 108 112 131 168 380 403
1 71 87 109 133 352 403 418 439
3 87 148 160 300 321 344 381 439
9 14 91 120 277 282 344 348 371
14 91 160 228 275 277 282 348 371
17 26 29 70 131 218 261 302 433
17 29 41 53 87 132 322 402 433
17 29 120 235 241 299 331 388 444
17 30 59 100 193 291 296 313 407
17 30 59 120 193 254 296 338 407
17 36 59 69 125 182 264 296 403
17 36 59 69 125 264 296 380 403
17 36 59 87 279 291 296 313 345
17 36 59 125 264 296 380 403 407
17 36 59 264 291 296 380 403 407
17 41 87 132 140 322 344 428 433
17 41 132 210 276 322 331 344 408
17 59 87 114 140 193 296 399 428
17 59 87 140 193 244 296 380 433
17 59 87 193 279 291 296 345 380
17 59 87 193 296 310 376 428 433
17 59 87 264 279 291 296 345 428
17 59 114 128 140 187 193 296 302
17 59 125 128 182 187 235 296 302
17 87 240 279 291 331 428 432 444
29 61 120 128 187 235 296 302 348
29 61 120 128 187 235 296 302 433
29 120 128 187 235 244 296 302 348
35 51 153 162 204 206 238 390 442
36 60 66 134 168 264 380 403 407
41 50 53 70 131 261 402 409 412
41 87 132 140 174 322 344 428 433
50 60 66 69 73 168 249 380 403
50 60 69 73 168 249 380 402 403
50 60 70 131 168 184 380 402 403
51 52 66 130 243 249 342 397 431
51 66 118 160 245 298 300 431 442
51 130 140 162 203 204 367 397 431
51 160 162 203 204 358 367 396 399
52 53 66 69 73 87 243 249 401
53 285 322 330 388 401 412 433 446
55 87 109 160 321 344 373 428 439
66 74 244 302 364 380 398 407 431
74 120 125 129 302 364 380 398 407
74 244 302 321 364 380 398 407 433
87 140 174 210 276 344 363 367 428
91 120 228 244 254 275 282 338 348
120 140 174 210 276 331 344 363 392
120 174 210 215 276 331 344 363 392
120 174 210 215 276 331 344 363 408
120 174 210 215 276 344 363 377 392
136 174 210 276 344 352 363 418 439
1 44 71 108 112 131 248 403
1 44 71 108 112 248 315 403
1 44 71 112 131 247 248 403
1 60 131 168 290 380 402 403
1 71 108 131 197 248 388 403
4 17 26 115 218 286 302 444
7 51 66 122 155 238 359 442
9 14 91 120 275 282 348 367
9 14 91 120 282 344 348 367
9 26 42 115 260 286 406 408
9 61 120 218 254 302 338 348
9 91 218 228 277 282 286 338
9 174 210 276 300 344 363 381
14 87 148 160 321 344 366 428
14 91 160 277 282 344 348 371
14 91 160 277 282 344 371 428
17 26 41 132 285 322 344 433
17 26 41 132 322 344 428 433
17 26 70 115 131 218 286 302
17 26 70 115 131 218 286 322
17 29 114 128 182 187 296 302
17 29 128 182 187 235 296 302
17 30 59 111 120 193 296 444
17 30 59 193 254 296 313 407
17 53 58 69 249 340 412 431
17 59 87 140 193 244 296 399
17 59 87 140 193 296 428 433
17 59 100 193 291 296 398 407
17 59 114 128 182 187 296 302
17 59 120 125 235 241 299 388
17 59 120 125 235 388 422 433
17 59 120 193 235 296 302 444
17 59 120 235 241 299 388 444
17 59 125 182 235 241 299 388
17 59 193 291 296 380 398 407
17 59 291 296 380 398 403 407
17 87 249 279 291 296 310 345
22 60 115 168 279 286 380 403
22 60 115 168 286 302 380 403
22 60 134 168 279 286 380 403
26 70 115 117 131 168 286 302
29 52 53 63 66 243 309 412
29 55 61 128 187 296 302 433
30 61 91 262 275 282 348 396
30 61 114 291 296 345 432 444
35 51 113 149 162 204 315 442
35 51 149 162 204 206 238 442
36 58 66 69 73 249 264 403
41 132 134 285 322 344 361 392
41 132 134 285 322 361 388 392
41 132 134 285 322 361 388 402
41 132 134 322 331 361 388 392
51 64 160 162 358 367 396 399
51 66 118 122 155 160 275 359
51 66 118 122 155 238 275 359
51 66 118 122 155 238 359 442
51 66 122 155 160 244 275 359
51 80 113 160 300 315 439 442
51 80 160 244 300 339 431 442
51 87 140 148 244 300 424 439
51 113 133 160 300 315 439 442
51 137 253 358 367 396 399 438
51 149 160 162 203 204 367 431
51 149 162 203 204 206 372 442
51 160 162 203 204 245 372 396
51 160 204 230 358 367 396 399
51 204 206 230 358 367 396 399
52 66 122 155 211 243 359 420
53 94 131 285 330 388 412 446
53 94 285 330 388 401 412 446
60 66 134 168 286 380 403 407
60 168 184 291 380 398 403 407
60 168 291 296 380 398 403 407
61 128 187 254 296 302 348 445
66 160 163 244 286 300 321 424
74 108 254 302 364 380 398 407
87 109 149 160 300 321 344 428
87 109 160 300 321 344 428 439
87 109 300 344 352 418 428 439
87 114 206 279 291 296 345 399
87 132 148 180 270 344 366 428
87 134 264 279 291 296 345 428
87 134 322 344 361 392 401 428
87 148 160 300 321 344 428 439
87 174 210 276 344 363 367 381
87 249 279 291 296 310 345 383
91 120 227 228 244 282 362 398
91 120 228 244 254 282 338 398
91 137 160 228 244 275 282 348
91 160 277 282 344 348 355 371
109 113 133 300 315 352 418 439
120 140 174 210 276 344 363 367
134 170 285 290 322 361 388 402
134 285 322 344 361 377 392 401
134 322 352 361 374 392 418 439
136 174 210 276 344 363 381 439
148 174 210 276 344 363 381 408
174 210 276 322 344 363 377 408
0 77 93 270 366 434 436
0 128 187 296 302 316 348
1 22 35 69 206 249 403
1 35 71 113 162 248 315
1 35 92 249 307 315 403
1 36 69 197 264 388 403
1 60 112 168 296 380 403
1 71 94 108 112 131 248
1 71 108 162 248 315 388
1 71 108 248 315 388 403
1 71 248 315 374 388 403
1 87 134 352 403 418 439
1 109 113 133 160 315 439
1 134 352 374 403 418 439
4 17 59 125 182 302 403
4 17 59 241 299 388 444
4 26 115 117 195 286 302
5 61 94 198 239 267 278
7 66 122 154 155 238 359
8 47 49 51 215 367 406
9 26 91 218 277 282 286
9 26 91 218 277 282 371
9 26 91 218 282 286 358
9 26 91 277 282 344 371
9 91 218 275 282 348 358
9 91 275 282 348 358 367
10 40 42 99 126 231 333
10 124 151 228 294 333 392
11 22 213 304 370 406 440
12 51 303 321 342 360 419
13 33 324 367 397 431 440
13 49 72 179 215 295 406
14 30 91 277 282 371 428
14 55 160 344 348 366 367
14 61 120 218 254 338 433
14 91 160 275 282 348 367
14 91 160 282 344 348 367
14 91 160 282 344 367 428
17 26 29 218 285 388 444
17 26 41 132 322 330 408
17 26 41 132 322 344 408
17 29 41 87 132 322 331
17 29 41 132 322 331 388
17 29 120 235 296 302 444
17 29 182 235 241 299 388
17 30 59 193 279 296 338
17 36 58 69 249 264 403
17 36 59 291 296 313 407
17 36 69 264 388 402 403
17 39 70 75 131 407 433
17 41 132 199 322 330 408
17 41 132 199 322 331 408
17 59 69 125 296 380 431
17 59 111 120 193 296 422
17 59 114 193 296 302 444
17 59 120 125 140 235 299
17 59 125 182 296 302 403
17 59 161 193 296 345 380
17 59 193 279 296 338 380
17 70 119 131 388 402 403
17 81 124 310 376 415 433
17 87 279 322 331 425 428
17 87 322 331 344 425 428
17 87 322 344 425 428 433
17 115 218 279 286 322 338
17 120 140 210 276 331 344
17 120 210 276 331 344 408
17 120 218 254 302 338 433
17 120 331 334 338 368 408
17 210 249 251 340 344 408
17 322 331 344 368 408 425
22 26 42 115 168 286 302
22 51 87 206 249 270 442
22 60 168 296 302 380 403
22 87 279 291 296 345 444
24 56 72 108 315 388 429
24 108 172 254 340 381 438
25 157 252 266 286 343 434
26 29 163 218 302 424 444
26 91 160 175 277 282 286
27 111 113 120 229 334 368
29 41 132 285 322 388 392
29 41 132 322 331 388 392
29 53 66 70 75 131 412
29 61 120 235 296 302 444
29 61 182 235 241 299 388
29 66 163 244 302 321 424
30 59 100 239 291 298 407
30 59 100 239 291 310 432
30 61 120 254 296 338 348
30 91 275 282 348 396 399
30 120 254 277 338 348 407
30 120 254 296 338 348 407
33 87 142 279 291 296 345
34 73 130 200 314 357 416
35 51 113 133 315 439 442
35 92 126 128 287 294 371
37 39 316 348 355 407 421
41 71 87 132 352 418 439
41 87 132 134 322 361 402
41 132 199 322 330 370 408
42 56 77 122 188 211 408
42 115 122 126 199 406 408
44 66 112 133 321 403 439
44 109 112 133 321 403 439
45 68 125 129 184 327 386
46 64 91 183 230 249 348
46 119 153 230 235 287 414
48 62 80 96 103 157 439
49 131 285 290 322 388 402
50 52 66 184 321 398 407
50 52 66 243 321 342 401
50 53 69 73 249 402 412
50 58 66 69 73 249 403
50 66 69 73 168 211 249
50 66 69 73 249 380 431
50 70 91 168 184 261 402
50 70 91 168 184 286 398
50 70 131 168 184 261 302
50 70 131 168 184 261 402
51 52 66 87 243 249 442
51 52 66 243 249 431 442
51 64 91 137 230 249 348
51 64 91 183 230 249 348
51 80 91 160 244 282 339
51 80 160 244 300 439 442
51 87 114 140 206 367 399
51 87 140 148 270 300 439
51 87 148 270 300 439 442
51 87 149 160 300 321 442
51 87 160 244 321 367 381
51 114 348 358 367 396 399
51 118 149 162 204 238 442
51 140 162 203 204 300 431
51 140 244 358 367 396 399
51 149 162 203 204 206 367
51 160 243 300 334 431 442
51 162 203 204 206 372 396
52 66 87 160 243 321 401
52 88 145 147 354 381 436
52 100 184 291 293 398 407
53 58 69 388 401 410 412
53 94 131 330 388 410 412
53 94 249 340 401 410 412
53 94 330 388 401 410 412
58 66 69 73 249 264 309
60 66 87 168 321 380 403
60 168 184 291 380 402 403
61 79 243 263 277 345 384
61 91 120 187 254 338 348
61 91 120 227 228 282 362
61 91 159 227 228 282 362
61 118 128 149 154 162 238
61 118 154 238 275 323 432
61 120 128 254 338 348 371
61 120 218 254 302 338 433
61 128 154 206 238 347 445
62 96 103 148 325 344 439
64 91 137 249 281 348 365
64 94 249 251 281 335 365
66 69 73 87 134 249 401
66 75 264 268 298 309 407
66 77 87 122 155 359 432
66 115 163 286 302 321 424
66 134 277 286 293 300 407
66 138 184 286 293 398 407
66 163 244 286 302 321 424
69 73 87 134 249 290 401
77 87 168 279 291 296 345
79 87 148 163 243 300 439
80 119 146 337 373 403 439
87 109 133 160 300 321 439
87 109 133 300 352 418 439
87 133 148 300 352 418 439
87 134 290 322 361 392 401
87 140 148 210 244 300 439
87 140 174 344 367 428 433
87 148 174 240 331 344 428
87 148 210 244 300 381 439
87 225 279 291 296 345 432
87 322 344 401 425 428 433
91 120 187 244 254 338 348
91 120 187 244 254 338 398
91 120 244 275 282 348 367
91 121 160 165 264 282 423
91 121 160 175 264 282 423
91 137 160 175 228 244 282
91 137 160 175 244 253 282
91 160 175 228 277 282 286
91 160 175 228 277 282 371
91 228 244 282 286 338 398
91 253 262 275 282 348 396
93 102 111 220 413 422 429
94 112 233 285 376 378 417
94 249 251 278 281 335 365
94 249 251 278 335 340 345
96 164 191 330 350 382 448
109 113 133 160 300 315 439
109 136 325 344 352 418 439
118 128 187 296 302 309 431
119 153 246 260 280 387 414
120 140 151 244 367 431 433
120 151 228 244 254 338 398
121 125 189 205 216 307 323
128 187 296 302 309 348 407
128 187 296 302 309 407 431
128 233 292 294 301 410 412
134 293 300 308 322 361 392
139 153 169 246 405 412 448
140 288 306 379 395 424 447
148 180 325 344 352 418 439
148 237 303 332 355 364 396
177 218 279 322 338 370 436
1 22 35 206 249 390
1 35 71 162 248 390
1 44 112 168 320 403
1 44 112 316 380 403
1 64 71 92 248 307
1 64 94 249 390 410
1 69 178 197 388 410
1 71 94 112 179 248
1 71 133 217 248 325
1 87 109 133 160 439
1 112 296 316 380 403
1 131 290 388 402 403
1 134 290 374 388 403
1 225 296 316 380 403
4 17 26 218 388 444
4 17 26 264 388 423
4 17 115 286 302 403
4 22 36 69 264 403
4 22 115 286 302 403
4 26 42 188 211 415
4 26 42 195 211 415
4 26 117 195 211 415
4 26 218 358 388 444
4 42 115 126 260 406
4 58 63 69 211 346
4 115 117 286 302 403
5 225 239 249 291 383
5 239 245 323 331 365
5 239 249 291 310 383
6 322 352 374 418 439
9 30 61 120 218 444
9 61 120 215 350 444
9 61 120 218 302 444
9 97 215 367 406 408
9 115 218 286 302 338
11 22 142 169 304 370
11 22 142 213 304 370
11 199 304 370 406 408
17 26 29 218 302 444
17 26 75 264 388 402
17 26 115 286 322 408
17 26 264 344 423 428
17 29 87 114 296 444
17 29 87 244 296 433
17 29 87 296 402 433
17 29 114 296 302 444
17 29 119 235 388 433
17 29 120 218 302 433
17 29 120 218 302 444
17 29 120 218 388 433
17 29 120 218 388 444
17 29 120 235 388 433
17 30 120 218 254 338
17 33 59 193 296 431
17 53 58 69 388 412
17 53 69 87 249 402
17 53 69 249 402 412
17 53 69 388 402 412
17 58 59 69 125 431
17 59 74 125 165 244
17 59 74 125 165 403
17 59 93 125 388 422
17 59 121 125 165 244
17 59 121 125 244 398
17 59 121 125 398 403
17 59 125 126 128 182
17 69 249 296 380 431
17 70 131 380 402 403
17 70 131 380 402 433
17 87 210 331 428 444
17 87 240 331 344 428
17 87 296 380 402 433
17 115 218 279 286 444
17 115 218 286 302 338
17 115 279 286 331 444
17 115 279 286 338 380
17 115 279 286 380 403
17 115 286 332 338 364
17 120 140 235 299 331
17 120 140 235 331 338
17 120 140 235 331 344
17 120 140 235 344 433
17 120 235 331 338 368
17 120 235 331 344 368
17 120 331 344 368 408
17 124 251 252 340 345
17 126 182 264 344 423
17 131 165 197 388 403
17 140 322 331 338 395
17 187 249 296 380 431
17 252 322 338 425 433
22 51 87 163 424 442
22 51 163 358 406 424
22 51 204 206 230 358
22 87 134 206 249 270
22 115 218 279 286 444
22 142 213 225 291 304
26 41 132 175 330 408
26 41 132 175 344 408
26 41 132 175 344 428
26 42 115 168 286 408
26 70 91 168 261 402
26 70 91 218 261 402
26 70 131 168 261 302
26 70 131 168 261 402
26 91 160 282 286 358
26 115 218 286 322 358
26 160 163 286 358 424
26 218 285 322 358 388
26 218 285 358 388 444
29 41 119 132 322 439
29 41 132 148 322 330
29 52 53 66 87 243
29 53 66 75 309 412
29 55 87 160 321 433
29 55 87 160 321 439
29 61 114 296 302 444
29 61 120 218 302 348
29 61 120 218 302 433
29 61 120 218 302 444
29 61 120 218 388 433
29 61 120 218 388 444
29 61 120 235 388 433
29 66 70 131 302 321
29 70 131 302 321 433
29 87 160 244 321 433
29 119 235 246 280 388
29 120 227 235 244 362
29 148 232 303 331 392
30 61 114 291 396 432
30 61 239 291 396 432
30 114 291 396 399 432
31 172 330 337 353 389
32 41 87 134 142 402
33 87 114 367 399 428
34 41 132 218 330 370
35 51 204 249 315 442
36 66 264 268 355 407
36 69 126 142 264 403
36 225 245 291 323 327
36 245 291 313 323 407
40 41 123 132 330 402
40 41 132 142 330 402
40 42 141 224 234 408
41 53 132 169 330 412
41 57 87 344 428 433
41 71 131 132 330 388
41 87 132 134 142 402
41 132 148 322 330 408
41 132 148 330 389 408
41 132 199 304 331 408
41 132 199 308 322 331
41 132 218 322 330 370
42 115 122 163 406 424
42 115 126 260 406 408
42 115 199 286 406 408
45 52 66 148 184 321
47 94 251 278 281 335
49 70 108 131 330 388
50 52 66 309 407 431
50 52 66 398 407 431
50 53 66 70 131 412
50 53 66 70 211 412
50 53 66 131 410 412
50 63 66 117 211 346
50 66 70 117 168 211
50 66 302 309 407 431
51 52 66 243 321 342
51 64 183 230 249 390
51 87 140 244 367 399
51 87 149 160 321 367
51 87 160 244 367 399
51 90 122 163 406 424
51 114 118 162 203 204
51 130 204 206 249 397
51 130 204 249 397 431
51 160 163 244 358 424
51 160 163 300 372 442
51 203 204 206 387 442
51 204 249 315 431 442
52 66 160 243 401 431
52 66 160 244 321 398
52 66 160 244 398 431
52 66 184 293 398 407
52 66 244 300 321 407
52 66 244 300 407 431
52 66 244 321 398 407
52 66 244 398 407 431
52 69 73 87 249 291
53 69 73 87 249 402
60 138 168 345 380 403
61 68 209 245 323 331
61 91 187 251 335 348
61 114 118 128 162 296
61 114 128 162 206 296
61 114 128 206 296 445
61 114 206 291 296 345
61 118 128 154 238 445
61 118 149 162 245 372
61 118 245 323 372 432
61 120 227 228 362 392
61 128 162 206 296 433
61 206 225 291 296 345
61 206 225 291 372 396
61 225 291 296 345 432
63 124 172 211 340 346
64 94 137 249 281 365
66 87 133 321 403 439
66 87 134 148 300 439
66 115 122 163 321 424
66 118 211 309 420 431
66 122 148 155 237 359
66 134 275 293 377 401
66 160 244 286 321 398
66 160 264 268 277 355
66 244 286 300 321 407
66 245 298 300 407 431
66 264 268 277 355 407
69 73 87 243 249 345
69 73 130 206 249 397
69 73 243 249 340 345
69 73 249 264 296 309
69 73 249 296 309 431
69 73 249 296 380 431
70 131 184 261 330 402
73 87 132 134 142 402
77 87 100 240 366 428
77 141 189 211 234 275
77 189 211 234 237 275
79 87 134 308 345 428
79 134 277 300 344 428
80 159 160 245 339 372
80 160 244 286 300 339
80 160 244 339 398 431
80 160 286 300 334 339
87 96 148 240 344 366
87 100 148 240 366 428
87 109 133 321 403 439
87 109 321 373 403 439
87 114 140 206 296 399
87 114 140 367 399 428
87 132 344 366 428 433
87 134 140 206 296 380
87 134 210 249 270 344
87 134 225 279 291 331
87 134 279 290 322 402
87 134 279 291 331 428
87 134 279 322 331 428
87 134 290 322 361 402
87 140 206 296 380 433
87 148 174 240 344 381
87 148 240 344 366 428
87 149 240 344 366 428
87 149 300 308 344 428
87 160 244 321 367 433
87 160 321 344 367 381
87 206 296 380 402 433
87 210 331 392 428 444
87 225 279 291 331 432
88 225 279 291 331 432
91 121 160 165 244 282
91 159 160 244 282 396
91 160 175 227 282 411
91 160 244 282 286 358
91 160 282 348 355 396
91 160 282 367 399 428
91 205 249 251 344 348
94 249 278 310 345 383
94 251 278 306 335 365
97 107 137 249 326 408
109 112 352 418 428 439
109 113 149 160 300 315
114 128 140 162 206 296
114 140 162 206 296 399
114 140 367 399 419 428
119 153 235 246 280 414
119 153 235 246 287 414
120 140 174 344 367 433
120 140 235 299 331 392
120 140 235 331 344 392
120 161 254 277 338 407
120 209 215 377 388 392
120 210 215 331 392 444
120 215 235 331 344 392
120 227 235 244 362 398
121 227 241 299 362 388
123 154 206 238 347 433
128 140 162 206 296 433
128 140 162 296 431 433
128 140 206 296 380 433
128 149 162 347 431 433
133 148 325 352 418 439
134 140 322 358 361 392
134 170 286 293 322 358
137 142 169 249 326 408
137 249 281 348 365 421
140 180 235 331 344 392
141 170 189 234 275 361
148 174 240 331 344 408
148 174 240 344 381 408
148 180 237 325 344 366
148 180 325 344 366 414
149 160 162 367 431 433
149 160 367 401 431 433
149 344 366 367 408 425
160 163 244 286 358 424
163 244 286 302 358 424
180 235 325 344 366 414
180 322 331 344 352 368
199 279 322 338 370 408
218 275 285 322 358 388
234 325 344 366 368 408
0 29 61 182 241
0 55 182 348 366
0 77 114 118 296
1 35 162 206 390
1 64 92 249 307
1 69 73 249 410
1 71 87 142 403
1 94 249 345 383
1 113 160 162 315
1 131 330 388 402
2 41 71 132 418
4 17 59 302 444
4 17 115 126 403
4 17 121 286 403
4 22 26 42 188
4 115 117 126 403
5 61 198 239 331
5 137 239 304 326
5 137 239 304 396
5 198 239 331 365
5 239 291 310 432
7 51 87 206 442
7 51 206 238 442
9 26 260 344 408
9 115 129 174 408
9 115 129 286 302
9 115 129 286 408
9 115 286 338 408
9 120 210 215 444
9 120 275 367 377
9 120 277 318 344
9 163 286 300 424
9 163 300 381 424
9 218 302 348 358
9 275 358 367 377
10 17 59 125 151
10 241 299 388 392
13 49 215 367 406
13 204 367 397 431
14 55 61 149 433
14 120 344 367 433
14 160 275 367 401
17 26 77 408 415
17 26 77 428 444
17 29 87 331 444
17 29 128 412 433
17 29 190 299 388
17 30 120 218 444
17 30 218 279 338
17 30 218 279 444
17 36 59 197 313
17 39 316 407 433
17 53 412 431 433
17 59 75 264 388
17 59 75 264 407
17 59 75 388 433
17 59 75 407 433
17 59 77 93 111
17 59 93 111 422
17 59 165 244 399
17 59 197 256 313
17 59 264 423 428
17 69 249 340 345
17 74 131 165 403
17 77 240 279 408
17 77 310 376 415
17 87 140 210 244
17 87 210 249 344
17 87 249 264 344
17 87 264 344 428
17 87 276 310 428
17 87 279 322 402
17 111 120 334 368
17 111 279 334 368
17 115 126 199 408
17 115 334 338 431
17 120 140 210 244
17 120 210 331 444
17 120 334 338 431
17 121 244 286 398
17 121 286 398 403
17 124 310 345 376
17 126 240 344 408
17 128 252 338 433
17 128 412 431 433
17 131 197 330 388
17 140 322 338 433
17 182 235 344 368
17 218 279 322 402
17 218 322 338 433
17 240 279 331 408
17 240 331 344 408
17 249 251 340 345
17 251 252 340 408
19 80 113 315 403
19 149 160 300 428
20 61 128 254 433
21 51 148 270 442
21 51 204 206 385
21 153 183 194 249
22 26 42 168 188
22 26 168 264 402
22 87 163 424 444
22 134 206 290 358
22 142 169 206 249
22 142 213 279 370
26 29 119 160 433
26 29 160 163 424
26 42 218 302 433
26 53 70 211 412
26 70 91 168 286
26 70 91 218 286
26 70 117 168 211
26 75 264 268 284
26 91 168 264 402
26 117 168 211 415
26 141 168 234 402
26 160 344 428 433
29 51 114 118 348
29 51 118 160 348
29 51 148 303 321
29 51 160 244 348
29 55 87 114 296
29 55 87 296 433
29 55 118 160 348
29 55 302 321 433
29 66 70 321 336
29 66 118 302 309
29 87 155 244 296
29 87 163 424 444
29 87 331 392 444
29 119 246 388 412
29 148 232 330 341
29 160 227 244 362
29 232 330 350 388
29 244 302 321 433
29 285 388 392 444
30 61 114 296 348
30 61 114 348 396
30 61 120 296 444
30 61 275 396 432
30 77 275 399 432
30 91 282 399 428
30 114 296 348 399
30 114 348 396 399
30 275 396 399 432
31 41 132 190 330
31 172 211 408 415
33 114 367 397 399
35 51 270 439 442
35 92 126 325 403
35 92 183 249 307
35 109 113 149 315
35 206 238 249 267
35 270 352 418 439
36 66 134 377 407
36 66 168 209 407
36 121 125 182 323
36 134 290 377 388
36 209 241 299 388
36 264 268 355 423
40 41 132 361 402
40 42 99 141 234
40 42 126 199 408
40 123 143 206 402
40 126 142 199 408
40 132 141 361 402
40 142 169 206 438
40 143 154 189 238
41 71 87 132 142
41 132 210 326 408
41 132 330 409 443
43 241 299 388 427
44 112 129 136 403
44 112 138 179 403
45 66 129 184 321
45 66 129 321 381
46 153 183 194 249
46 153 183 230 249
47 49 179 215 406
50 53 261 412 420
50 63 66 117 272
50 66 108 131 410
50 66 108 138 340
50 66 108 340 410
50 91 168 249 402
51 66 238 249 442
51 87 140 206 270
51 87 149 206 367
51 87 149 206 442
51 118 160 275 348
51 130 342 397 419
51 137 169 230 249
51 137 169 230 253
51 137 169 253 438
51 140 148 244 396
51 140 148 385 396
51 140 204 206 270
51 140 204 270 300
51 140 244 300 431
51 140 244 358 424
51 140 244 367 431
51 148 160 244 396
51 160 204 230 442
51 160 230 244 442
51 160 244 367 431
51 169 204 206 438
51 204 270 300 442
52 66 148 243 357
52 66 243 340 381
52 66 243 379 424
52 66 268 309 407
52 66 293 300 407
52 66 293 340 401
53 73 87 132 402
53 73 132 402 412
53 87 322 401 433
53 130 401 412 446
53 401 412 431 433
55 61 118 128 149
55 61 128 149 433
55 87 114 296 428
55 87 114 367 428
55 87 296 428 433
55 118 149 160 339
55 182 344 348 366
56 172 211 408 415
58 69 182 264 309
58 69 197 388 410
59 75 264 298 407
59 264 291 298 407
61 79 308 331 392
61 91 159 282 396
61 94 162 252 267
61 94 252 267 278
61 114 118 296 432
61 114 162 206 396
61 114 206 291 396
61 120 218 275 388
61 120 228 275 392
61 120 235 331 338
61 120 275 388 392
61 124 252 269 433
61 124 293 308 392
61 128 252 338 433
61 149 162 206 372
61 149 252 308 340
61 159 227 331 362
61 162 206 372 396
61 162 245 372 396
61 209 245 306 323
61 275 293 388 392
61 275 323 396 432
61 291 331 350 444
61 291 331 432 444
62 148 196 344 439
63 83 211 346 431
63 211 249 346 415
64 71 94 137 330
64 71 137 253 330
64 91 187 244 348
64 91 194 253 348
64 123 131 330 388
64 131 165 197 388
64 165 275 358 388
66 70 75 131 407
66 74 90 244 321
66 74 90 244 431
66 77 87 313 432
66 77 313 323 432
66 87 134 403 439
66 87 244 321 380
66 108 129 321 381
66 118 245 323 432
66 118 298 309 431
66 118 302 309 431
66 134 264 277 407
66 134 275 277 293
66 134 293 377 407
66 138 293 306 340
66 138 293 306 407
66 148 184 321 364
66 148 237 355 364
66 148 244 321 364
66 160 243 277 300
66 160 245 268 298
66 160 245 268 355
66 160 264 268 298
66 160 277 286 300
66 211 238 249 420
66 211 275 401 420
66 245 268 298 407
66 245 313 323 432
66 293 306 377 407
66 298 309 407 431
66 306 379 424 447
69 73 249 279 420
69 134 290 388 401
69 182 264 296 309
69 249 278 340 345
69 249 278 345 383
70 108 131 184 330
70 108 131 388 403
71 94 137 326 330
71 94 326 330 410
71 108 162 330 438
71 108 172 330 438
71 136 320 325 408
77 87 155 296 432
77 87 270 366 428
77 114 118 296 432
77 118 155 296 432
77 141 143 189 234
77 143 154 189 238
77 291 313 323 432
79 134 277 345 428
79 320 352 418 439
80 113 315 403 439
80 119 160 373 439
80 121 286 398 403
80 159 239 245 372
80 160 162 228 339
80 239 245 298 372
86 113 120 334 431
87 96 148 344 439
87 109 193 428 433
87 134 140 206 270
87 134 140 296 428
87 134 249 264 344
87 134 249 344 401
87 134 264 344 428
87 140 206 367 433
87 140 210 244 367
87 140 244 367 433
87 149 206 367 433
87 160 264 344 428
87 160 367 399 428
87 210 244 367 381
87 244 321 380 433
87 249 310 383 421
88 141 147 234 354
88 225 279 291 402
91 168 249 264 402
91 184 286 393 398
92 128 187 194 348
92 128 187 316 348
92 179 251 307 335
92 187 307 316 348
92 205 307 325 348
92 208 226 325 348
92 307 316 325 348
94 108 112 131 138
94 108 124 138 340
94 124 278 310 345
94 124 310 345 376
94 285 293 388 401
96 148 167 330 408
97 107 249 344 408
97 120 198 215 388
97 120 215 377 388
97 210 249 326 408
97 210 249 344 408
100 148 167 240 366
100 184 389 393 398
106 190 285 322 388
107 137 173 326 408
107 205 249 281 365
107 205 249 344 408
109 112 321 428 439
113 162 207 248 315
114 206 291 396 399
115 129 168 286 408
115 168 279 286 408
115 174 322 331 408
118 128 149 162 431
118 128 162 296 431
119 153 230 387 414
120 140 151 235 392
120 140 210 244 367
120 209 235 331 368
120 210 244 367 381
120 235 338 348 368
120 235 344 348 368
120 275 377 388 392
120 344 368 377 408
125 129 184 302 386
126 182 325 344 366
126 264 344 371 423
128 187 194 341 348
128 309 410 412 431
129 321 344 367 381
130 140 379 397 431
130 162 397 410 431
130 358 367 397 401
130 367 397 401 431
131 162 330 388 433
132 148 344 366 408
134 140 296 380 407
134 264 277 344 428
134 264 277 345 428
134 279 286 322 331
134 286 293 300 322
134 286 300 322 331
134 290 291 293 345
137 142 249 296 383
137 142 249 326 383
137 244 296 348 399
137 249 296 310 383
137 253 304 396 438
137 253 367 408 438
140 148 244 364 396
140 162 206 367 433
140 162 367 431 433
140 244 300 407 431
140 244 302 358 424
140 316 352 418 439
140 322 331 361 395
142 168 249 279 408
142 199 279 370 408
146 180 325 344 439
148 160 344 355 428
148 167 330 389 408
148 303 331 332 396
148 322 331 332 408
149 162 206 367 433
149 240 344 366 408
149 252 334 408 425
159 160 245 372 396
159 227 286 331 362
160 244 321 398 433
160 244 367 431 433
160 244 398 431 433
160 275 358 367 401
160 277 300 344 428
167 226 325 344 366
167 326 330 389 408
168 211 249 408 415
172 340 381 408 438
179 308 352 418 439
180 235 331 344 368
180 325 344 352 368
187 249 296 309 348
187 249 296 309 431
199 252 308 322 331
205 249 251 344 408
205 325 344 348 366
209 245 323 331 365
210 251 308 340 344
210 340 344 381 408
215 374 377 388 392
227 286 331 362 444
237 253 275 348 396
237 275 323 396 432
239 245 291 298 372
239 245 291 298 407
239 245 291 323 407
239 245 323 365 407
245 291 313 323 432
245 300 331 334 372
275 358 367 377 401
285 322 344 401 433
285 358 388 392 444
286 300 322 331 334
322 344 368 377 408
344 366 368 408 425
348 355 365 407 421
0 93 182 241
0 93 182 366
1 64 160 162
1 71 142 330
1 87 160 264
1 94 179 345
1 136 402 403
1 142 330 402
1 162 206 296
1 179 345 403
1 213 247 403
1 291 325 403
2 71 136 408
2 71 136 418
4 10 17 124
4 10 42 126
4 17 26 415
4 17 124 415
4 22 26 264
4 117 337 403
4 121 337 403
4 165 358 388
4 170 286 358
4 170 358 388
7 29 123 445
7 52 87 291
7 87 206 291
7 160 243 284
7 177 243 284
9 120 129 302
9 120 254 381
9 120 338 408
9 215 406 444
9 277 286 300
9 277 300 344
9 358 367 406
10 17 124 151
10 42 151 333
10 126 294 333
13 129 215 367
13 367 406 440
14 30 87 428
14 55 61 348
14 338 425 433
17 26 415 433
17 29 114 123
17 39 388 430
17 58 126 199
17 59 126 240
17 75 322 441
17 81 190 433
17 124 151 433
17 124 252 433
17 187 249 251
17 249 279 408
17 249 310 415
17 249 408 415
17 252 279 345
17 254 340 431
17 285 376 433
17 285 376 444
21 51 148 385
21 169 330 389
21 169 330 390
22 26 218 402
22 134 286 358
22 153 260 387
22 218 279 370
22 218 279 402
22 218 370 406
22 296 302 444
24 56 108 172
24 72 108 438
26 42 77 444
26 42 147 163
26 42 415 433
26 49 218 406
26 56 190 388
26 75 123 284
26 91 92 371
26 91 168 375
26 119 218 260
26 132 141 402
26 132 141 408
26 168 261 320
26 175 286 408
26 234 344 408
29 39 218 348
29 49 51 215
29 49 215 388
29 51 87 114
29 51 215 303
29 51 215 381
29 55 61 246
29 61 232 341
29 61 243 309
29 114 123 445
29 118 155 296
29 119 160 439
29 120 215 381
29 120 244 381
29 122 288 424
29 128 309 412
29 131 297 388
30 61 277 345
30 277 345 428
31 110 169 172
31 142 172 226
34 73 132 142
34 73 142 225
34 142 225 304
35 61 128 371
35 61 179 252
35 69 126 403
35 71 169 390
35 92 128 316
35 109 149 433
35 109 316 433
35 128 316 433
35 153 230 287
36 66 87 313
36 66 249 365
36 125 323 327
36 125 323 407
36 209 377 388
36 249 365 383
36 306 313 345
40 71 330 449
40 132 141 408
40 137 281 326
40 141 143 150
40 142 206 402
40 143 166 250
40 169 206 238
40 169 330 448
40 330 402 448
41 132 140 438
41 132 169 270
42 77 376 415
42 77 376 444
42 99 115 126
42 151 302 433
42 376 415 433
44 138 179 278
45 125 244 254
45 244 254 381
46 187 235 348
46 230 235 348
47 56 141 234
47 61 179 215
47 63 124 340
47 170 293 361
47 293 308 361
49 72 108 388
49 72 215 388
50 91 249 357
50 141 168 211
50 141 168 402
51 64 162 390
51 137 160 171
51 137 303 396
51 148 303 396
51 215 367 381
51 230 238 275
51 303 396 419
51 321 367 419
51 358 367 406
51 367 381 438
52 58 69 145
52 66 160 268
52 87 100 148
52 87 100 291
52 100 148 184
52 147 163 381
53 169 249 412
55 114 348 367
55 118 187 271
59 298 407 431
61 79 308 345
61 94 162 388
61 94 198 388
61 94 293 388
61 118 182 323
61 118 275 348
61 124 228 392
61 162 388 433
61 198 278 362
61 206 252 345
61 218 277 384
61 219 228 348
61 243 309 340
61 243 340 345
61 252 308 331
61 252 331 338
61 252 331 347
61 275 277 293
61 277 293 345
61 291 293 345
61 303 331 396
63 211 404 415
64 160 367 373
64 162 358 388
64 183 217 348
64 183 217 390
64 194 253 330
66 77 87 168
66 77 168 211
66 87 160 264
66 108 340 381
66 129 377 381
66 129 377 407
66 148 160 355
66 160 275 277
66 160 275 401
66 237 323 355
66 275 323 377
66 306 340 379
66 355 364 407
68 125 323 327
68 184 291 327
70 112 131 285
71 113 172 304
71 113 304 320
71 169 330 390
71 304 320 408
72 179 315 406
77 168 279 408
77 168 345 404
77 189 223 432
77 234 237 366
77 234 366 408
77 240 366 408
77 279 420 432
79 87 243 345
79 243 277 300
80 121 337 393
80 121 337 403
80 149 160 373
83 118 211 431
83 149 162 269
87 149 206 290
87 149 290 401
88 189 323 432
88 245 323 329
88 331 396 397
89 105 248 325
89 217 248 325
91 92 348 371
91 121 205 307
91 184 194 393
91 249 264 344
91 268 355 365
91 286 332 338
91 332 355 396
91 348 355 365
92 126 205 325
92 128 233 294
92 128 348 371
93 126 182 366
93 388 422 429
94 97 198 388
94 108 124 390
94 108 340 410
94 112 131 285
94 112 138 179
94 153 162 390
94 153 249 390
94 153 249 412
94 233 285 412
94 233 410 412
94 249 326 410
94 285 401 417
94 293 340 401
96 330 412 448
97 137 367 408
97 310 313 365
97 313 365 377
100 114 296 341
100 114 341 385
100 114 385 399
100 291 293 345
106 297 388 392
106 358 397 401
107 167 326 408
107 205 240 281
107 240 281 310
108 117 124 138
108 117 124 172
108 124 172 340
109 136 344 367
109 193 316 433
109 325 344 366
112 117 184 353
112 296 376 428
112 316 407 421
113 120 136 316
113 120 316 431
113 245 304 372
113 298 307 315
113 315 316 431
113 315 325 334
113 325 334 368
113 325 352 368
114 123 206 445
114 130 309 397
114 140 302 358
114 219 296 310
114 302 348 358
114 302 358 444
114 358 399 444
115 138 252 286
115 286 321 425
115 286 395 424
117 184 337 353
117 184 337 403
118 171 187 431
118 182 237 323
118 182 237 348
118 237 275 348
119 153 246 412
119 160 373 433
120 129 377 407
120 140 363 422
120 151 228 392
120 161 377 407
120 176 215 367
120 209 235 407
120 209 368 377
120 209 377 407
120 235 303 364
120 244 254 381
121 125 126 205
121 125 189 423
121 125 307 403
122 126 148 408
122 148 381 408
123 177 218 322
123 206 402 433
124 269 415 433
125 187 205 307
125 187 307 316
125 307 316 403
126 182 325 403
128 162 410 431
130 340 397 438
133 136 381 439
133 163 247 439
133 244 316 439
134 140 206 358
134 140 300 407
134 277 293 345
134 291 293 407
134 293 308 345
136 179 215 374
136 215 374 377
136 325 344 408
137 249 296 348
137 296 310 399
138 179 345 403
138 252 286 293
140 148 331 396
140 204 338 431
140 244 316 439
140 306 407 447
140 331 396 397
142 173 175 264
146 182 325 403
146 325 403 439
146 344 366 373
146 344 373 439
148 160 244 393
148 160 355 396
148 163 260 424
148 167 194 205
148 237 344 355
148 303 321 364
149 160 334 425
149 162 252 334
149 252 340 408
149 252 425 433
149 308 340 344
149 340 344 401
149 340 344 408
149 340 401 431
153 169 246 387
153 169 249 412
154 211 238 269
155 160 275 371
159 175 295 304
160 243 277 284
160 244 295 336
160 245 355 396
160 286 321 425
160 286 334 425
162 330 385 438
167 226 337 353
169 330 412 448
172 211 340 408
173 199 332 408
173 232 330 389
174 180 208 344
175 199 286 408
175 330 389 393
175 389 393 398
179 252 306 395
180 234 344 361
182 197 217 388
182 217 235 388
182 309 348 368
187 348 365 407
194 253 330 389
198 209 331 365
204 334 338 431
205 307 323 365
206 249 267 383
206 252 279 345
206 324 367 397
209 331 368 425
211 226 234 237
211 226 234 415
211 249 340 408
215 227 295 362
218 275 322 338
227 232 362 393
227 331 392 418
230 235 244 348
234 237 275 348
234 320 325 408
235 237 303 364
235 316 325 348
235 344 366 433
237 323 355 396
237 344 348 355
237 348 355 396
239 365 407 421
240 306 313 345
244 302 348 358
245 323 355 396
246 260 280 444
249 340 344 401
252 286 293 322
252 286 425 434
252 293 308 322
264 296 309 407
268 313 355 428
268 344 355 377
270 344 411 428
277 286 338 407
277 348 355 407
316 355 364 407
321 367 419 428
325 334 368 408
330 385 389 438
330 402 412 448
344 366 373 414
344 367 377 401
367 381 408 438
0 266 434
1 167 325
1 167 330
3 321 437
4 9 93
4 182 226
4 288 424
4 353 437
5 14 61
5 364 396
7 40 173
7 300 391
8 17 49
9 408 443
10 121 228
17 100 330
17 190 399
19 51 303
19 162 178
19 235 303
19 235 431
20 36 206
20 252 411
21 35 105
22 263 345
24 290 388
26 39 355
26 53 312
26 92 320
26 330 385
26 358 385
27 120 318
28 91 312
29 63 297
29 66 209
29 118 409
29 219 285
31 71 315
31 83 315
32 166 206
33 349 440
34 40 250
34 130 438
34 318 408
35 238 247
35 265 374
36 139 430
36 206 447
36 213 329
37 278 421
40 47 281
40 88 304
40 175 284
40 177 370
40 333 449
40 354 438
42 99 433
43 184 232
44 110 117
46 92 287
46 205 414
47 49 402
47 61 88
47 81 124
47 157 252
47 345 402
49 261 295
49 367 433
51 315 406
52 88 291
52 88 397
52 147 211
53 119 287
55 309 401
56 97 388
56 97 408
56 108 168
56 315 320
58 211 224
60 117 269
60 206 269
61 67 283
61 138 302
61 138 372
61 162 228
61 254 340
62 107 421
64 280 388
65 131 449
66 139 412
66 346 355
67 124 333
69 78 412
71 179 370
77 147 436
77 238 270
77 279 436
77 375 434
80 83 337
80 157 286
83 113 172
87 122 213
88 170 329
88 245 436
88 279 436
88 331 361
89 155 237
91 150 284
91 261 295
92 112 233
93 102 436
93 145 436
93 270 429
94 112 421
95 161 254
96 103 412
96 126 430
96 157 448
96 164 305
97 276 310
99 108 115
99 402 433
100 232 444
101 162 217
103 187 205
107 141 408
108 197 381
109 374 401
110 124 151
111 220 229
112 285 374
116 175 282
116 275 282
118 171 237
118 182 427
119 146 235
119 160 230
119 230 446
119 330 337
119 373 414
120 354 381
121 159 323
122 213 406
123 139 412
125 145 386
126 287 414
128 151 294
128 235 287
128 267 301
130 249 421
134 148 393
134 286 393
137 198 303
137 328 348
138 204 372
139 209 246
140 206 447
140 231 322
140 254 438
140 306 308
140 363 447
143 186 202
143 250 259
143 361 427
144 160 253
145 147 156
145 197 381
146 226 337
146 312 344
147 381 408
148 337 439
148 355 389
154 252 395
155 214 323
157 170 286
157 189 423
157 361 439
159 291 398
161 277 345
161 316 320
164 405 448
165 182 348
167 260 358
167 358 385
169 326 435
170 329 377
171 180 237
171 180 300
173 232 289
174 183 270
175 277 384
175 355 389
175 370 411
176 303 360
177 206 279
179 293 374
179 370 406
184 261 327
184 302 341
185 344 401
188 211 379
189 216 250
189 271 280
191 250 448
194 251 435
198 310 444
199 283 331
201 217 235
205 214 323
206 264 284
206 324 383
207 273 339
209 303 355
209 313 444
210 301 367
217 301 410
219 341 353
220 329 413
228 294 371
230 235 289
232 280 389
233 376 399
237 332 368
240 260 444
240 291 325
245 315 429
245 334 400
246 350 448
249 346 387
267 310 433
270 322 436
270 352 386
286 295 406
292 294 333
295 304 406
300 391 407
310 319 428
316 357 431
321 403 437
324 347 431
332 416 425
336 395 424
337 373 389
354 381 438
361 388 427
363 377 447
366 425 434
379 397 413
