4 47 63 68 73 91 121 170 174 184 202 203 205 215 267 286 289 301 310 319 362 382 400 406 408
4 59 89 100 122 128 130 152 157 162 170 215 219 274 276 283 288 311 318 335 341 381 396 417 448
6 21 27 42 90 99 111 125 182 209 228 241 268 285 288 319 333 345 347 351 355 362 389 398 404
9 11 25 27 38 53 60 89 104 146 169 172 191 205 245 248 281 312 318 349 365 367 383 401 432
16 33 68 102 111 122 148 159 188 200 215 219 232 237 255 276 310 342 378 379 381 389 396 399 445
19 33 72 77 78 87 100 104 111 176 196 198 218 220 235 280 281 289 316 332 349 363 365 367 409
25 73 76 102 115 121 128 135 141 157 170 172 229 233 244 264 305 311 317 381 384 412 424 438 443
27 75 104 111 112 151 155 158 219 220 238 240 274 296 306 307 309 360 368 373 378 414 441 442 447
29 77 95 118 139 146 163 185 211 240 247 256 258 312 316 344 350 374 376 382 384 405 417 428 448
33 36 38 57 104 105 121 125 126 142 184 219 235 240 245 253 268 291 331 339 362 374 377 397 398
39 59 63 91 127 137 149 195 206 211 219 248 253 265 292 301 308 310 332 355 375 397 418 421 429
53 69 83 87 95 101 125 140 157 168 177 199 209 211 217 229 241 296 306 338 360 364 380 398 447
66 75 83 101 128 149 155 156 186 197 217 219 227 260 273 290 320 346 404 409 412 413 432 439 443
0 21 88 93 102 105 172 173 232 270 304 314 336 341 387 434
1 33 59 82 100 139 142 146 194 253 262 348 349 385 391 405
2 7 18 50 66 128 162 171 173 288 309 336 364 395 404 405
3 11 43 54 89 171 205 207 209 212 241 248 344 345 350 427
4 63 65 83 89 110 117 130 131 199 203 251 262 297 369 371
8 49 62 81 85 103 142 170 190 196 229 311 326 338 394 447
8 51 53 68 135 144 159 175 246 273 280 307 312 367 389 441
9 57 74 77 88 93 131 170 190 267 272 300 329 333 336 391
10 15 70 92 93 102 126 158 203 254 306 336 349 394 422 438
15 20 28 29 63 87 158 160 172 180 196 217 244 256 324 426
16 31 108 152 159 186 200 207 222 223 279 293 338 420 440 449
19 52 96 98 112 132 164 185 195 209 211 268 330 366 425 428
22 49 81 161 189 198 204 220 232 238 241 250 259 290 368 377
22 52 70 100 158 181 184 188 236 293 316 317 349 354 390 401
25 36 68 79 81 84 98 164 216 257 263 280 370 415 427 447
27 55 56 79 84 97 182 236 293 296 320 339 363 366 398 425
28 33 56 72 90 102 111 117 119 120 126 187 235 299 354 413
30 45 53 113 114 127 141 157 254 287 334 343 371 375 436 448
32 35 61 68 69 73 76 96 109 112 264 325 327 330 391 403
52 174 201 218 225 235 236 240 292 295 304 306 308 359 422 438
58 73 80 132 135 137 140 171 201 217 228 241 256 269 299 339
64 83 117 137 140 174 222 226 230 235 256 282 328 344 348 421
73 75 112 119 152 155 217 226 235 296 314 343 357 378 409 416
74 90 162 189 192 201 203 208 223 232 241 250 255 335 421 444
76 97 135 136 140 168 184 258 269 281 288 317 320 404 424 427
77 92 94 115 133 143 195 204 211 226 259 335 338 422 424 431
97 99 108 115 146 189 194 205 253 262 263 342 381 401 410 448
4 63 68 91 121 170 184 215 219 301 310 362
27 111 125 219 268 285 288 355 362 389 398 404
75 104 111 112 155 219 220 235 240 296 306 378
75 112 155 158 217 219 274 296 306 360 378 447
83 101 125 157 211 217 219 296 306 360 398 447
102 122 128 157 170 215 219 276 311 341 381 396
16 122 152 159 200 215 219 276 378 381 396
27 38 104 125 219 240 245 268 339 362 398
27 53 125 209 241 296 306 338 360 398 447
27 104 111 125 219 240 296 306 360 398 447
33 100 111 122 159 188 215 219 276 381 396
33 104 111 125 126 219 235 240 268 362 398
75 104 111 112 155 219 220 235 296 378 409
83 101 125 140 168 209 217 241 364 398 404
4 59 122 170 215 219 276 310 381 396
4 68 122 170 215 219 276 310 381 396
25 68 73 76 102 121 135 170 264 381
27 111 112 219 296 307 373 378 389 441
27 111 125 209 241 296 306 360 398 447
27 111 220 238 241 296 306 360 368 447
33 38 104 126 142 184 235 245 253 349
33 77 100 104 146 281 316 349 365 367
38 104 146 169 205 245 248 253 349 401
63 91 121 184 219 253 301 310 362 397
68 102 122 170 215 219 276 310 381 396
68 111 112 219 307 373 378 414 441 447
73 128 135 157 172 217 229 244 412 443
75 83 101 155 217 219 273 296 320 409
75 83 101 155 217 219 296 306 360 447
75 101 155 217 219 274 296 306 360 447
75 112 152 155 217 219 235 296 378 409
76 128 135 157 170 288 311 317 381 424
77 78 104 280 281 312 316 349 365 367
87 111 125 209 241 296 306 360 398 447
89 100 104 146 281 318 349 365 367 401
95 125 211 240 296 306 338 360 398 447
100 111 122 215 219 274 276 288 381 396
100 122 130 152 159 215 219 276 381 396
102 121 128 157 170 219 311 381 412 443
104 146 248 281 312 316 349 365 367 401
122 162 215 219 232 255 276 335 381 396
122 162 215 219 232 276 335 341 381 396
4 59 63 91 170 215 219 301 310
4 59 63 91 170 215 286 301 310
4 68 73 121 170 205 215 310 381
4 73 121 128 157 170 215 311 381
4 73 128 152 157 170 215 311 381
4 121 128 157 170 215 219 311 381
9 77 104 146 281 312 349 365 367
16 102 122 157 215 219 276 381 396
16 122 152 157 215 219 276 381 396
19 104 111 112 196 220 235 280 409
25 53 104 280 281 312 349 365 367
25 89 128 157 170 172 311 318 381
27 38 89 104 219 245 248 318 432
27 53 104 125 296 306 360 398 447
27 53 104 296 306 307 360 441 447
27 104 111 125 219 240 268 362 398
27 104 111 220 281 349 363 365 367
27 111 125 182 209 241 296 389 398
27 125 182 228 241 268 339 362 398
27 125 240 296 306 338 360 398 447
33 38 72 104 235 281 349 365 367
33 38 104 142 146 240 245 253 374
33 38 104 146 245 281 349 365 367
33 38 104 235 245 281 349 365 367
33 59 100 122 215 219 276 381 396
33 59 122 215 219 276 310 381 396
33 77 104 111 218 220 235 240 316
33 90 111 125 126 235 268 362 398
33 100 104 111 219 220 235 332 409
33 100 104 184 235 281 289 316 349
53 87 104 125 296 306 360 398 447
59 89 100 128 146 318 381 417 448
59 100 139 146 194 253 262 405 448
63 91 121 184 205 253 301 310 362
63 91 137 174 292 301 308 310 421
63 91 219 253 301 310 355 362 397
68 111 112 219 307 373 378 389 441
68 111 159 200 219 373 378 389 441
68 111 159 200 219 373 378 414 441
68 111 159 219 307 373 378 389 441
68 111 159 219 307 373 378 414 441
69 112 209 211 217 296 306 360 447
73 102 121 128 157 170 215 311 381
73 137 140 201 217 235 256 299 339
75 111 112 119 155 235 296 378 409
75 112 152 155 217 219 274 296 378
75 112 155 217 219 235 296 306 378
75 112 155 219 273 296 307 414 441
76 128 135 269 288 317 320 404 424
76 128 135 317 320 404 412 424 443
77 104 146 281 312 316 349 365 367
83 87 95 140 211 217 241 256 338
83 87 125 140 217 235 296 306 398
83 101 140 168 211 217 296 320 398
87 100 104 111 158 196 220 316 349
87 104 111 125 296 306 360 398 447
87 104 111 158 220 296 306 360 447
87 104 111 220 235 280 296 363 409
89 128 157 170 172 311 318 341 381
100 104 146 281 316 349 365 367 401
101 157 217 219 274 296 306 360 447
102 121 128 157 170 215 219 311 381
102 122 215 219 232 276 341 381 396
104 111 112 220 280 296 307 441 447
104 111 125 126 219 235 240 306 398
104 111 125 126 219 240 306 360 398
104 111 125 219 235 240 296 306 398
111 122 215 219 274 276 378 381 396
111 122 215 219 276 288 381 389 396
115 128 141 157 170 311 381 384 448
122 152 215 219 274 276 378 381 396
125 140 157 168 209 241 288 364 398
125 140 168 209 241 288 364 398 404
125 140 209 228 241 288 345 398 404
125 211 219 240 253 268 374 397 398
125 211 219 240 296 306 360 398 447
137 219 235 253 292 308 332 397 421
3 11 89 205 248 312 344 350
4 59 63 89 130 170 215 219
4 59 63 91 195 219 301 310
4 59 63 91 195 286 301 310
4 59 89 100 130 262 381 448
4 68 121 170 215 219 310 381
4 89 130 162 170 203 215 335
4 89 170 205 215 318 381 448
8 51 53 68 280 307 441 447
11 27 53 89 191 205 209 248
11 27 53 89 205 209 241 248
11 27 89 205 209 241 248 345
11 89 146 205 248 312 344 350
15 93 102 158 172 336 349 438
19 52 100 111 218 235 316 349
25 38 104 121 172 205 245 312
25 73 115 121 170 172 205 381
25 89 146 172 205 318 381 401
27 53 125 209 241 296 389 398
27 99 205 209 241 319 345 362
27 104 111 112 219 240 268 373
27 104 125 219 240 296 339 398
27 111 112 209 296 306 360 447
27 111 125 209 241 306 345 398
27 236 240 296 306 338 398 447
28 33 102 111 126 219 235 413
33 38 104 142 146 245 253 349
33 38 104 184 235 245 281 349
33 59 100 146 194 253 262 381
33 68 102 121 215 219 310 381
33 68 111 215 219 310 362 389
33 68 121 184 215 219 310 362
33 68 121 184 215 289 310 362
33 72 100 111 235 316 349 354
33 72 102 111 126 235 349 354
33 77 100 139 146 316 349 405
33 77 100 139 146 349 391 405
33 77 139 146 240 316 374 405
33 90 111 125 268 362 389 398
33 100 104 142 184 219 235 253
33 100 104 142 184 235 253 349
33 100 142 184 235 253 348 349
33 104 111 219 220 235 240 378
33 104 111 219 220 235 378 409
33 111 125 159 219 268 389 398
33 111 125 219 268 362 389 398
33 111 219 240 378 381 399 445
33 121 184 219 253 310 362 397
33 139 142 146 240 253 374 405
36 104 125 142 219 240 398 447
38 104 121 184 205 245 253 362
38 104 184 205 245 253 349 401
38 104 184 205 245 281 349 401
42 90 111 125 126 268 362 398
42 90 125 199 209 241 351 398
52 70 158 236 306 349 422 438
52 70 158 306 336 349 422 438
52 100 111 158 188 316 349 354
52 100 184 235 236 316 349 354
52 218 235 236 306 349 422 438
53 87 104 172 281 349 365 367
53 87 104 280 281 349 365 367
53 87 125 209 241 296 389 398
53 89 146 205 312 318 401 448
53 135 140 157 168 217 229 241
54 140 171 209 241 344 345 427
59 100 128 162 288 405 417 448
59 100 146 194 253 262 381 448
59 152 157 211 219 335 417 448
63 73 91 137 174 267 301 310
63 91 137 174 267 301 310 421
63 91 137 265 267 301 310 421
63 91 174 203 267 301 310 421
66 83 101 128 217 273 364 404
68 73 102 121 170 203 215 310
68 73 102 121 170 215 310 381
68 102 121 170 215 219 310 381
68 111 148 159 200 219 378 414
68 111 159 280 307 367 389 441
69 73 140 157 217 229 241 296
72 100 218 235 236 316 349 363
73 75 128 155 217 409 412 443
73 76 121 135 170 184 317 424
73 76 135 140 157 229 317 424
73 76 135 140 184 269 317 424
73 121 174 184 235 267 289 362
75 83 155 217 219 235 296 306
75 83 155 217 219 235 296 409
75 83 155 217 219 235 409 413
75 83 155 217 226 235 296 409
75 112 155 217 219 273 296 409
75 128 152 155 186 217 219 409
76 135 140 157 168 229 317 424
76 135 140 157 168 288 317 424
77 100 139 146 316 405 417 448
83 101 128 157 217 219 412 443
83 101 128 157 217 229 412 443
83 101 140 168 217 320 398 404
83 101 211 217 219 296 320 398
83 125 217 219 235 296 306 398
83 137 140 211 226 256 344 421
83 137 140 211 241 256 344 421
87 104 111 125 235 296 306 398
87 104 111 218 220 235 306 349
87 104 172 196 281 349 365 367
87 111 125 209 241 296 389 398
87 111 125 209 241 355 389 398
87 111 220 241 296 306 360 447
89 100 146 318 381 401 417 448
95 236 240 296 306 338 398 447
97 140 168 184 288 320 398 404
100 104 281 318 349 365 367 409
100 128 157 170 288 311 317 381
100 146 194 253 262 349 385 401
100 146 194 253 262 381 401 448
102 128 157 170 172 311 341 381
104 111 112 220 235 280 296 409
104 111 126 158 219 240 306 360
104 125 219 235 240 296 339 398
104 248 281 316 332 349 365 367
104 281 318 349 365 367 409 432
111 127 206 219 265 310 332 355
112 211 217 219 296 306 360 447
112 211 219 240 296 306 360 447
115 128 157 170 311 335 381 424
115 128 157 170 311 335 381 448
121 139 240 312 374 382 384 428
122 215 219 276 342 381 396 448
125 140 209 217 228 241 398 404
125 184 219 268 288 362 398 404
125 184 268 288 319 362 398 404
125 211 219 253 268 355 397 398
125 219 253 268 355 362 397 398
128 135 217 273 320 404 412 443
128 157 170 288 311 335 381 424
128 157 170 311 381 384 417 448
135 140 168 241 269 288 404 427
135 140 171 217 228 241 269 404
135 140 171 228 241 269 288 404
135 140 171 241 269 288 404 427
139 146 211 240 253 374 405 448
140 171 209 228 241 288 345 404
140 171 209 241 288 345 404 427
195 211 219 253 268 355 375 397
0 168 184 216 302 307 348
2 56 72 236 379 413 420
3 35 87 269 355 389 421
3 55 221 310 319 326 437
3 87 241 269 355 389 421
3 209 241 319 345 355 389
4 59 100 170 215 286 318
4 63 89 130 131 170 203
4 63 89 130 170 203 215
4 63 89 170 203 205 215
4 83 89 128 130 157 219
4 83 89 130 157 199 371
4 100 170 184 215 219 288
4 100 170 184 215 286 289
4 170 184 215 219 288 362
4 170 184 215 288 319 362
6 138 154 261 272 327 395
7 36 191 209 268 375 377
8 24 267 297 331 340 363
9 25 89 170 172 205 318
11 25 89 205 248 281 427
11 129 143 145 334 375 427
13 72 74 129 165 181 333
13 154 158 297 324 356 440
14 134 225 248 307 316 393
16 108 152 159 200 222 381
19 137 201 235 267 303 421
20 52 66 134 293 300 436
22 52 70 158 236 306 349
22 54 74 138 140 306 345
22 54 74 140 241 306 345
23 37 114 130 282 341 446
23 64 121 330 382 428 437
25 53 68 135 280 312 367
25 53 135 141 157 172 229
25 53 135 172 281 312 367
25 53 135 280 281 312 367
25 60 115 146 172 205 401
25 68 73 121 170 205 381
25 76 135 172 281 317 424
25 76 135 281 317 424 427
25 89 128 146 172 318 381
25 89 128 146 172 318 432
25 89 170 172 205 318 381
25 115 128 146 172 381 384
25 115 146 172 205 381 401
25 115 146 205 263 381 401
25 128 172 305 412 432 443
26 35 92 169 208 337 378
26 42 60 115 199 408 431
27 38 53 104 125 245 398
27 38 104 146 240 245 312
27 53 104 248 307 312 367
27 53 104 307 312 367 441
27 53 307 312 367 389 441
27 56 111 182 296 363 398
27 75 111 155 219 309 404
27 75 155 219 320 404 432
27 79 84 236 296 398 447
27 97 99 182 288 398 404
27 97 182 288 320 398 404
27 104 111 158 220 306 349
27 104 111 220 307 367 441
27 104 155 219 240 296 339
27 111 112 219 268 373 389
27 111 125 219 296 389 398
27 125 182 241 296 339 398
27 158 236 240 296 306 447
27 179 236 295 338 418 447
27 182 209 268 366 398 425
27 182 209 296 366 398 425
27 182 268 339 366 398 425
27 236 240 295 306 338 447
28 33 72 87 111 196 235
28 71 169 212 230 351 410
28 102 111 126 158 299 354
29 52 70 259 263 268 336
29 52 185 211 240 268 428
29 52 185 211 240 316 428
29 77 87 95 211 256 316
29 185 211 240 268 374 428
33 36 68 121 184 219 362
33 38 72 104 126 235 349
33 38 104 235 245 331 365
33 56 72 102 111 379 413
33 56 90 111 126 235 398
33 57 77 104 235 240 374
33 57 125 159 219 268 398
33 59 125 142 219 253 397
33 59 219 253 310 332 397
33 68 111 159 280 367 389
33 68 111 215 289 310 362
33 68 184 188 215 219 310
33 72 104 111 126 235 349
33 72 111 119 235 409 413
33 77 100 196 316 349 405
33 77 104 146 240 316 374
33 77 104 235 240 316 374
33 87 104 111 125 235 398
33 87 104 111 235 363 398
33 90 102 111 232 255 389
33 100 104 142 146 253 349
33 100 104 142 196 235 349
33 100 104 219 235 253 332
33 100 104 235 253 332 349
33 100 111 188 316 349 354
33 100 184 188 316 349 354
33 100 184 235 316 349 354
33 102 105 121 126 219 235
33 104 121 184 235 289 362
33 104 184 235 240 316 374
33 104 219 220 235 240 377
33 104 219 235 253 332 397
33 104 235 331 339 363 398
33 121 139 142 240 253 374
33 146 194 253 262 342 381
34 36 93 145 200 416 427
35 44 101 183 217 274 403
35 51 149 169 253 308 392
35 101 149 192 208 290 394
36 38 104 191 245 268 377
36 125 209 268 362 377 398
36 219 253 268 375 377 397
38 104 121 240 245 312 374
38 104 142 146 245 349 383
38 104 142 146 245 374 383
38 104 146 240 245 312 374
38 104 146 245 312 374 383
38 104 219 245 248 253 397
39 191 246 248 250 380 432
42 47 49 138 181 265 333
47 63 91 265 267 301 310
49 51 81 108 190 342 447
49 76 256 265 267 272 333
49 81 161 204 241 259 338
49 81 220 238 241 368 447
52 57 234 268 325 373 391
52 70 158 236 317 349 438
52 96 112 268 325 330 391
52 96 112 268 330 391 425
52 100 111 235 316 349 354
52 100 218 235 236 316 349
52 111 112 158 240 306 373
52 112 185 211 240 268 428
52 158 236 240 306 422 438
52 211 240 292 306 308 422
52 218 225 235 236 240 316
53 83 89 157 199 209 241
53 83 101 217 273 296 364
53 104 280 296 307 441 447
53 104 280 307 312 367 441
53 168 296 306 307 360 447
53 191 246 248 312 367 432
53 273 280 296 307 389 441
56 235 236 296 339 363 398
57 121 142 170 184 219 362
57 121 184 235 267 331 362
57 130 159 225 266 314 398
59 79 100 252 286 295 318
59 89 100 146 262 348 349
59 89 100 146 262 381 448
59 100 128 146 194 381 448
59 100 128 146 194 405 448
59 100 128 146 405 417 448
59 100 139 146 405 417 448
59 125 211 219 253 355 397
59 127 157 211 219 375 448
59 127 211 219 253 375 448
59 139 146 211 253 405 448
59 139 146 211 405 417 448
62 64 153 221 248 305 432
63 83 117 137 174 256 421
63 83 137 149 211 217 219
63 83 137 149 211 219 421
63 91 205 248 253 301 310
63 91 301 310 319 355 362
66 75 128 155 219 309 404
66 128 162 219 288 309 404
67 85 90 169 199 308 351
68 73 76 121 135 170 184
68 73 76 121 170 184 267
68 73 76 121 264 330 403
68 73 102 215 310 378 381
68 91 112 219 273 307 389
68 91 112 273 280 307 389
68 91 215 219 310 362 389
68 91 215 310 319 362 389
68 102 203 215 232 255 310
68 111 112 280 307 389 441
68 111 112 280 307 441 447
68 111 215 289 310 319 362
68 111 215 310 319 362 389
68 112 219 273 307 389 441
68 112 219 273 307 414 441
68 112 273 280 307 389 441
68 159 200 282 373 414 441
68 159 219 273 307 389 441
68 159 219 273 307 414 441
70 102 158 188 317 349 354
72 100 181 236 316 349 354
72 100 235 236 316 349 354
73 75 128 152 155 217 409
73 76 128 135 269 317 424
73 76 135 172 244 256 384
73 115 121 170 205 406 408
73 135 140 157 217 229 241
73 137 140 174 201 235 256
73 137 140 174 226 235 256
73 137 140 217 226 235 256
73 137 140 217 226 235 296
73 137 140 217 235 296 339
73 137 140 217 241 296 339
73 137 174 201 235 256 267
74 93 131 170 203 267 336
75 101 128 155 217 219 274
75 104 158 184 219 240 307
75 111 119 155 235 409 413
75 111 155 219 235 409 413
75 111 155 219 404 409 413
75 119 155 217 235 409 413
75 128 152 155 217 219 274
75 155 219 220 238 290 368
76 97 115 135 317 381 424
76 97 135 288 317 381 424
76 135 170 184 288 317 424
77 87 196 235 256 316 365
77 104 146 240 312 316 374
77 139 146 312 316 349 405
77 235 240 256 316 344 374
83 87 140 211 241 256 421
83 95 140 209 211 241 344
83 95 140 211 241 256 344
83 99 125 209 241 398 404
83 101 125 217 219 398 404
83 101 128 157 217 229 364
83 101 149 211 217 219 320
83 101 217 219 320 398 404
83 137 140 211 217 226 256
83 137 140 211 217 226 296
83 137 140 211 217 241 256
83 137 140 211 217 241 296
83 137 140 217 226 235 256
83 137 140 217 226 235 296
83 140 211 217 226 256 338
83 140 211 217 226 296 338
87 104 111 158 196 220 447
87 104 111 158 220 306 349
87 104 111 196 220 280 447
87 104 111 220 235 296 306
87 104 111 220 280 296 447
87 104 111 235 296 363 398
87 125 209 211 241 355 398
87 158 217 296 306 360 447
88 93 102 170 172 336 341
89 100 146 262 381 401 448
89 146 205 262 381 401 448
89 146 205 312 344 350 448
89 146 205 318 381 401 448
89 146 312 318 401 417 448
89 146 312 344 350 417 448
89 171 209 241 288 345 427
91 112 219 273 296 307 389
91 112 273 280 296 307 389
93 102 170 203 336 394 438
93 102 304 306 336 422 438
94 121 139 385 403 430 437
95 185 209 211 344 350 428
97 135 140 184 269 320 339
97 181 184 236 293 317 401
97 184 236 293 320 339 398
99 125 253 268 355 362 398
100 104 111 158 219 220 274
100 104 158 184 316 349 401
100 104 184 281 316 349 401
100 184 281 316 317 349 401
101 125 142 229 338 398 447
102 126 235 306 349 422 438
104 111 112 158 196 220 447
104 111 112 196 220 280 447
104 111 112 219 235 240 268
104 111 158 220 240 307 316
104 111 218 220 235 240 306
104 111 220 280 307 316 367
104 111 220 280 307 367 441
104 155 219 235 240 296 339
104 205 281 289 349 365 367
104 219 220 238 240 368 377
111 112 280 296 307 389 441
111 198 220 232 238 241 368
111 206 220 265 313 329 447
111 219 220 232 238 368 378
112 219 273 296 307 389 441
112 273 280 296 307 389 441
115 128 146 189 194 381 448
115 157 170 229 311 338 424
115 157 170 311 335 338 424
121 125 184 268 319 362 398
125 140 168 184 288 398 404
125 140 209 241 306 345 398
125 140 217 228 241 339 398
125 140 217 235 296 339 398
125 140 217 241 296 339 398
125 209 211 241 268 355 398
125 209 241 268 362 377 398
125 217 219 235 296 339 398
125 241 268 339 362 377 398
128 146 180 189 223 287 294
128 156 172 217 412 432 443
132 137 140 211 217 241 256
132 140 171 209 217 228 241
135 140 168 217 241 269 404
135 140 168 217 269 320 404
135 228 241 269 288 389 404
137 140 174 201 235 256 421
137 140 201 241 256 269 421
137 174 201 235 256 267 421
137 174 201 235 292 308 421
140 157 168 211 229 338 424
140 168 209 241 288 404 427
140 171 209 217 228 241 404
140 171 209 217 241 364 404
140 171 209 241 288 364 404
146 194 205 253 262 349 401
146 205 312 344 350 382 448
146 211 248 312 316 344 350
154 161 197 240 256 338 445
189 192 208 232 241 250 290
189 204 232 241 250 259 335
211 219 240 253 292 308 397
219 220 232 238 290 368 377
219 235 240 253 292 308 397
228 241 269 288 355 389 404
2 56 72 111 379 413
2 66 128 404 413 443
3 87 209 241 355 389
3 205 209 241 319 345
3 209 241 248 345 355
4 59 63 89 130 262
4 63 83 89 130 219
4 63 83 117 174 203
4 63 89 203 205 262
4 63 131 170 203 267
4 63 131 203 267 297
4 89 130 157 371 448
4 89 130 262 371 448
4 89 205 262 381 448
4 170 205 215 286 318
4 170 205 215 382 448
4 170 215 382 417 448
7 171 209 288 364 404
8 49 51 81 190 447
8 51 68 81 280 447
8 135 170 229 311 424
8 170 229 311 338 424
9 77 93 336 349 391
9 88 93 170 172 336
10 201 203 306 422 438
11 53 191 209 248 375
11 89 169 205 212 248
15 28 102 158 172 244
15 87 158 172 196 349
15 87 172 196 281 349
15 92 102 422 424 438
15 102 158 172 244 438
15 102 172 244 424 438
16 31 152 159 200 215
16 108 159 200 342 381
16 152 159 186 200 219
16 159 200 223 232 255
19 33 104 111 235 268
19 52 111 112 209 268
19 52 111 112 235 268
19 52 185 211 316 428
19 77 87 211 316 332
19 77 185 195 211 428
19 77 185 211 316 428
19 77 235 267 289 363
19 104 111 112 235 268
19 137 195 211 332 421
21 90 102 111 232 389
21 90 111 232 241 389
21 105 125 268 362 398
21 268 288 333 336 404
22 74 189 232 241 250
22 100 158 220 316 349
22 100 198 220 316 349
22 158 220 238 306 368
22 220 238 241 306 368
25 36 38 104 121 245
25 36 38 104 191 245
25 53 68 205 312 367
25 53 89 157 172 318
25 76 135 172 281 367
25 81 170 229 311 447
25 102 172 317 349 438
25 115 172 317 381 401
25 121 135 172 312 384
25 157 170 229 311 447
25 172 281 317 349 401
27 38 104 191 245 268
27 38 104 205 245 362
27 53 296 307 389 441
27 56 90 111 182 398
27 75 104 155 219 432
27 75 155 219 296 320
27 89 104 155 219 274
27 89 104 155 219 432
27 89 104 219 274 318
27 89 209 241 288 345
27 89 219 274 288 318
27 97 99 146 205 401
27 97 146 205 281 401
27 97 281 288 320 404
27 104 111 220 296 363
27 104 111 296 363 398
27 104 158 172 349 401
27 104 240 307 312 441
27 104 296 339 363 398
27 111 112 209 268 389
27 111 112 209 296 389
27 111 219 274 288 309
27 111 219 288 309 404
27 111 307 367 389 441
27 112 209 268 366 425
27 112 209 296 366 425
27 155 219 296 320 339
27 158 236 293 349 401
27 209 241 248 345 355
27 219 288 320 398 404
27 219 296 320 339 398
27 236 240 296 339 398
27 236 293 296 338 398
28 87 196 217 235 256
28 102 111 126 158 219
28 119 217 235 299 413
29 38 146 240 312 374
29 63 87 211 217 256
29 77 87 196 256 316
29 77 196 256 316 405
29 87 95 211 217 256
29 87 158 196 256 316
29 146 172 256 312 384
32 68 96 98 112 330
33 56 72 111 235 363
33 56 111 235 363 398
33 56 126 235 299 339
33 56 126 235 339 398
33 56 235 339 363 398
33 57 142 253 268 391
33 59 100 142 219 253
33 59 100 219 253 332
33 59 100 219 253 381
33 59 100 253 332 349
33 59 219 253 310 381
33 68 111 280 289 367
33 72 78 111 187 235
33 87 111 125 389 398
33 87 111 280 367 389
33 100 111 159 280 367
33 100 142 196 349 405
33 100 184 188 215 219
33 102 111 119 235 378
33 102 111 188 349 354
33 102 111 219 235 378
33 102 111 219 379 413
33 104 111 235 289 362
33 104 198 220 235 377
33 104 235 331 363 365
33 111 119 235 378 409
33 111 148 219 310 332
33 111 219 220 232 378
33 111 219 235 409 413
33 121 139 142 253 385
33 121 219 240 253 381
33 121 219 253 310 381
33 126 184 235 349 354
33 219 253 310 342 381
35 69 73 112 217 403
35 149 253 308 355 421
36 98 164 209 427 447
38 104 105 121 172 245
47 170 267 319 333 362
49 76 170 229 233 311
49 76 170 267 272 333
49 81 108 190 338 447
49 81 229 241 338 447
49 170 190 267 272 333
52 57 184 235 240 268
52 100 218 235 236 295
52 111 112 235 240 268
52 111 112 235 240 306
52 111 112 240 268 373
52 111 218 235 240 306
52 111 218 235 240 316
52 111 218 235 306 349
52 112 268 325 373 391
52 158 184 236 240 316
52 174 184 235 236 240
52 184 235 236 240 316
52 195 211 292 308 422
52 304 306 336 422 438
53 83 89 157 199 371
53 83 101 217 273 432
53 83 101 217 380 432
53 87 104 280 296 447
53 87 157 172 217 229
53 95 146 211 312 448
53 95 157 254 306 338
53 127 157 211 375 448
53 135 157 172 217 229
53 191 246 248 380 432
53 209 211 241 248 380
53 246 248 307 312 367
53 246 273 312 367 432
54 140 209 241 306 345
56 72 235 236 354 413
56 111 235 296 363 398
57 88 93 105 314 336
57 104 219 240 268 373
57 121 170 184 267 362
57 125 268 333 362 398
59 82 146 248 253 349
59 89 100 146 318 349
59 89 146 248 318 349
59 100 142 170 219 311
59 100 219 253 381 448
59 127 157 219 311 448
59 130 162 219 335 421
59 195 211 219 335 421
59 292 295 308 418 429
63 68 215 219 310 379
63 73 121 170 172 205
63 73 121 170 172 244
63 73 137 174 256 267
63 73 172 217 244 256
63 73 174 256 267 382
63 83 87 199 211 217
63 83 87 211 217 256
63 83 87 211 256 421
63 83 117 130 203 421
63 83 117 174 203 421
63 83 137 211 217 256
63 83 137 211 256 421
63 83 149 217 219 404
63 87 211 332 355 421
63 91 149 301 310 408
63 91 211 301 310 382
63 91 289 301 310 332
63 137 174 256 267 421
63 137 211 256 265 421
63 137 256 265 267 421
66 128 171 217 364 404
66 128 219 288 320 404
68 73 76 170 264 391
68 73 76 170 267 391
68 96 98 112 164 330
68 98 112 164 280 447
68 102 135 159 381 389
68 111 219 342 378 447
68 205 215 301 310 342
68 205 215 310 342 381
68 215 219 301 310 342
69 73 76 140 157 229
69 73 76 157 229 264
69 76 140 157 168 229
69 96 112 209 211 330
70 102 126 158 349 354
70 102 158 317 349 438
70 126 158 184 203 349
70 126 158 184 349 354
72 81 196 198 220 280
73 76 135 140 256 269
73 102 119 235 314 378
73 102 121 170 203 438
73 121 170 174 203 438
73 121 184 235 339 362
73 128 135 171 217 269
73 135 140 184 269 339
73 135 172 217 244 256
73 152 157 217 296 343
73 155 217 235 296 339
73 203 205 241 319 362
75 104 155 219 409 432
75 104 184 219 235 240
75 128 155 219 274 309
75 155 219 220 290 409
76 135 140 256 258 269
76 135 258 317 384 424
76 170 267 272 333 391
77 87 95 211 256 338
77 92 93 336 349 422
77 95 211 240 256 338
77 100 170 335 417 448
77 115 146 211 384 448
77 115 170 335 338 424
77 146 256 312 316 365
77 146 258 281 312 316
77 170 382 384 417 448
79 84 98 164 366 425
83 87 101 217 296 409
83 87 140 217 235 256
83 87 140 235 256 421
83 87 217 235 296 409
83 89 128 155 219 432
83 101 186 197 217 338
83 101 217 241 290 404
83 137 211 217 219 296
83 137 217 219 235 296
83 140 222 226 256 338
87 104 158 172 196 349
87 140 168 217 241 269
87 140 217 241 256 269
87 140 241 256 269 421
87 157 172 217 229 244
87 172 196 217 229 244
87 196 217 229 338 447
89 100 104 219 274 318
89 100 146 262 349 401
89 128 152 155 219 274
89 128 152 162 223 335
89 146 205 262 349 401
89 157 162 241 288 335
89 162 203 223 241 335
90 111 232 241 255 389
90 162 228 241 288 404
90 232 241 255 389 421
91 219 310 355 362 389
91 219 310 355 389 421
91 310 319 355 362 389
92 102 115 422 424 438
92 254 306 338 394 422
93 102 170 172 336 438
93 102 172 304 336 438
95 125 157 211 229 384
95 125 211 240 374 384
95 125 211 240 374 398
95 140 211 256 258 344
95 157 211 384 417 448
95 209 211 241 344 350
95 211 241 256 344 350
97 140 168 296 320 398
97 140 184 320 339 398
97 140 296 320 339 398
97 184 236 293 317 320
98 112 164 209 211 447
100 104 146 253 349 401
100 104 184 253 349 401
100 128 152 219 318 409
100 146 316 401 417 448
100 236 293 316 349 363
101 125 142 219 398 447
101 128 157 217 219 274
101 142 229 338 394 447
101 229 306 338 394 447
102 111 126 158 219 306
102 111 126 158 306 349
102 111 126 158 349 354
102 111 126 219 235 306
102 111 126 235 306 349
102 111 158 188 219 378
102 111 158 188 349 354
102 111 158 219 306 378
102 111 219 235 306 378
102 128 170 172 336 341
102 128 170 172 336 438
102 128 172 173 336 341
102 128 219 412 413 443
102 158 172 244 317 438
102 158 172 317 349 438
102 170 229 311 394 438
102 235 304 306 422 438
104 111 126 158 306 349
104 111 126 235 306 349
104 111 198 220 238 368
104 121 184 205 289 362
104 126 158 184 219 240
104 158 184 240 307 316
104 184 205 281 289 349
104 198 220 238 368 377
104 219 248 253 332 397
104 235 296 339 363 398
104 248 307 312 316 367
104 280 307 312 316 367
111 122 219 232 238 378
111 122 219 238 274 378
111 159 219 268 373 389
111 206 219 220 265 332
111 206 219 220 265 447
111 215 219 288 362 389
111 215 288 319 362 389
111 219 220 265 274 447
111 219 240 274 378 381
111 219 310 355 362 389
111 310 319 355 362 389
112 152 211 217 219 296
112 152 211 217 226 296
112 209 211 296 366 425
115 128 146 381 384 448
115 128 189 335 381 448
115 157 199 211 229 338
115 157 211 229 338 424
115 157 211 229 384 424
115 157 211 335 338 424
115 195 211 229 338 424
117 137 140 235 256 299
121 126 235 240 397 438
121 174 184 235 240 362
121 174 184 240 362 382
121 184 240 362 374 382
125 140 184 235 339 398
125 142 240 338 398 447
125 268 331 347 362 398
126 158 240 306 422 438
126 235 240 306 422 438
128 135 171 217 269 404
128 135 171 269 288 404
128 135 217 269 320 404
128 146 381 384 417 448
128 146 384 405 417 448
128 152 157 217 219 274
128 162 170 288 336 341
128 162 173 288 336 341
128 162 189 335 381 448
128 162 219 274 288 309
128 197 219 381 412 443
132 140 209 211 217 241
135 140 157 168 241 288
135 140 217 269 320 339
137 140 171 241 256 344
137 211 241 248 344 421
137 211 241 248 355 421
137 217 219 235 296 339
137 219 235 253 339 397
139 146 256 344 348 405
140 168 209 241 427 447
140 168 211 258 320 424
140 217 296 320 339 398
146 169 205 253 401 410
146 240 381 384 417 448
146 312 316 401 417 448
152 157 170 311 335 338
152 157 211 217 219 296
152 157 211 217 296 338
152 157 217 219 274 296
152 211 217 226 296 338
155 217 219 235 296 339
155 217 219 296 320 339
157 170 219 274 311 447
157 170 229 311 338 447
157 209 211 296 366 398
161 220 238 240 368 377
162 171 228 241 288 404
162 171 241 288 364 404
162 189 232 255 335 381
162 203 215 232 255 335
162 219 232 255 335 421
164 195 209 211 268 355
170 172 196 229 244 311
174 201 203 306 422 438
184 219 288 320 398 404
184 235 236 240 339 398
184 240 258 316 374 382
195 206 211 292 308 422
195 209 211 248 355 375
195 209 211 268 355 375
196 217 229 326 338 447
204 211 241 259 335 338
206 211 219 265 418 447
206 219 220 265 332 429
209 211 241 248 344 350
209 211 268 366 398 425
209 211 296 366 398 425
211 219 240 253 374 448
211 219 240 292 306 308
211 219 240 374 417 448
211 296 320 366 398 425
217 219 296 320 339 398
219 232 255 310 389 421
219 235 240 292 306 308
219 240 274 381 417 448
225 235 236 240 306 398
235 236 240 296 306 398
235 236 240 296 339 398
235 240 292 308 397 438
236 240 295 306 338 422
296 306 309 360 364 447
1 33 117 262 348
2 111 288 309 404
3 171 241 269 427
3 241 248 344 421
3 241 248 355 421
3 248 310 355 421
3 310 319 355 389
3 310 355 389 421
4 59 195 219 335
4 63 199 203 408
4 83 95 157 199
4 89 110 130 276
4 95 157 417 448
4 95 382 417 448
6 42 138 333 345
7 36 268 291 377
7 209 268 288 404
7 268 288 336 404
8 49 170 190 267
8 53 229 338 447
8 68 81 170 447
8 81 196 280 447
8 196 280 363 367
9 38 57 104 245
9 77 146 349 391
9 93 172 336 349
9 146 349 391 432
11 143 209 375 427
11 209 248 375 427
15 28 102 126 158
15 29 70 158 336
15 29 158 172 336
15 87 158 217 306
15 87 158 306 349
15 158 196 349 394
16 68 159 175 389
16 68 215 310 400
16 75 111 219 378
16 75 152 186 219
16 75 152 219 378
16 159 188 200 293
16 159 200 338 445
16 159 200 379 420
18 66 128 227 404
19 52 201 218 235
19 77 195 211 332
19 87 96 209 211
19 87 211 332 421
19 87 235 332 421
19 98 112 164 280
19 132 137 195 211
19 137 235 332 421
20 154 158 256 324
21 88 93 333 336
21 102 173 232 389
21 173 288 336 341
21 173 288 336 404
21 173 288 389 404
22 158 220 306 349
23 114 130 157 341
25 27 53 104 447
25 27 79 84 447
25 27 104 309 447
25 36 104 280 447
25 53 68 280 447
25 53 104 280 447
25 53 157 229 447
25 68 76 135 367
25 68 76 135 427
25 68 81 170 447
25 68 121 135 312
25 68 121 205 312
25 68 135 280 427
25 68 205 263 381
25 68 205 263 427
25 135 280 281 427
25 146 172 312 384
25 172 248 305 432
27 53 104 306 349
27 55 182 319 398
27 79 182 345 398
27 79 236 295 447
27 89 281 288 318
27 97 236 293 401
27 97 281 320 363
27 104 219 248 307
27 111 238 241 347
27 111 281 288 404
27 112 296 309 425
27 158 236 293 296
27 158 236 306 349
27 219 248 355 418
27 236 293 349 363
27 281 320 404 432
28 29 172 256 312
28 33 87 196 324
28 63 158 217 219
28 87 111 158 196
28 90 111 117 351
28 117 230 235 256
28 117 235 256 299
28 158 217 256 299
28 217 219 235 413
28 217 235 256 299
29 38 146 172 312
29 38 240 268 374
29 52 70 158 316
29 52 70 158 336
29 52 158 240 316
29 52 211 259 268
29 63 211 256 382
29 146 172 180 256
29 158 240 256 316
29 172 244 256 384
30 53 157 296 343
33 36 68 200 219
33 36 104 235 280
33 100 111 215 289
33 100 184 215 289
33 102 105 219 232
33 102 111 187 396
33 105 219 232 377
33 111 198 220 232
33 111 289 310 332
33 146 237 342 381
33 146 240 253 381
33 198 220 232 377
33 219 220 232 377
35 68 73 112 378
35 68 112 378 389
35 69 87 101 217
35 69 101 217 403
35 73 112 217 378
35 101 149 217 290
35 112 217 274 378
35 112 217 274 403
35 149 192 208 421
36 57 93 105 126
36 68 184 216 427
36 79 84 339 398
36 79 84 398 447
36 98 164 209 268
36 98 164 263 268
36 125 209 398 447
39 59 211 253 405
39 148 219 310 332
39 149 219 248 432
42 47 319 333 362
42 47 319 362 408
42 111 265 333 355
47 49 170 267 333
47 49 265 267 333
49 81 108 189 342
49 81 189 232 342
49 81 196 198 220
49 81 196 220 447
49 138 265 272 333
49 161 241 256 338
51 53 169 312 367
51 68 81 342 447
51 68 159 342 389
51 307 441 442 447
52 57 225 235 240
52 57 234 300 391
52 57 240 268 373
52 57 268 336 391
52 57 300 336 391
52 70 259 336 422
52 98 164 263 268
52 111 112 209 306
52 111 158 240 316
52 111 158 306 349
52 112 209 211 306
52 112 211 240 306
52 195 211 259 268
52 195 211 259 422
52 236 293 366 425
53 60 89 169 199
53 87 104 306 349
53 87 140 168 281
53 87 280 296 389
53 87 280 367 389
53 89 157 318 448
53 89 157 371 448
53 95 157 211 448
53 95 157 254 448
53 114 127 248 375
53 125 159 338 398
53 125 159 389 398
53 127 211 248 375
53 135 140 168 281
53 146 211 248 312
53 157 209 211 375
53 157 217 296 343
53 191 209 248 380
53 209 211 248 375
56 72 235 236 363
56 111 119 235 296
57 93 105 126 336
57 105 126 268 336
57 105 235 314 398
57 130 159 219 398
57 142 170 190 391
57 159 219 268 373
57 170 267 333 362
57 225 235 240 398
57 225 235 314 398
57 268 333 336 391
58 140 199 217 241
59 63 89 219 248
59 63 130 219 421
59 89 219 248 318
59 100 142 170 391
59 125 157 211 219
59 125 157 219 288
59 125 219 288 355
59 137 219 310 396
59 137 253 348 421
59 146 211 248 253
59 248 253 332 349
62 170 229 305 311
62 229 296 338 447
63 73 137 217 256
63 83 130 219 421
63 87 196 289 332
63 89 170 172 205
63 89 172 205 248
63 149 219 355 404
63 170 172 196 244
63 184 219 362 404
63 184 319 362 404
63 219 355 362 404
63 319 355 362 404
64 137 248 344 421
64 174 256 344 382
64 256 344 382 428
68 73 121 330 382
68 76 135 184 427
68 81 263 342 447
68 91 184 219 307
68 112 325 373 391
68 121 205 312 382
68 205 263 342 381
68 205 289 301 367
68 216 280 307 447
68 257 280 441 447
69 73 112 217 296
69 87 96 209 211
69 157 229 264 398
70 92 259 336 422
70 102 311 317 438
70 102 311 394 438
71 169 205 212 410
73 91 112 296 357
73 96 112 132 330
73 102 115 135 299
73 102 119 235 299
73 102 121 235 438
73 119 217 235 299
73 121 135 184 339
73 121 170 289 305
73 121 170 382 384
73 121 174 235 438
73 128 135 171 305
73 128 152 157 217
73 140 174 184 235
73 140 184 235 339
73 141 157 343 384
73 152 215 378 381
73 174 201 203 267
73 174 201 203 438
73 174 201 235 438
73 228 241 319 362
73 228 241 339 362
74 77 115 170 335
74 88 93 232 336
74 90 241 333 345
74 93 203 232 336
74 93 203 306 336
74 129 138 181 333
74 140 201 241 306
74 140 201 241 421
74 162 170 203 335
74 162 170 203 336
74 162 203 232 336
74 201 203 241 306
74 201 203 267 421
75 155 197 219 240
75 155 219 373 439
75 184 219 320 404
76 135 256 258 384
77 87 196 256 338
77 92 259 336 422
77 100 170 196 289
77 115 170 335 448
77 115 170 384 424
77 115 170 384 448
77 115 211 335 448
77 115 211 384 424
77 170 190 196 338
77 170 267 289 382
77 198 204 220 259
77 198 204 220 363
77 211 226 256 338
77 211 226 256 344
77 211 240 338 422
77 211 258 384 424
77 211 335 417 448
77 218 235 240 422
77 218 235 349 422
77 226 235 256 344
77 256 267 272 333
77 336 349 391 405
79 84 97 263 427
79 84 97 320 427
79 84 280 296 363
79 84 280 296 447
79 100 236 293 363
81 108 189 263 342
81 108 263 342 447
81 196 220 280 447
83 89 117 262 348
83 89 117 344 348
83 89 199 203 241
83 89 209 241 344
83 117 130 282 421
83 130 157 199 398
83 130 157 219 398
83 137 219 235 421
83 140 174 235 306
83 140 235 282 398
83 197 217 256 338
83 199 203 241 306
85 199 229 338 447
87 111 198 220 241
87 111 280 296 389
87 140 168 269 281
87 158 196 217 447
87 172 196 256 365
87 196 217 235 409
87 196 217 256 338
87 211 241 355 421
89 100 281 288 318
89 128 146 223 432
89 128 162 171 288
89 128 219 318 432
89 157 209 241 288
89 162 171 241 288
89 203 205 262 349
90 102 117 126 203
90 102 203 232 255
90 111 228 241 299
90 162 201 228 241
90 162 241 288 335
90 201 228 241 299
90 201 235 308 421
90 201 235 421 444
90 203 241 319 362
90 241 355 389 421
91 112 195 211 219
91 112 211 219 296
91 137 211 219 296
92 102 158 306 378
92 211 306 338 422
93 102 105 126 336
93 102 203 232 336
93 170 190 336 394
93 170 202 203 267
93 170 329 336 438
95 140 168 211 258
97 99 288 381 448
97 115 317 381 401
97 184 205 253 401
97 184 205 281 401
97 184 205 281 427
97 184 253 339 398
97 184 281 317 401
98 139 185 211 428
99 111 288 381 389
99 111 342 381 389
100 104 158 184 219
100 104 219 318 409
100 111 158 188 219
100 142 170 184 219
100 142 170 196 311
100 152 219 235 409
100 158 184 188 219
100 170 184 288 317
100 184 281 288 317
100 188 317 381 401
101 192 208 241 290
102 105 121 172 387
102 105 219 232 341
102 105 235 304 314
102 115 342 381 399
102 121 126 135 438
102 121 126 203 438
102 121 126 235 438
102 141 157 254 438
102 157 229 306 438
102 157 254 306 438
102 159 232 314 378
102 172 232 341 381
102 229 306 394 438
104 126 158 184 349
104 219 318 409 432
104 240 307 312 316
104 248 253 332 349
112 132 209 211 217
112 152 211 219 268
112 152 219 235 268
112 158 196 217 447
112 195 211 219 268
112 196 217 235 409
112 211 219 240 268
112 273 280 296 409
114 130 157 341 448
114 130 157 371 448
115 121 205 253 381
115 121 244 253 381
115 146 211 253 448
115 157 211 335 448
115 157 211 384 448
115 170 205 381 448
115 189 204 259 335
115 199 211 338 431
118 258 344 350 427
121 125 142 229 398
121 125 157 219 398
121 125 157 229 384
121 125 157 229 398
121 125 240 374 384
121 126 135 184 339
121 126 184 203 362
121 139 382 428 437
121 142 170 219 311
121 142 170 229 311
121 157 229 264 398
121 174 235 240 438
121 205 253 310 381
121 240 268 374 428
121 240 381 384 438
121 310 319 382 437
121 319 382 428 437
125 157 219 288 398
127 141 157 311 448
128 141 157 287 448
128 146 189 287 448
128 157 162 288 364
128 162 189 223 335
128 162 288 311 395
128 172 180 217 244
128 219 318 409 432
130 157 219 288 398
130 162 203 335 421
132 185 211 256 428
132 209 211 241 268
132 209 228 241 268
132 228 241 268 339
132 268 339 366 425
133 211 217 226 338
135 172 256 312 384
135 176 280 281 367
135 256 258 312 384
137 171 241 248 344
137 195 211 226 421
137 228 241 269 355
137 235 253 348 421
137 241 269 355 421
140 174 184 235 348
140 174 201 235 306
140 201 217 235 306
140 201 217 241 306
140 211 226 338 424
141 157 343 384 448
142 170 219 311 447
143 195 209 211 338
143 195 209 211 375
146 172 256 312 365
146 240 253 381 448
149 169 248 253 308
149 219 346 355 404
152 157 211 335 338
152 157 343 436 448
152 211 226 335 338
157 162 241 288 364
157 211 241 335 338
158 172 317 349 401
161 195 204 259 338
162 171 201 228 241
162 173 232 336 341
164 209 211 380 447
170 190 274 311 447
170 288 319 333 362
171 241 256 344 350
171 256 344 350 405
174 201 203 208 421
174 201 203 267 421
174 201 235 240 256
174 235 240 256 344
174 240 256 344 382
184 203 205 289 349
184 219 320 339 398
184 258 281 316 317
185 211 330 382 428
189 232 255 342 381
195 209 211 229 338
195 211 226 335 421
197 219 240 381 445
201 235 236 240 339
201 235 240 256 339
203 232 255 310 421
205 215 342 381 448
205 253 301 310 342
205 253 310 342 381
209 211 241 248 355
209 212 241 345 351
209 212 344 350 428
209 241 285 344 345
211 240 306 338 422
217 235 296 314 398
218 235 292 308 332
219 240 253 381 448
219 253 301 310 342
219 253 342 381 448
235 240 256 339 374
235 256 282 316 344
236 292 295 308 418
258 288 405 417 448
265 267 272 329 333
281 320 404 409 432
1 35 253 391
1 60 146 349
2 111 309 368
2 111 404 413
2 136 288 404
3 205 248 310
3 205 310 319
3 221 248 310
6 138 272 333
6 288 395 404
7 268 336 391
7 336 391 405
8 53 135 229
8 53 159 338
8 68 135 170
8 68 170 267
8 159 338 449
9 57 77 104
9 57 245 329
9 89 131 170
9 170 205 267
9 205 267 383
10 151 158 306
11 25 370 427
11 52 349 401
11 53 334 375
13 158 172 324
15 20 158 254
15 63 158 203
15 63 203 406
15 158 324 356
15 172 281 424
16 111 182 389
16 152 157 338
19 52 132 201
19 87 111 209
19 87 160 196
19 112 235 303
19 132 137 201
19 363 366 425
20 29 52 158
20 52 158 293
21 105 268 336
21 105 314 398
21 182 288 341
21 209 268 330
22 49 138 181
22 52 70 259
22 74 138 181
22 140 184 317
22 204 259 431
25 27 79 318
25 36 68 121
25 280 349 415
26 60 169 199
26 92 115 431
27 42 60 383
27 79 295 318
27 90 169 351
27 99 285 401
27 104 169 378
27 104 205 414
27 191 209 268
27 209 248 393
27 219 418 447
27 248 307 393
28 63 117 256
28 63 117 354
28 63 158 354
28 90 169 351
28 117 230 351
28 169 172 312
29 77 211 259
29 77 259 336
29 77 336 405
29 146 263 448
29 256 258 324
30 127 375 421
31 186 197 338
33 36 68 280
33 57 77 391
33 68 200 391
33 111 176 342
33 117 235 348
35 51 68 389
35 69 87 96
35 73 76 269
35 73 217 269
35 87 217 269
35 92 208 394
35 149 169 208
36 68 200 427
36 68 219 447
36 81 142 377
36 81 142 447
36 125 184 216
36 125 216 447
36 145 375 427
36 209 375 427
36 253 263 268
39 191 248 375
39 195 211 330
39 211 248 380
39 248 250 421
42 49 241 333
44 53 101 217
44 53 135 217
45 127 254 336
45 129 334 375
49 81 142 377
49 81 290 394
49 196 256 338
49 220 265 447
49 241 256 333
51 108 159 342
51 108 253 342
51 108 442 447
51 149 260 273
52 66 300 336
52 70 184 268
52 70 263 401
52 100 349 391
52 134 225 316
52 134 293 316
52 188 236 304
52 336 349 391
53 68 69 447
53 83 89 432
53 135 168 307
53 135 217 273
53 135 241 389
53 146 287 448
53 172 217 432
53 254 306 349
54 140 320 427
54 163 344 350
56 236 293 354
56 236 293 420
56 236 320 413
57 77 235 267
57 130 131 170
57 130 170 219
57 268 291 325
58 217 256 324
59 63 253 262
59 79 100 293
59 100 152 293
59 100 293 349
59 128 149 219
59 219 265 274
59 219 283 292
60 115 205 408
63 121 244 253
63 127 371 375
63 158 184 203
63 158 184 219
63 158 184 354
63 158 203 297
63 158 297 324
63 170 196 289
63 199 211 308
63 205 253 262
64 121 174 235
64 121 174 382
66 186 293 320
67 90 169 208
68 69 112 447
68 73 91 112
68 73 96 205
68 73 109 400
68 81 232 342
68 91 257 280
68 91 280 289
68 135 184 307
68 170 219 447
68 184 205 427
68 184 216 307
68 200 373 391
68 219 227 273
68 246 362 389
70 100 184 286
70 100 311 317
70 126 184 268
70 126 268 336
70 184 203 286
72 74 77 333
72 74 90 333
72 77 111 333
72 90 111 333
73 75 184 235
73 76 256 267
73 80 96 132
73 91 137 296
73 102 172 314
73 112 132 217
73 115 226 424
73 135 201 438
73 140 226 424
73 171 205 241
73 172 217 314
73 201 203 241
73 235 289 409
73 256 382 384
74 115 189 335
74 138 272 333
74 138 333 345
76 170 288 333
76 272 327 391
76 288 333 404
77 94 139 211
77 100 170 391
77 100 176 335
77 111 220 329
77 111 329 333
77 163 256 272
77 226 235 409
77 226 235 422
77 235 256 267
77 256 267 382
77 258 281 424
77 289 316 382
79 100 236 295
79 100 280 363
81 98 189 263
81 189 259 263
81 241 427 447
83 99 262 342
83 117 140 199
83 117 235 413
83 130 282 398
83 140 168 348
83 156 186 222
83 174 203 306
83 186 222 338
83 203 241 421
83 219 342 447
87 111 332 355
87 140 235 281
89 146 344 348
89 152 207 223
89 203 205 241
89 207 223 241
89 281 288 427
90 99 189 241
90 111 404 413
90 117 199 203
90 117 199 351
90 117 203 421
90 117 235 421
90 126 203 362
90 199 203 241
90 201 235 299
90 241 285 444
90 308 351 355
90 308 355 421
91 149 219 273
91 219 248 307
91 280 289 332
92 94 226 378
92 203 208 335
92 203 208 394
92 203 335 422
93 102 200 232
94 115 121 424
94 121 310 437
94 195 211 310
94 211 338 360
94 310 378 437
95 118 177 211
95 211 364 405
95 236 240 316
95 236 316 354
96 330 403 437
96 330 428 437
97 99 253 398
97 108 293 401
97 115 205 406
97 146 258 281
97 146 258 448
97 184 205 406
97 205 263 427
97 258 288 448
99 189 205 241
99 205 253 362
99 253 263 268
100 111 281 288
100 152 159 293
100 159 188 293
101 183 199 217
102 126 135 299
102 128 187 396
102 128 187 413
102 157 219 306
102 172 434 443
102 188 232 304
102 188 317 381
102 200 381 384
102 235 304 413
103 170 319 326
104 142 196 447
105 235 240 304
108 146 189 223
108 152 381 448
111 120 329 413
111 127 219 368
111 188 347 389
111 265 329 333
111 281 404 409
112 195 211 226
112 226 235 328
112 296 416 425
115 133 342 399
115 189 259 263
115 195 211 253
117 119 226 235
121 268 319 428
121 268 330 428
121 319 385 437
121 330 403 437
122 128 156 219
125 168 184 216
125 168 216 447
126 135 299 339
126 142 349 394
126 219 260 413
128 146 172 180
128 152 186 223
128 171 180 217
128 186 223 432
130 152 159 314
130 152 314 341
130 159 282 398
135 168 184 307
135 175 312 384
135 258 281 312
135 273 389 404
135 288 381 389
139 385 391 403
140 168 184 348
140 184 235 281
140 258 344 427
142 196 349 394
142 226 235 348
145 334 375 436
149 169 248 432
149 186 195 219
149 219 332 409
152 159 219 268
152 159 314 378
152 186 217 338
152 200 378 416
152 211 338 420
152 219 268 288
152 222 226 235
152 222 226 338
152 222 288 381
152 223 335 338
152 293 296 338
154 158 240 256
158 196 394 447
158 203 297 438
158 306 309 336
158 306 394 447
159 186 219 273
159 200 222 282
159 293 338 398
161 197 290 320
161 204 290 320
168 184 216 427
168 216 307 447
168 216 427 447
169 253 392 401
169 383 392 401
170 190 329 447
170 288 333 336
170 310 319 326
171 180 217 256
172 180 217 314
174 205 344 382
174 218 235 289
174 226 235 422
174 230 235 289
184 289 316 382
185 195 211 301
185 211 301 382
188 342 381 401
189 203 205 241
189 203 205 262
192 203 208 394
195 211 338 418
195 211 397 431
197 320 363 409
198 220 290 409
198 235 314 409
199 211 306 308
201 203 335 422
201 225 241 306
204 211 320 424
204 295 338 422
205 248 301 367
207 209 241 338
207 223 241 338
208 232 255 378
209 268 319 428
211 241 259 268
211 241 335 421
211 248 316 332
211 310 376 382
211 338 418 447
219 273 389 404
223 241 335 338
225 235 304 314
225 240 306 307
225 240 307 316
225 241 306 398
225 248 292 308
228 241 256 333
235 236 304 413
235 267 331 363
235 332 409 416
236 293 338 420
240 291 350 374
241 248 250 380
241 248 250 421
241 259 268 377
248 301 332 367
258 288 404 405
258 316 317 384
273 280 367 409
273 312 346 432
273 367 409 432
281 320 363 409
289 301 332 367
296 320 363 409
306 309 336 364
0 93 302
0 105 184
0 266 314
2 236 418
2 361 395
3 171 187
3 312 389
6 154 297
7 41 50
7 166 375
8 142 331
9 27 333
11 20 52
11 20 172
11 52 209
11 143 402
13 154 197
13 158 181
14 316 405
15 126 331
16 182 293
18 327 395
19 260 409
20 66 217
20 254 436
21 27 172
22 54 163
22 163 316
22 184 377
22 184 406
22 188 232
22 189 401
23 64 282
23 121 157
23 437 446
24 267 333
24 267 358
25 128 309
25 164 305
26 378 442
27 179 345
28 33 194
28 71 87
28 194 410
28 410 426
29 45 336
29 45 448
29 211 420
32 291 325
36 235 416
39 219 373
40 199 306
40 256 324
42 99 115
43 234 350
43 241 259
47 181 184
48 132 339
51 253 385
52 243 359
53 246 287
54 138 395
54 171 395
58 217 274
60 172 426
60 269 281
61 68 445
62 221 326
63 292 426
64 83 432
64 121 305
64 221 437
64 235 280
64 255 421
65 83 156
66 175 273
68 79 286
68 134 307
68 174 282
68 205 414
68 227 286
68 400 441
70 154 158
70 154 261
72 120 129
72 129 363
73 80 239
73 382 416
76 265 292
76 292 438
77 300 436
77 436 448
78 409 412
79 97 388
79 345 427
80 146 256
81 216 250
82 139 323
83 101 242
83 260 344
85 199 251
87 100 157
87 321 380
89 212 396
92 169 349
92 169 351
93 200 391
93 300 416
93 314 416
94 360 378
96 205 209
99 263 415
99 351 410
102 118 384
102 120 229
103 287 294
105 114 341
105 173 339
108 115 338
108 205 207
112 119 185
114 282 348
115 199 262
127 248 393
128 171 187
128 189 290
131 262 391
133 338 449
134 168 307
134 248 250
136 184 377
139 146 223
140 222 288
142 226 338
143 234 375
143 424 427
146 169 337
146 294 385
146 337 428
149 392 408
152 293 436
154 256 272
154 272 356
154 338 440
158 293 440
159 225 307
161 232 445
161 252 368
166 250 432
168 184 202
171 173 339
171 187 299
171 248 305
172 324 383
174 286 295
174 319 328
179 370 447
182 341 425
186 195 338
186 413 420
188 236 379
189 253 377
189 253 421
191 250 377
198 232 314
200 207 427
200 232 259
200 259 338
201 232 304
201 250 359
203 254 371
203 255 371
203 335 419
204 245 377
204 320 363
207 222 344
212 230 344
213 229 447
216 350 427
219 237 353
222 223 421
222 235 363
222 293 363
223 250 432
225 241 248
230 282 446
232 259 336
234 250 368
234 268 375
234 368 373
235 343 359
237 255 371
238 240 247
240 309 405
240 376 442
250 290 432
257 263 448
257 280 316
257 316 448
258 376 392
262 271 405
272 336 395
277 286 318
293 390 449
314 343 434
327 386 395
341 387 446
341 425 434
348 391 407
373 391 407
