0 31 42 96 99 152 163 203 214 292 325 333 344 425 431
0 85 94 114 147 170 188 238 242 243 269 271 292 431 441
1 40 63 67 113 119 216 223 249 266 275 282 319 332 360
1 73 153 187 210 244 257 275 351 354 368 372 374 416 430
3 31 95 124 144 164 182 217 221 283 300 312 323 366 445
3 62 74 75 88 97 114 155 166 216 327 338 370 401 409
4 15 31 114 171 172 243 266 268 310 392 398 402 440 449
4 29 35 48 54 111 167 188 206 267 285 340 358 382 436
4 31 43 69 105 161 215 227 250 269 306 363 398 402 442
4 67 121 122 130 192 328 333 339 371 375 396 398 434 440
5 7 44 46 53 118 129 160 198 300 312 317 364 401 411
6 15 52 109 204 220 301 318 329 342 356 388 425 428 437
6 110 163 177 183 218 220 224 257 316 322 330 341 384 394
7 9 45 62 76 111 130 154 198 252 260 296 329 358 368
9 17 22 38 80 86 89 120 123 156 244 286 295 417 418
9 29 38 77 103 146 160 168 177 231 259 260 315 427 436
11 16 92 118 126 143 207 269 294 305 334 348 355 375 412
11 95 117 121 134 144 171 198 214 232 270 358 392 415 443
12 18 19 83 86 112 120 156 175 178 249 269 287 331 365
13 24 61 138 150 169 179 182 190 237 262 263 281 351 365
13 29 45 70 77 116 168 203 241 336 365 369 379 387 412
13 37 121 124 205 207 221 276 300 302 318 324 419 425 428
13 45 82 114 182 194 211 246 258 259 263 295 357 386 440
14 48 68 99 117 136 137 184 186 238 277 325 335 416 435
16 164 175 204 242 277 297 300 333 364 398 401 410 418 426
17 75 78 134 156 200 202 211 238 264 267 311 368 415 424
20 37 40 51 60 64 116 143 151 224 268 303 312 384 392
20 98 214 279 298 310 322 331 351 356 360 363 372 437 449
22 33 70 195 248 309 320 327 334 373 374 391 407 416 426
29 152 189 199 201 247 255 308 340 343 371 376 393 402 410
31 55 66 119 122 135 222 273 313 322 339 356 379 428 440
34 52 114 131 145 155 166 227 237 239 306 318 403 405 443
35 156 180 199 256 287 292 295 311 312 314 399 413 423 448
36 41 76 144 172 179 197 243 252 275 278 298 300 364 370
48 52 94 104 106 131 137 180 186 200 220 253 282 384 398
52 122 145 237 239 286 318 319 328 353 356 360 396 425 444
69 81 137 196 205 209 214 247 266 305 328 338 360 393 447
71 85 87 120 139 187 233 234 258 260 261 284 343 377 436
73 108 116 165 181 232 261 304 342 344 377 395 399 415 443
104 124 174 210 220 232 236 268 276 286 287 305 327 378 428
0 122 138 145 161 199 238 262 359 396
0 199 207 251 264 290 337 361 378 413
1 6 54 163 192 239 257 290 325 413
2 3 10 21 43 60 74 116 169 217
2 34 43 44 135 141 265 281 303 367
3 24 31 53 75 79 95 131 312 322
3 25 30 36 88 97 281 287 364 434
3 31 34 98 132 217 221 234 405 440
4 22 140 151 189 195 213 311 398 402
4 67 146 162 181 195 293 333 395 399
5 46 82 132 168 173 184 249 266 345
6 31 38 88 167 174 215 220 402 449
9 44 76 118 160 231 260 342 428 437
9 81 103 147 170 188 190 271 299 407
10 71 97 152 201 225 253 259 273 299
10 74 77 111 150 191 193 228 274 277
14 23 55 136 189 223 230 321 332 387
15 39 78 176 187 200 211 229 353 357
16 29 38 122 204 238 250 297 396 410
16 36 207 250 268 269 287 305 399 413
16 53 80 93 207 225 234 251 259 427
17 57 190 200 203 261 264 299 391 418
18 65 83 101 127 132 199 219 271 360
20 54 112 117 173 241 274 288 315 416
20 61 83 159 175 178 237 246 272 284
21 130 182 221 289 307 344 348 373 420
22 44 141 182 191 255 265 283 303 304
24 70 133 181 227 254 263 275 342 426
25 84 89 126 140 182 193 241 297 308
25 84 122 140 209 396 413 418 421 432
26 48 79 137 148 157 165 201 284 355
30 74 101 167 231 280 333 349 397 448
31 36 40 119 148 215 218 362 399 402
31 95 132 144 157 173 228 251 274 330
32 125 174 278 357 370 396 419 421 433
34 71 72 76 159 218 225 367 380 393
35 76 188 194 205 252 279 328 362 366
36 74 163 240 289 333 356 370 377 412
41 78 231 289 314 385 388 420 427 437
42 148 209 219 242 293 321 376 385 425
44 78 180 221 223 231 265 307 319 347
46 57 110 113 279 370 392 396 404 448
48 52 210 236 242 265 284 321 364 418
48 56 115 182 209 262 304 366 373 435
53 65 86 168 184 202 219 271 312 345
53 120 123 140 192 247 251 331 364 414
61 83 165 199 237 277 296 365 369 408
61 116 124 125 168 237 279 285 412 443
62 72 88 174 181 216 218 250 254 395
64 73 96 123 152 164 367 401 420 445
69 73 126 134 177 211 215 250 257 398
73 83 132 151 156 164 175 339 350 377
73 96 146 152 157 199 228 254 430 435
74 237 280 298 320 321 353 391 422 429
75 131 185 218 249 286 304 322 363 417
75 153 196 199 292 305 311 342 399 428
77 82 150 281 289 336 348 373 400 449
80 83 105 109 237 247 251 286 303 339
83 114 238 242 301 310 329 342 440 441
86 112 214 218 288 305 360 376 399 402
96 149 152 184 198 253 337 340 345 356
99 136 161 225 262 297 308 318 335 379
103 141 182 236 273 280 299 315 322 379
108 112 246 268 272 274 295 315 416 434
109 156 175 195 197 243 269 292 373 416
123 142 164 231 240 257 265 289 356 433
127 177 221 300 316 335 364 378 398 444
7 44 53 76 118 160 198 300 364
16 122 204 297 333 396 398 410 418
3 31 95 132 144 164 217 221
4 31 114 227 269 306 398 402
4 31 114 243 268 269 398 402
6 31 88 174 215 218 220 402
7 9 44 76 118 160 198 260
13 61 116 168 237 365 369 412
15 52 114 301 318 329 342 428
16 38 122 204 297 396 410 418
16 122 204 250 297 396 398 410
20 112 246 268 272 274 315 416
31 96 152 163 214 333 356 425
31 98 214 310 322 356 363 449
31 171 214 266 310 392 402 449
52 109 220 286 318 356 425 428
69 214 247 266 305 360 393 402
114 147 188 238 242 243 440 441
124 207 268 276 287 305 378 428
0 31 114 243 269 292 431
0 42 242 292 333 425 431
3 24 31 95 182 312 322
3 31 53 95 131 300 312
3 31 182 217 221 323 440
3 31 217 221 234 323 440
3 34 114 131 155 166 405
3 124 164 300 312 401 445
3 144 164 221 300 312 364
4 15 31 266 398 402 442
4 31 69 266 398 402 442
4 31 122 333 339 398 440
4 31 215 250 269 399 402
4 31 215 363 398 402 449
4 31 250 268 269 398 402
4 31 250 268 269 399 402
4 31 310 363 398 402 449
4 114 151 268 392 398 402
5 46 53 168 184 312 345
5 46 53 184 198 312 345
6 15 31 220 356 425 428
6 31 163 218 220 322 330
9 29 45 77 168 259 260
9 76 260 329 342 428 437
13 45 82 182 258 263 281
13 61 114 182 237 246 263
13 61 116 124 168 237 412
15 31 220 268 398 402 449
15 114 301 310 329 342 440
15 114 301 329 342 428 440
15 301 310 329 342 356 437
15 301 310 329 342 356 440
15 301 329 342 356 428 440
16 36 92 207 269 305 412
16 122 204 297 333 396 425
16 204 238 242 277 297 410
16 204 242 297 300 333 425
18 65 83 86 219 271 360
18 83 86 112 249 331 360
20 83 112 175 178 246 272
20 237 279 298 351 356 360
25 84 122 140 297 396 418
31 34 114 131 227 306 405
31 36 88 215 218 250 402
31 36 215 218 250 399 402
31 36 215 250 269 399 402
31 36 250 268 269 399 402
31 38 88 174 215 250 402
31 88 174 215 218 250 402
31 98 310 322 356 440 449
31 167 174 220 268 402 449
36 250 268 269 305 399 402
37 124 207 268 276 324 428
44 141 182 255 265 281 303
44 182 221 283 300 312 445
48 99 136 238 262 335 435
48 137 184 186 277 335 398
52 104 210 220 236 286 428
52 109 237 286 318 356 425
52 122 204 318 356 396 425
52 122 204 318 356 425 428
52 122 204 333 356 396 425
52 122 204 333 396 398 418
52 122 286 318 356 425 428
52 122 328 333 356 396 425
52 131 145 237 239 286 318
52 204 242 301 329 342 425
52 204 242 333 364 398 418
62 88 166 174 216 327 370
65 132 168 184 219 271 345
75 156 199 292 311 312 399
82 150 182 281 289 348 373
83 86 120 156 249 286 287
83 114 238 242 269 271 441
86 156 287 292 295 312 399
99 136 161 238 262 297 335
114 238 242 243 310 440 441
122 138 145 199 237 262 396
122 140 204 297 396 398 418
122 237 286 328 339 356 396
122 328 333 339 356 396 440
124 207 221 276 300 378 428
124 220 276 286 318 425 428
189 199 247 305 376 393 402
196 199 292 305 311 399 413
199 247 305 360 376 393 402
199 287 292 305 311 399 413
199 287 292 305 311 399 428
209 214 247 305 360 376 393
214 218 305 360 376 393 402
214 247 305 360 376 393 402
0 96 152 199 203 292
0 99 147 238 292 431
0 99 238 292 325 431
0 122 145 161 319 396
0 122 145 319 396 425
0 152 163 292 431 441
3 30 36 74 88 97
3 31 34 114 131 405
3 31 34 114 405 440
3 31 75 95 221 312
3 31 114 182 323 440
3 36 74 88 97 370
3 36 88 97 364 370
3 36 144 300 364 370
3 53 300 312 364 401
3 75 114 131 155 166
3 88 97 364 370 401
3 114 155 166 401 405
3 164 300 312 364 401
4 15 22 213 398 402
4 29 189 340 371 402
4 31 122 161 250 398
4 31 122 171 398 440
4 31 167 215 402 449
4 31 167 268 402 449
4 31 172 333 398 440
4 67 243 266 398 440
4 67 266 328 398 440
4 121 122 171 398 440
4 121 171 392 398 440
4 121 392 396 398 440
4 122 140 192 396 398
4 122 140 192 396 413
4 122 161 250 396 398
4 195 243 269 398 402
4 250 268 269 399 413
5 46 53 160 168 312
6 15 31 220 356 449
6 15 31 220 402 449
6 15 220 356 437 449
6 31 163 220 322 356
6 31 163 220 356 425
6 31 220 322 356 428
6 31 220 322 356 449
6 52 239 318 356 425
6 163 220 257 322 356
6 177 215 218 220 257
6 220 322 356 428 437
6 220 322 356 437 449
7 76 198 252 300 364
9 29 45 77 111 260
9 29 45 111 260 358
9 29 77 111 260 436
9 29 111 188 358 436
9 29 111 260 358 436
9 76 111 188 252 358
9 76 111 260 329 437
9 160 231 260 427 437
13 29 45 77 168 259
13 45 77 82 168 259
13 45 77 82 168 336
13 45 77 82 281 336
13 45 77 281 336 365
13 45 182 241 365 379
13 45 182 263 281 365
13 61 116 169 237 365
13 77 82 150 281 336
13 77 150 281 336 365
13 77 150 281 351 365
13 82 150 182 263 281
13 124 207 276 287 428
13 204 300 318 425 428
14 99 152 184 325 435
15 31 114 268 428 440
15 31 310 356 440 449
15 52 318 353 356 425
16 53 118 300 364 401
16 118 164 300 364 401
16 122 333 375 396 398
16 126 207 250 269 305
16 143 207 268 269 305
17 86 120 156 202 244
17 134 156 200 264 418
18 83 132 156 175 249
18 83 156 199 287 365
20 83 112 175 178 331
20 112 175 246 272 416
20 214 279 310 392 449
22 70 156 195 373 416
22 89 120 123 140 418
25 84 89 140 297 418
29 77 103 168 315 379
29 77 103 168 369 379
29 77 168 241 315 379
29 111 260 267 358 436
29 122 199 238 396 410
29 122 199 371 396 410
30 36 172 281 333 364
30 36 281 333 364 434
31 36 40 268 399 402
31 36 144 172 243 300
31 36 172 243 268 402
31 36 243 268 269 402
31 40 266 268 392 402
31 75 131 218 322 363
31 95 132 144 164 228
31 95 144 171 214 392
31 96 152 164 333 356
31 96 152 214 228 344
31 114 131 227 306 398
31 122 333 339 356 440
31 124 174 220 268 428
31 124 221 300 425 428
31 131 227 306 363 398
31 144 171 172 243 392
31 182 273 322 379 440
31 214 292 333 344 399
31 214 310 363 402 449
31 215 218 250 363 402
31 215 220 398 402 449
35 76 111 188 252 358
36 163 289 333 344 377
36 172 300 333 364 370
36 218 250 305 399 402
38 122 286 396 410 418
40 119 216 218 249 360
40 119 218 360 399 402
44 76 118 160 300 428
44 198 221 300 312 364
45 62 114 260 329 358
48 52 104 210 220 236
48 52 137 200 398 418
48 52 242 364 398 418
48 68 94 137 186 238
48 94 137 186 200 238
48 111 167 284 355 358
48 111 167 284 358 436
48 137 184 186 253 398
48 242 277 364 398 418
52 104 131 200 220 286
52 114 131 227 306 398
52 114 227 318 342 443
52 114 242 301 329 342
52 122 328 333 396 398
52 122 328 396 398 444
52 318 356 360 425 437
53 80 120 123 247 251
53 95 129 198 300 312
55 135 141 273 322 379
61 83 175 178 237 365
61 83 175 237 277 365
61 116 165 237 365 369
61 138 150 237 277 365
61 138 199 237 262 365
61 138 199 237 277 365
64 96 152 198 401 420
65 132 199 219 271 345
65 199 219 271 312 345
67 122 319 328 360 396
67 146 181 304 395 399
67 216 266 319 328 360
69 126 215 250 269 398
70 156 195 269 373 416
70 195 269 334 373 416
71 234 258 259 260 436
72 181 218 250 395 399
73 134 156 211 368 415
73 146 181 304 395 399
73 151 164 175 339 398
74 231 240 289 333 356
75 156 199 238 264 311
75 156 199 238 292 311
75 199 238 292 311 342
76 144 198 252 300 364
78 221 231 265 289 307
78 221 231 289 307 420
80 83 86 120 156 286
80 83 109 156 286 339
80 83 120 247 251 286
80 120 123 247 251 286
83 112 175 178 246 269
86 112 120 156 287 295
86 112 156 269 287 399
86 112 156 287 295 399
86 112 269 287 305 399
86 112 269 305 399 402
86 120 156 249 286 417
86 120 156 249 365 417
86 120 156 286 287 295
86 156 175 243 269 292
86 156 175 269 287 292
86 156 269 287 292 399
86 269 287 292 305 399
94 114 242 243 269 398
95 121 124 144 221 300
95 121 124 144 232 443
95 121 144 198 221 300
95 144 198 221 300 312
96 99 152 184 325 435
96 99 152 325 431 435
96 149 152 163 340 356
96 152 199 337 340 345
99 121 214 328 333 425
99 136 238 277 297 335
99 136 238 335 368 416
103 147 170 188 269 271
103 182 259 273 299 315
112 268 269 287 305 399
112 268 269 305 399 402
114 238 242 292 342 441
114 242 243 310 398 440
118 164 300 312 364 401
121 122 297 318 396 425
121 122 297 333 396 398
121 122 297 333 396 425
121 122 318 328 396 425
121 122 328 333 396 425
121 124 174 232 276 428
121 124 174 276 419 428
121 302 318 396 419 425
122 145 161 262 318 396
122 145 161 318 319 396
122 145 199 237 360 396
122 145 237 262 318 396
122 161 238 250 297 396
122 161 238 262 297 396
122 161 250 297 396 398
122 161 262 297 318 379
122 161 262 297 318 396
122 204 297 318 396 425
122 209 328 360 396 425
122 286 322 339 356 428
122 333 371 396 398 410
124 205 207 276 305 428
138 150 182 262 281 289
140 204 297 364 398 418
144 198 221 300 312 364
147 188 190 299 391 407
150 182 262 281 289 373
152 214 247 376 393 402
156 195 269 292 373 399
156 238 243 269 292 416
156 269 287 292 399 413
164 231 240 289 333 356
164 240 289 333 356 377
164 240 289 356 377 433
175 197 243 298 300 364
175 242 243 300 364 398
177 220 257 316 384 398
181 333 344 377 395 399
189 196 199 247 305 393
189 196 199 305 311 413
196 199 247 305 360 393
196 205 214 305 428 447
196 214 292 305 399 428
199 207 287 305 378 413
199 207 287 305 378 428
199 207 287 305 399 413
199 207 287 305 399 428
199 305 360 376 399 402
204 238 242 301 329 342
205 209 214 328 360 425
205 214 279 351 360 437
205 318 419 425 428 437
207 268 287 305 378 413
207 268 287 305 399 428
214 232 344 399 415 443
214 266 310 360 402 449
214 310 360 363 402 449
216 266 319 328 338 360
218 249 286 322 360 363
231 342 356 388 428 437
232 268 287 305 399 428
237 279 328 356 360 396
240 289 356 370 377 433
249 298 322 331 360 363
268 287 295 312 399 413
269 287 292 305 399 413
277 297 300 335 364 398
318 388 419 425 428 437
0 18 112 269 431
0 18 112 319 431
0 18 269 271 431
0 31 122 333 425
0 31 161 269 442
0 71 93 97 319
0 93 161 319 442
0 93 207 251 337
0 96 152 199 337
0 99 161 238 262
0 114 145 238 242
0 122 199 396 413
0 122 333 396 425
0 138 161 238 269
0 145 152 344 425
0 145 238 242 359
0 163 290 325 413
0 163 292 325 413
0 199 238 271 292
0 238 242 243 359
1 6 163 257 430
1 12 65 263 324
1 54 257 325 416
1 65 102 428 429
1 163 257 374 430
1 275 351 360 372
2 3 34 43 217
2 3 34 43 281
2 3 43 169 281
2 10 21 169 179
2 10 21 179 403
2 21 59 223 355
2 21 254 313 340
2 43 60 116 303
3 21 169 182 217
3 21 182 217 221
3 24 169 182 281
3 25 88 97 216
3 31 34 43 217
3 31 36 144 300
3 31 43 144 217
3 31 43 161 442
3 31 75 88 114
3 31 75 114 131
3 31 98 322 440
3 31 182 322 440
3 53 75 312 401
3 53 79 312 345
3 60 116 217 312
3 62 88 216 254
3 88 97 287 327
3 97 124 287 327
3 97 124 327 401
3 116 124 217 312
3 161 345 424 442
3 300 364 370 401
4 29 122 250 396
4 29 122 371 396
4 29 167 268 402
4 29 167 340 402
4 29 250 268 402
4 31 105 339 398
4 35 267 311 382
4 35 311 399 413
4 67 146 195 243
4 67 195 243 398
4 67 195 333 398
4 69 266 328 398
4 69 269 328 398
4 114 171 358 392
4 114 188 243 269
4 114 188 243 440
4 121 130 358 396
4 121 171 358 392
4 121 358 392 396
4 122 250 396 413
4 130 398 440 449
4 140 189 311 413
4 181 250 395 399
4 189 215 398 402
4 189 371 398 402
4 195 269 399 402
4 195 311 399 402
4 268 398 434 440
4 269 328 375 398
4 371 398 402 440
6 31 163 325 425
6 31 174 220 428
6 38 177 215 220
6 163 239 257 356
6 163 239 325 425
6 163 239 356 425
8 27 136 350 354
8 35 147 166 174
9 17 156 244 368
9 17 156 286 328
9 17 190 299 418
9 29 103 188 436
9 38 80 259 295
9 38 80 259 427
9 38 120 260 436
9 38 259 295 315
9 76 130 252 328
9 76 188 252 328
9 103 259 299 315
10 21 74 178 272
10 118 201 317 404
12 18 65 83 86
12 99 226 263 335
13 24 70 263 365
13 29 45 70 246
13 29 45 246 259
13 45 70 246 263
13 45 70 263 365
13 45 82 295 336
13 45 182 379 440
13 61 124 182 237
13 121 221 428 440
13 124 182 221 300
13 124 237 318 425
13 182 190 194 263
13 182 262 263 386
13 182 262 365 379
13 190 281 287 365
13 261 287 374 430
14 145 152 216 433
15 22 86 213 229
15 22 86 213 402
15 31 220 268 428
15 31 356 428 440
15 52 200 220 398
15 52 204 220 398
15 114 211 357 440
15 114 211 398 440
15 183 266 334 442
15 310 356 437 449
15 334 397 423 446
16 29 38 259 427
16 36 300 333 364
16 38 80 259 427
16 53 118 207 300
16 122 250 396 413
16 122 396 413 418
16 126 250 269 398
16 126 250 297 398
16 126 269 375 398
16 175 242 269 398
16 250 268 269 398
17 22 156 295 311
17 57 200 286 418
17 70 156 269 328
17 75 156 200 286
17 75 156 264 417
17 75 156 286 417
17 86 120 156 269
17 156 200 286 418
17 156 202 244 368
17 156 211 295 311
17 156 264 417 418
17 200 203 264 267
17 200 261 264 415
18 83 86 269 271
18 83 132 156 199
18 83 132 249 360
18 86 89 120 156
18 112 249 319 360
19 41 183 300 442
19 120 198 337 356
20 23 159 241 387
20 54 143 151 312
20 61 116 237 279
20 61 237 272 351
20 61 237 279 351
20 83 112 331 360
20 83 310 331 360
20 112 117 214 288
20 112 214 288 360
20 112 214 331 360
20 159 175 237 298
20 224 312 322 384
20 268 310 392 449
20 351 363 372 416
22 38 80 86 402
22 151 156 195 311
22 156 244 295 416
22 189 255 393 402
23 110 136 264 387
23 140 162 414 421
24 179 263 275 351
25 84 140 182 209
25 89 208 306 317
25 140 297 364 418
25 208 306 317 434
27 50 361 368 414
27 136 188 230 309
27 136 188 350 354
29 38 167 231 436
29 38 250 402 410
29 48 188 238 267
29 54 241 288 315
29 70 246 268 272
29 116 168 285 412
29 146 152 199 247
29 152 250 402 410
29 199 203 365 369
29 241 297 308 379
29 246 268 272 315
30 139 187 258 281
30 172 244 281 333
31 34 43 227 306
31 36 40 344 399
31 36 163 218 250
31 36 163 333 344
31 36 163 333 356
31 36 172 300 333
31 36 333 344 399
31 40 119 266 402
31 40 268 312 392
31 40 268 312 399
31 69 214 266 402
31 69 214 363 402
31 75 114 292 428
31 75 292 312 399
31 75 292 399 428
31 88 114 402 449
31 95 144 164 171
31 95 144 214 228
31 95 144 312 392
31 96 152 157 228
31 96 152 164 228
31 96 152 164 445
31 114 222 428 440
31 119 135 266 440
31 119 266 402 440
31 122 333 356 425
31 122 356 425 428
31 124 220 425 428
31 131 218 220 322
31 132 157 173 266
31 135 243 266 440
31 135 243 274 292
31 163 214 218 322
31 163 214 322 356
31 164 221 300 398
31 164 300 333 398
31 164 333 339 356
31 164 333 339 398
31 172 243 300 398
31 172 300 333 398
31 174 250 268 402
31 214 218 322 363
31 214 218 363 402
31 214 218 399 402
31 214 292 399 428
31 214 292 425 428
31 214 322 356 428
31 214 356 425 428
31 243 268 274 398
31 322 356 363 379
32 163 291 340 374
33 165 296 367 424
35 48 188 340 366
35 167 295 314 448
36 40 92 208 344
36 74 298 356 370
36 172 179 281 364
36 333 344 377 399
37 101 138 255 409
37 116 124 268 312
37 124 221 300 312
38 72 88 174 250
40 67 119 360 399
40 113 119 215 282
40 116 268 312 399
40 119 266 360 402
40 151 268 392 402
42 152 214 376 425
42 209 214 376 425
42 242 293 333 425
44 152 163 216 250
44 152 367 401 445
44 182 221 265 283
44 182 221 265 307
44 182 283 303 312
44 300 312 401 445
45 49 281 352 378
45 77 111 191 274
45 114 258 259 260
46 57 110 128 159
46 99 147 335 368
46 110 132 279 368
46 118 198 317 404
46 300 364 370 401
48 52 94 242 398
48 52 137 284 418
48 54 117 325 416
48 68 277 335 364
48 79 137 157 435
48 94 188 238 242
48 99 137 186 282
48 137 165 184 277
48 137 277 398 418
48 148 209 242 321
48 148 242 284 321
48 209 242 321 418
48 277 335 364 398
52 94 114 131 398
52 94 114 242 398
52 122 286 396 418
52 131 137 306 398
52 131 186 227 398
52 131 220 286 318
52 145 242 328 425
52 204 242 333 425
52 210 236 286 418
52 237 321 353 425
52 242 328 333 398
52 242 328 333 425
53 76 159 225 380
53 76 159 380 432
53 80 86 120 123
53 80 120 234 251
53 86 120 123 331
53 160 168 259 427
55 134 242 321 418
56 90 183 439 442
57 61 113 114 245
57 95 144 383 391
57 113 114 370 392
57 166 293 380 384
57 286 309 383 410
57 286 396 410 418
58 137 295 314 426
59 66 175 212 298
61 83 114 237 246
61 83 165 237 284
61 116 165 237 443
61 128 264 365 417
61 140 204 327 338
61 175 182 237 246
61 175 182 237 365
62 75 88 216 218
63 180 221 223 319
63 180 221 397 439
63 180 223 282 319
64 127 198 221 420
64 164 221 312 445
64 164 221 420 445
64 164 312 401 445
66 103 175 269 302
66 103 273 322 379
67 109 339 371 375
67 109 371 375 423
67 113 319 360 396
67 119 122 319 360
67 119 122 339 440
67 146 243 304 435
68 117 274 277 416
69 126 134 250 298
69 126 250 269 305
69 137 266 328 398
69 214 298 360 363
69 214 360 363 402
69 250 269 305 402
70 137 148 254 426
70 246 268 269 416
70 246 268 272 416
70 275 374 416 426
71 93 97 225 259
71 93 225 234 259
71 152 201 225 393
71 152 201 343 393
71 152 225 367 393
72 128 196 305 399
72 174 218 250 305
72 218 250 305 399
73 83 132 156 199
73 83 165 199 342
73 83 165 342 377
73 96 152 164 228
73 96 152 228 344
73 96 152 344 420
73 132 157 199 228
73 134 211 257 368
73 134 232 415 443
73 146 181 254 395
73 153 199 342 399
73 156 244 368 416
73 156 377 399 415
73 164 175 398 401
73 165 199 342 399
73 181 250 254 395
73 181 250 395 399
73 181 254 275 342
73 181 254 342 395
73 187 211 257 368
73 187 261 374 430
74 77 150 289 348
74 77 289 348 412
74 114 155 166 237
74 150 169 190 237
74 237 298 353 356
75 114 238 292 342
75 114 292 342 428
75 156 202 311 312
75 156 249 286 417
75 156 311 399 415
75 238 311 342 415
75 286 305 327 428
75 304 342 399 415
75 311 342 399 415
76 118 197 300 364
76 144 198 252 358
76 144 252 300 366
76 205 252 300 366
76 252 279 298 370
77 150 281 351 449
77 203 289 336 412
77 289 336 348 412
78 116 124 285 412
78 116 229 285 412
78 124 187 300 401
78 156 180 200 311
78 156 180 311 314
78 187 200 211 368
78 200 211 353 424
79 236 412 435 438
80 114 308 376 402
80 247 308 376 402
81 214 266 310 360
82 114 266 440 449
83 86 249 286 360
83 109 156 175 269
83 109 156 175 339
83 109 175 237 339
83 109 301 329 342
83 120 156 175 377
83 120 175 178 284
83 120 175 284 377
83 120 247 251 331
83 151 156 175 365
83 156 175 331 350
83 164 175 242 277
83 199 237 247 251
83 199 237 247 360
83 199 237 271 360
83 237 247 286 360
84 98 140 331 372
85 114 258 260 343
85 118 164 171 212
86 112 214 331 360
86 112 218 249 360
86 120 123 156 331
86 120 156 175 418
86 120 202 244 348
86 135 153 154 292
86 135 243 274 292
86 153 292 305 399
86 168 184 249 345
86 214 228 360 382
86 214 292 305 399
86 218 249 286 360
86 218 249 286 417
86 218 286 305 360
86 243 269 271 292
87 143 200 211 264
87 189 196 305 413
88 174 220 287 327
89 205 208 351 437
93 266 345 409 442
95 117 144 173 274
95 129 233 301 432
95 144 198 312 392
96 123 152 164 356
96 149 152 163 430
96 152 164 333 401
96 152 198 214 356
96 152 199 254 340
97 124 210 287 327
97 124 210 327 416
97 124 210 363 416
99 113 245 282 331
99 117 137 214 325
99 121 128 297 425
99 121 297 318 425
99 121 297 333 425
99 121 318 328 425
99 136 335 379 416
99 147 238 335 368
99 238 292 325 416
99 238 325 431 435
104 153 210 305 428
104 220 268 378 398
104 220 268 384 398
105 112 183 334 431
105 112 269 334 431
108 112 268 295 399
108 116 232 268 399
109 156 195 202 416
109 188 243 269 292
109 195 202 273 416
109 237 286 339 356
109 273 339 356 428
109 286 339 356 428
109 292 342 425 428
110 132 136 279 368
111 115 388 419 437
111 130 133 329 332
111 260 267 358 368
111 260 284 358 436
112 156 175 269 416
112 175 246 269 416
112 246 268 269 416
112 268 287 295 399
112 268 287 295 434
112 268 287 305 378
113 114 216 266 409
113 114 216 370 409
113 121 174 215 282
113 249 282 331 360
114 133 227 263 342
114 145 155 166 216
114 145 358 392 443
114 151 222 350 428
114 171 358 392 443
114 172 243 370 392
114 216 266 338 409
114 246 268 295 440
114 260 329 342 428
114 301 323 432 440
114 308 343 376 402
116 203 261 304 344
116 232 392 415 443
119 122 319 356 360
119 122 322 356 360
119 218 249 322 360
120 123 140 364 418
120 175 284 364 418
120 175 287 331 364
121 122 318 425 428
121 122 339 428 440
121 130 221 398 440
121 134 171 392 398
121 205 214 328 425
121 205 214 425 428
121 205 318 328 425
121 297 300 318 425
121 297 300 333 398
121 297 300 333 425
122 145 238 239 396
122 145 328 359 396
122 192 239 328 396
122 192 239 396 413
122 286 322 356 360
122 318 356 379 428
123 142 169 330 341
123 142 257 289 330
123 142 257 330 341
123 152 164 356 433
123 164 231 289 420
123 164 265 364 418
123 164 364 401 418
123 231 265 319 356
123 270 296 319 367
124 146 210 213 247
124 205 221 300 366
124 207 221 300 323
124 210 247 286 305
124 210 268 327 416
124 237 286 318 425
126 134 250 298 437
127 198 221 300 364
130 289 348 373 449
131 218 220 286 322
131 218 220 322 384
132 136 188 234 350
132 157 199 228 251
132 199 219 360 376
134 198 358 368 415
134 200 211 311 398
134 267 358 368 415
136 207 234 323 350
137 277 398 418 426
138 161 262 289 330
140 189 213 247 402
140 189 247 308 402
143 200 211 264 424
144 172 243 370 392
145 161 227 306 318
145 216 242 328 359
145 216 319 328 360
145 358 359 392 396
147 188 354 391 440
148 218 376 399 402
149 152 163 430 441
149 160 231 347 403
149 250 302 373 396
151 222 339 350 428
151 268 384 392 398
152 164 333 401 410
152 199 337 340 371
152 201 225 308 393
156 175 197 283 389
156 195 292 311 399
156 199 264 311 413
156 202 238 368 416
156 202 244 368 416
156 264 413 417 418
156 292 314 373 399
156 295 413 417 418
163 177 218 250 257
163 203 289 333 344
163 203 289 333 412
163 240 257 289 356
164 175 182 283 300
164 175 182 297 300
164 175 333 339 377
164 175 333 339 398
164 182 221 265 283
164 182 221 265 289
164 182 221 289 420
164 182 221 420 445
164 221 231 265 289
164 221 231 289 420
164 221 300 364 398
164 242 265 364 418
164 333 339 356 377
167 295 314 336 448
169 243 326 397 420
171 205 302 314 373
172 243 298 310 449
172 243 300 364 398
172 300 333 364 398
174 218 220 286 305
174 218 220 305 402
174 218 250 305 402
174 220 268 305 402
174 250 268 287 305
174 250 268 305 402
175 182 193 246 269
175 195 243 269 398
175 195 333 398 426
175 195 373 416 426
175 242 243 269 292
175 242 243 269 398
175 242 284 364 418
177 215 218 250 257
177 215 220 257 398
177 220 316 378 398
181 218 304 395 399
182 221 265 289 307
182 241 297 308 379
182 246 259 295 315
182 262 297 308 379
182 283 304 323 366
188 226 234 350 372
189 199 305 311 402
189 371 398 402 410
190 261 287 358 404
192 247 328 339 371
192 333 364 398 434
196 199 305 360 399
196 214 305 360 399
199 256 311 399 402
199 305 311 399 402
202 273 315 379 416
202 315 363 379 416
204 297 300 318 425
205 214 279 328 360
205 214 360 425 437
205 214 425 428 437
205 318 328 360 425
205 318 360 425 437
209 214 360 376 425
209 219 360 376 425
210 236 287 364 378
210 351 363 372 416
214 218 322 360 363
214 218 360 363 402
214 232 305 399 428
214 279 328 356 360
214 322 356 428 437
214 328 333 356 425
214 328 356 360 425
214 356 360 425 437
214 356 425 428 437
220 232 305 342 428
220 236 286 322 428
220 286 322 356 428
221 300 318 335 444
221 300 318 425 444
221 318 319 425 444
231 289 356 388 437
232 261 358 415 443
232 305 342 399 428
234 259 260 427 436
236 273 322 379 428
237 247 286 328 339
237 247 286 328 360
237 298 353 356 360
242 328 333 398 440
246 268 295 434 440
247 286 305 328 360
257 322 351 356 372
260 261 284 358 436
260 267 278 339 436
275 298 351 360 372
286 322 356 360 363
300 333 364 370 401
0 18 199 271
0 18 199 337
0 18 199 359
0 31 99 161
0 31 122 161
0 71 97 152
0 112 214 431
0 145 152 199
0 145 242 425
0 199 203 264
0 199 238 264
0 199 292 413
0 207 269 413
0 238 325 359
0 269 292 413
0 319 425 431
1 65 324 428
1 153 210 428
1 239 319 360
1 263 275 351
2 3 21 254
2 3 217 366
2 44 223 265
2 169 179 281
3 10 74 97
3 25 182 281
3 31 36 88
3 31 53 234
3 31 300 442
3 43 281 442
3 124 287 312
3 287 312 364
3 345 409 442
4 29 146 436
4 29 358 396
4 31 167 333
4 31 333 399
4 35 54 413
4 35 69 328
4 35 188 328
4 54 192 413
4 69 250 395
4 111 130 358
4 114 188 358
4 121 215 398
4 140 162 195
4 146 195 213
4 151 339 398
4 181 227 250
4 188 269 328
4 188 328 440
4 267 339 436
4 306 398 434
5 132 136 184
6 15 183 220
6 38 77 177
6 38 77 449
6 38 204 220
6 52 220 384
6 54 163 340
6 54 167 340
6 115 388 437
6 163 340 356
6 167 340 402
6 215 220 301
7 46 198 368
7 62 198 401
7 129 198 358
9 38 86 154
9 38 86 168
9 38 123 231
9 38 154 260
9 45 259 295
9 81 188 328
9 86 168 271
9 103 168 271
9 120 198 260
9 188 190 358
10 74 77 116
10 74 97 191
10 74 150 169
10 74 272 274
10 150 169 179
11 45 198 358
11 95 214 322
11 118 171 198
11 121 207 375
11 214 232 305
11 294 355 358
13 37 116 124
13 37 116 384
13 45 258 412
13 70 374 407
13 114 237 318
13 114 318 428
13 114 428 440
13 116 203 261
13 124 207 412
13 179 182 300
13 182 221 440
13 190 203 261
13 190 203 365
13 190 261 287
13 207 294 412
13 237 262 318
13 262 318 379
13 318 379 428
13 351 374 430
13 379 428 440
14 48 136 321
14 216 223 332
15 52 114 398
15 52 200 353
15 78 388 437
15 86 243 402
15 200 211 398
15 211 353 425
16 29 250 268
16 36 207 300
16 36 287 364
16 36 333 399
16 36 333 412
16 38 80 418
16 53 251 364
16 175 269 287
16 175 287 364
16 207 251 413
16 207 300 425
16 207 348 427
16 238 242 269
16 238 250 269
16 333 375 412
17 22 70 156
17 22 70 391
17 22 391 418
17 38 156 238
17 70 203 391
17 120 261 418
17 156 238 269
18 19 120 337
18 331 360 449
19 120 331 356
20 23 264 387
20 83 112 117
20 83 151 175
20 83 151 303
20 83 237 303
20 83 237 360
20 116 237 303
20 116 241 387
20 116 279 392
20 117 214 392
20 175 298 331
20 272 351 416
20 315 322 363
20 315 363 416
21 60 74 289
21 74 289 348
21 169 179 182
21 169 182 420
21 221 223 307
22 80 286 303
22 89 140 182
22 89 182 295
22 123 265 418
22 140 195 327
22 140 398 418
22 182 304 373
22 195 213 229
22 195 398 426
22 244 374 416
22 286 303 304
22 286 304 417
22 286 309 327
22 295 416 426
22 295 418 426
22 391 418 426
22 398 418 426
23 110 159 387
24 31 131 227
24 75 238 342
24 131 227 237
24 138 238 262
24 182 322 351
24 227 237 263
25 36 208 434
25 36 287 413
25 84 89 208
25 122 396 434
25 317 364 434
27 136 354 368
29 35 199 340
29 38 167 402
29 38 177 250
29 48 201 340
29 54 315 436
29 70 116 268
29 103 188 379
29 122 297 379
29 146 152 259
29 152 199 203
29 152 201 259
29 168 285 436
29 204 343 410
29 204 358 396
29 246 259 315
29 260 343 436
29 288 376 402
29 297 308 410
29 340 343 436
30 36 74 333
30 74 88 167
30 187 244 281
31 34 43 135
31 34 131 218
31 34 135 440
31 36 119 356
31 38 122 250
31 42 148 425
31 43 217 363
31 53 95 251
31 53 234 251
31 75 88 218
31 75 218 399
31 75 221 428
31 75 322 428
31 79 95 157
31 79 148 157
31 95 214 322
31 95 322 330
31 98 217 363
31 99 161 379
31 99 203 379
31 105 251 339
31 105 269 431
31 114 182 269
31 119 218 322
31 119 399 428
31 122 161 379
31 124 217 363
31 124 220 366
31 124 268 312
31 131 220 398
31 131 300 398
31 132 164 339
31 132 234 251
31 132 251 339
31 132 266 440
31 132 339 440
31 135 292 428
31 144 243 274
31 152 163 250
31 152 214 402
31 152 250 402
31 152 273 356
31 161 363 379
31 164 171 398
31 182 221 344
31 182 269 445
31 214 310 344
31 221 344 425
31 221 398 440
31 221 428 440
31 268 399 428
31 269 292 399
31 300 333 425
31 300 398 442
31 379 405 440
34 44 76 367
34 44 221 265
34 71 225 234
34 132 405 443
34 159 237 403
34 221 318 405
34 237 281 303
35 54 312 413
35 69 205 328
35 147 188 292
35 156 267 311
35 188 279 285
36 40 119 275
36 41 289 370
36 76 218 362
36 76 252 362
36 88 250 287
36 163 250 413
36 197 243 269
36 268 287 434
36 281 289 333
37 64 221 312
37 121 276 392
37 143 207 268
37 151 268 428
37 268 276 392
38 89 297 418
38 120 123 192
38 122 192 396
38 174 220 286
38 174 250 396
38 174 286 396
38 177 215 250
40 113 266 392
40 116 344 399
40 209 266 360
40 218 224 384
41 76 231 437
41 76 298 437
41 195 197 243
44 78 221 300
44 78 231 437
44 78 300 401
44 152 198 401
44 152 216 401
44 160 231 347
44 180 221 312
44 180 312 423
44 216 223 319
44 221 231 428
44 221 265 364
44 221 300 428
44 265 281 364
44 265 319 367
45 76 194 252
45 77 241 274
45 114 329 440
45 130 182 440
45 130 329 440
45 130 371 440
45 246 274 295
45 296 365 369
46 99 184 335
46 113 249 266
46 113 266 392
46 118 279 404
46 132 168 279
46 168 173 237
46 168 237 279
46 198 312 392
46 198 392 404
46 237 279 396
46 300 335 364
46 312 392 448
46 327 370 401
48 52 180 265
48 54 117 358
48 54 382 416
48 79 131 137
48 79 236 284
48 79 236 435
48 136 188 238
48 137 148 209
48 137 201 253
48 137 209 418
48 137 209 435
48 182 236 265
48 182 236 435
48 182 265 304
48 184 253 340
48 200 238 267
48 201 253 340
48 210 374 416
48 238 242 277
48 325 366 435
48 373 374 416
48 373 416 435
51 116 151 377
52 114 145 242
52 131 166 384
52 137 282 360
52 137 328 360
52 137 328 398
52 180 265 319
52 180 282 319
52 200 286 353
52 200 286 418
52 220 253 356
52 237 284 321
52 242 321 425
52 265 319 356
52 282 319 360
52 364 398 444
53 75 202 312
53 86 120 202
53 87 120 234
53 95 129 432
53 120 198 364
53 123 364 401
55 119 223 332
55 122 239 356
55 136 379 387
56 182 373 420
57 61 113 279
57 61 128 159
57 61 128 264
57 61 190 264
57 95 144 392
57 110 128 264
57 110 384 392
57 114 166 370
57 144 370 392
57 190 261 404
57 309 383 391
61 114 237 443
61 114 327 338
61 175 204 277
61 190 264 365
61 199 264 365
62 72 76 218
62 76 155 370
62 76 252 370
62 96 198 401
62 114 166 260
63 172 266 275
64 73 116 151
64 73 151 164
64 123 164 240
64 151 164 312
64 198 221 312
64 198 312 392
64 198 312 401
64 224 330 384
65 127 360 444
66 298 322 356
67 109 195 243
67 113 121 282
67 113 121 396
67 119 266 440
67 121 282 398
67 131 249 282
67 131 249 304
67 131 282 398
67 181 216 275
67 181 216 395
67 243 266 275
67 266 282 398
69 73 250 395
69 105 247 402
69 134 214 298
69 134 398 418
69 137 209 418
69 137 306 398
69 137 398 418
69 250 298 363
69 269 305 328
70 77 336 373
70 116 181 342
70 137 416 426
70 156 269 365
70 181 195 426
70 241 379 416
70 268 327 416
70 269 334 412
70 269 365 412
71 152 253 345
71 201 273 284
71 201 284 343
72 196 305 393
72 218 305 393
73 83 175 272
73 108 164 377
73 108 272 416
73 116 151 377
73 123 156 164
73 123 156 244
73 123 164 257
73 123 244 257
73 132 156 368
73 132 164 228
73 132 377 443
73 146 199 399
73 146 210 430
73 146 304 435
73 152 250 254
73 153 199 430
73 153 275 342
73 156 175 416
73 156 199 399
73 157 165 199
73 164 257 398
73 175 272 416
73 187 261 377
73 199 254 342
73 215 250 399
73 254 275 430
73 272 351 416
73 350 354 372
73 351 368 415
73 416 430 435
74 77 116 412
74 77 231 289
74 108 116 377
74 108 272 274
74 116 169 237
74 116 237 412
74 116 377 412
74 150 237 277
74 163 216 370
74 178 237 272
74 178 237 429
74 190 237 391
74 237 356 412
74 277 333 401
74 320 327 391
74 333 370 401
74 333 370 448
75 95 134 415
75 114 211 238
75 114 327 428
75 131 200 286
75 153 311 368
75 196 200 311
75 196 305 338
75 216 218 249
75 218 286 305
75 218 304 399
75 218 305 399
75 286 322 428
75 305 327 338
76 118 279 437
76 188 243 252
76 205 279 437
76 205 300 428
76 205 328 393
76 205 428 437
76 252 260 278
76 252 275 368
76 252 279 368
76 279 298 437
77 150 277 365
77 193 241 274
77 231 289 427
77 241 274 315
77 277 365 369
77 289 348 427
78 124 221 285
78 124 221 300
78 180 231 314
78 311 314 420
80 83 114 237
80 86 376 402
80 105 247 402
80 114 259 295
81 188 205 328
82 132 266 440
83 105 109 269
83 105 112 269
83 114 151 350
83 114 237 271
83 114 246 269
83 114 246 440
83 117 238 277
83 132 199 251
83 132 251 339
83 132 339 440
83 151 303 339
83 156 199 238
83 156 238 269
83 165 284 377
83 175 242 269
83 175 242 284
83 199 238 271
83 199 238 277
83 199 238 342
83 219 242 271
83 238 242 277
83 247 331 360
83 339 379 440
83 365 369 379
85 114 171 243
85 188 234 436
86 89 156 243
86 112 274 288
86 112 274 295
86 120 269 348
86 156 202 312
86 168 249 365
86 219 312 376
86 219 360 376
86 243 269 402
86 269 305 348
86 271 292 312
86 274 292 295
86 286 287 305
86 312 376 399
87 187 200 211
87 187 200 261
87 187 211 258
87 200 261 264
88 174 250 287
93 149 337 345
93 161 345 442
93 266 319 442
94 282 293 384
95 129 198 358
95 129 233 312
95 132 144 443
95 301 323 432
96 146 152 333
97 152 216 401
97 210 287 364
97 216 319 338
98 132 279 360
98 252 279 298
99 113 121 282
99 117 121 214
99 137 214 328
99 152 225 308
99 262 263 335
99 277 297 333
99 277 325 333
101 138 199 255
101 333 349 375
103 175 182 269
103 175 197 269
103 177 315 322
103 182 190 299
103 188 299 379
103 231 280 315
104 137 220 305
104 174 220 282
104 180 220 287
104 268 310 398
105 112 269 402
105 183 334 442
105 227 237 306
105 269 334 442
109 156 292 423
109 247 339 371
110 136 264 368
110 224 384 392
111 191 228 382
111 198 340 358
111 329 388 437
112 156 295 416
112 269 305 334
112 269 334 416
113 114 266 392
113 121 174 396
113 121 392 396
113 174 216 282
113 174 216 370
113 174 370 396
113 216 275 370
113 223 279 360
113 223 332 387
113 279 331 360
113 279 360 396
114 133 329 342
114 145 216 242
114 145 238 239
114 151 268 428
114 182 246 269
114 188 194 440
114 211 238 440
114 216 242 401
114 227 237 263
114 242 398 401
114 246 268 269
114 259 405 440
114 263 342 440
114 268 327 428
115 314 388 437
116 124 168 312
116 124 232 268
116 124 232 443
116 232 268 392
116 279 392 443
116 377 412 443
117 134 238 415
117 173 184 416
118 207 300 428
118 207 305 428
118 305 342 428
120 123 286 356
120 123 331 356
120 187 244 348
120 261 284 418
121 124 318 443
121 130 198 221
121 130 198 358
121 134 215 398
121 171 205 214
121 171 205 302
121 174 396 419
121 205 328 434
121 214 232 428
121 215 282 398
121 221 300 398
121 232 276 392
122 209 262 396
122 238 396 440
122 396 432 440
123 142 169 240
123 156 164 418
123 164 265 367
123 265 319 367
123 286 319 356
124 125 174 419
124 146 195 213
124 187 210 416
124 195 327 416
124 205 247 305
124 205 279 366
124 207 305 412
124 210 286 363
124 236 305 412
124 237 247 286
124 237 318 443
124 268 287 312
125 237 279 396
125 279 370 396
125 279 370 412
126 140 297 398
126 182 193 269
126 182 269 348
126 215 269 294
130 182 221 440
130 198 221 420
130 289 333 344
131 180 312 384
131 312 322 384
132 136 188 279
132 168 279 443
132 188 234 440
132 199 228 360
132 234 350 377
132 249 266 360
133 275 332 426
134 144 214 298
134 200 398 418
134 211 238 250
134 214 298 437
134 242 398 418
135 153 292 428
135 259 273 440
136 207 225 234
136 207 225 318
136 238 264 368
136 354 368 416
137 148 157 254
137 157 254 435
137 180 295 314
137 184 266 398
137 201 247 393
137 266 282 360
137 266 282 398
137 277 416 426
137 295 416 426
137 295 418 426
138 169 262 330
138 182 255 281
138 182 269 365
138 199 238 277
140 192 251 413
140 192 364 398
140 209 247 338
141 182 236 265
141 182 304 322
144 179 182 300
144 179 182 365
144 197 283 300
145 152 356 425
145 152 356 433
145 356 396 433
148 201 376 402
148 293 376 399
149 152 163 250
149 302 318 396
149 318 356 396
150 182 191 193
151 156 164 312
151 156 175 195
151 156 311 312
151 175 195 398
152 157 199 201
152 201 253 340
152 216 250 254
152 253 273 356
152 333 371 410
153 187 210 284
156 164 175 283
156 164 175 418
156 164 283 312
156 195 202 311
156 199 264 365
156 264 365 417
156 286 328 339
156 292 295 416
157 165 199 201
160 177 300 364
161 199 262 308
161 199 308 402
161 238 250 269
161 297 335 398
163 192 325 333
163 216 218 250
163 250 257 413
163 257 289 330
164 204 333 356
164 221 265 364
165 261 284 377
167 231 314 448
167 280 336 448
168 173 241 315
168 187 260 436
168 202 315 379
171 205 214 266
171 232 268 392
171 243 373 449
172 243 266 275
172 244 275 300
172 244 300 333
174 181 232 395
174 215 220 282
174 216 370 433
175 182 193 297
175 182 269 365
175 182 269 373
175 193 197 269
175 193 277 297
175 195 292 333
175 197 283 300
175 242 292 333
175 249 298 331
175 269 302 373
175 277 416 426
175 298 331 364
177 183 300 316
179 182 237 280
179 237 280 298
179 237 298 351
179 275 298 351
180 200 311 398
180 221 231 397
180 231 314 448
180 231 397 448
180 397 423 448
181 195 333 426
181 216 254 275
181 227 250 254
181 227 342 443
182 221 366 373
182 237 281 303
182 241 315 379
182 259 273 440
182 265 281 289
182 269 348 373
182 304 344 373
184 202 238 271
184 202 238 416
187 211 258 357
187 244 275 300
187 244 281 348
187 244 281 351
188 194 328 440
188 242 269 328
188 242 328 440
188 309 391 407
188 350 354 372
190 203 264 365
192 247 251 339
192 251 290 413
195 292 333 399
196 209 305 413
197 243 275 416
198 270 296 358
198 358 392 404
199 203 264 365
199 219 312 376
199 228 277 435
199 238 262 435
199 238 277 410
199 238 277 435
199 271 292 312
199 312 376 399
199 396 413 448
203 264 365 387
204 220 327 428
204 242 342 426
204 320 327 426
204 327 338 401
204 327 401 426
205 207 305 338
205 209 328 366
205 209 366 373
205 221 302 373
205 221 366 373
205 279 351 362
207 221 234 323
207 250 269 302
209 242 328 425
209 262 373 396
210 244 286 418
210 287 327 374
210 287 374 430
210 327 374 416
214 247 331 360
214 279 392 443
215 220 282 398
220 224 268 384
221 231 397 420
225 273 299 379
232 261 287 358
232 261 287 399
232 268 276 392
234 258 259 440
234 259 405 440
237 279 356 412
238 243 416 435
238 243 431 435
238 342 415 441
241 315 379 416
242 269 328 398
242 292 342 425
243 268 269 416
243 268 274 416
243 274 292 416
243 304 373 435
243 373 416 435
244 300 333 418
247 328 371 393
249 269 331 363
249 275 298 360
249 286 319 360
250 269 302 373
250 269 373 399
250 298 363 437
250 398 402 410
260 261 342 377
260 339 377 436
266 268 305 402
268 274 398 434
268 286 287 295
269 305 328 375
269 334 348 373
274 292 295 416
275 278 298 372
275 300 364 426
278 300 370 419
279 298 356 370
279 351 368 372
279 356 370 396
279 356 370 412
281 287 364 378
287 404 423 448
289 314 336 373
289 314 336 437
289 314 373 420
289 336 437 449
289 348 420 427
289 356 437 449
292 333 399 448
292 342 344 399
292 342 344 425
292 344 373 399
297 300 318 335
304 344 373 399
315 322 363 379
320 391 422 426
333 356 370 396
333 370 396 448
354 374 391 416
356 370 396 433
358 359 392 415
358 392 396 404
385 388 425 437
0 31 251
0 71 85
0 97 114
0 112 378
0 207 425
0 439 442
1 6 428
1 12 249
1 65 360
1 67 192
1 73 429
1 119 428
1 163 216
1 163 324
2 34 403
2 133 254
2 135 313
2 340 366
3 24 254
3 75 424
3 132 345
3 337 345
3 434 440
4 43 54
4 48 68
4 48 398
4 54 151
5 136 264
6 38 192
8 35 252
8 35 267
8 147 354
9 22 44
9 22 407
9 89 437
9 123 296
9 147 368
9 156 350
9 188 350
9 286 428
9 350 428
10 71 277
10 77 259
10 152 228
11 45 412
11 52 443
11 126 134
11 143 392
11 412 443
12 99 331
12 263 365
13 29 204
13 37 138
13 61 204
13 190 407
13 194 205
13 203 425
13 205 261
13 205 351
13 207 259
13 211 425
13 258 261
13 263 324
13 287 295
13 357 419
14 33 416
14 145 238
14 152 189
14 153 416
14 335 378
15 22 334
15 39 268
15 109 243
15 109 423
15 172 423
15 243 397
16 29 412
16 225 297
16 334 426
19 112 183
19 175 300
19 188 269
19 198 300
19 203 365
19 269 442
20 23 421
20 39 268
20 40 360
20 61 264
20 143 264
20 173 237
21 116 344
21 254 348
21 348 355
22 151 303
22 156 283
22 283 407
22 334 431
23 42 321
23 140 189
23 140 241
23 230 414
23 264 267
23 267 421
24 79 263
24 95 358
24 190 358
25 84 88
27 230 414
29 45 371
29 167 336
29 189 387
29 203 267
29 272 343
29 371 427
30 287 448
31 34 203
31 55 344
31 66 269
31 161 330
31 273 442
31 325 366
31 362 366
32 73 374
32 163 370
32 253 340
34 52 265
34 76 155
34 166 380
34 225 318
35 48 180
35 156 328
35 167 174
35 174 287
35 194 295
35 205 314
35 279 448
35 287 358
35 312 366
35 362 399
36 92 298
36 145 344
36 145 356
36 197 208
36 250 298
37 224 408
37 255 303
38 167 295
40 92 143
40 148 209
40 282 384
40 312 411
40 329 332
41 78 300
41 82 289
41 144 388
41 179 262
41 183 314
41 243 420
41 247 364
41 262 289
42 99 113
43 44 250
43 105 303
44 135 428
44 152 255
44 163 183
44 183 300
44 250 437
44 304 342
45 182 191
45 194 378
45 211 368
46 53 159
46 99 113
46 99 128
46 159 237
48 111 115
48 111 277
48 119 148
48 119 282
48 131 304
48 165 206
48 165 304
48 167 220
48 220 366
48 265 389
48 340 374
48 355 389
49 150 281
52 237 408
53 93 322
53 93 345
53 131 427
53 140 432
53 322 331
54 111 257
54 111 274
54 125 285
55 122 418
55 242 440
56 182 315
56 195 373
57 159 200
57 159 380
57 200 384
57 264 380
58 242 426
61 124 327
61 140 182
62 74 111
62 74 178
62 74 321
62 75 368
62 96 254
62 97 296
62 181 252
64 123 330
64 303 367
65 199 361
65 199 428
66 175 339
66 295 440
66 302 428
67 113 162
67 130 332
67 282 293
67 399 423
68 137 447
68 327 416
69 178 269
69 211 447
70 137 328
70 227 269
71 76 260
71 93 345
71 159 284
71 261 299
71 319 367
72 128 159
72 174 421
72 250 398
73 146 177
73 165 367
73 187 401
73 210 232
74 101 409
74 111 167
74 169 240
74 169 397
74 193 422
74 353 409
75 78 221
75 78 401
75 97 363
75 202 363
76 154 225
76 159 298
76 275 342
76 296 367
77 146 228
78 116 224
78 116 415
78 134 437
78 238 347
78 267 285
78 289 412
78 300 311
78 319 353
78 401 420
79 236 322
79 355 412
80 89 308
80 225 308
80 244 354
81 271 360
83 296 329
84 122 313
85 118 260
85 118 269
85 120 269
85 164 242
85 164 377
85 242 284
86 153 244
86 228 274
87 143 305
87 189 343
87 196 200
87 234 323
87 264 413
87 413 421
88 281 449
88 364 444
89 126 437
89 182 351
89 244 351
90 319 442
90 424 442
92 126 298
92 246 269
92 344 348
93 97 409
93 161 225
93 239 319
94 180 292
94 242 293
95 131 443
97 114 259
97 273 416
97 296 319
97 416 434
98 234 372
99 103 147
99 103 379
99 155 318
99 203 282
99 214 331
99 226 282
101 199 448
101 231 307
102 121 428
104 130 398
105 286 363
106 398 410
109 175 204
109 188 285
109 237 285
109 269 375
110 113 387
110 132 330
110 159 218
110 163 370
110 257 368
110 279 322
111 257 368
111 277 296
112 173 249
112 183 218
112 241 365
114 147 166
114 182 308
114 188 350
114 222 271
114 222 338
114 242 376
114 292 295
114 308 318
114 323 350
114 357 370
114 357 443
115 314 373
116 143 412
116 151 365
116 303 304
117 184 198
118 126 437
118 143 312
118 164 231
118 197 269
118 201 355
118 279 412
120 247 343
120 251 337
120 258 295
120 261 287
120 356 377
122 199 428
122 379 413
123 152 247
123 169 420
123 192 257
123 251 330
124 146 168
124 168 187
124 182 236
124 213 419
124 279 363
125 136 279
125 357 443
126 143 211
126 182 211
126 241 412
127 132 221
127 199 378
127 219 335
127 360 446
130 201 371
130 260 339
130 348 375
130 373 396
131 249 403
131 300 318
131 304 443
132 188 271
134 238 242
134 298 321
135 265 356
135 303 339
136 188 379
136 189 308
136 207 264
136 223 279
136 309 416
137 157 266
137 186 205
137 196 200
137 205 314
137 305 355
143 200 384
143 207 264
144 251 364
144 298 391
145 344 443
146 160 254
146 231 333
147 174 278
147 243 278
147 335 391
147 354 368
148 165 399
148 218 254
148 242 426
149 160 198
149 231 356
149 318 403
151 311 428
152 203 299
153 154 368
153 292 416
156 267 339
159 175 283
160 254 342
161 199 345
161 238 424
162 203 333
163 183 431
163 324 425
163 341 412
164 175 212
164 228 277
164 323 350
165 415 424
167 206 397
167 268 295
167 336 449
168 209 219
168 209 266
168 237 271
169 179 243
169 217 326
172 281 449
173 237 251
175 300 302
175 336 365
175 336 373
177 211 259
177 221 231
177 231 257
179 237 403
180 221 398
180 253 399
181 252 275
182 194 366
182 236 420
182 255 308
182 295 312
184 219 293
184 219 335
185 218 376
187 234 372
187 257 343
187 260 368
188 190 194
188 238 362
188 279 372
188 379 440
189 321 376
190 237 271
192 257 398
193 246 274
195 243 326
198 329 356
199 270 296
199 287 430
199 314 408
199 340 359
199 371 423
200 203 282
200 253 299
200 353 391
201 299 407
202 345 424
203 299 379
203 333 418
204 250 437
204 329 358
205 208 434
205 314 437
207 221 348
207 248 334
207 350 428
208 351 354
209 421 447
210 220 257
210 247 364
210 257 265
210 275 364
211 263 424
211 320 353
214 351 415
214 358 382
218 225 297
218 250 297
218 380 384
220 232 341
223 227 275
223 265 321
227 398 426
228 274 434
229 375 412
230 321 429
232 286 304
236 268 315
236 273 284
236 280 321
236 299 418
236 379 412
237 296 319
238 239 325
238 239 415
238 329 368
238 359 415
238 424 435
239 415 443
242 376 410
243 326 435
243 359 392
243 373 420
243 397 431
246 258 284
247 255 303
247 286 410
247 364 410
251 286 378
251 361 414
251 364 378
252 301 329
257 354 433
258 377 412
260 339 428
261 374 391
263 295 426
264 361 368
265 283 389
266 305 334
267 278 421
268 286 303
269 287 430
269 363 416
269 416 430
269 430 441
272 284 343
274 277 398
278 339 396
280 298 322
280 299 391
280 336 379
280 336 422
281 400 434
285 358 443
286 378 444
288 299 315
293 321 387
296 368 424
298 321 364
300 311 312
300 311 398
300 311 428
300 333 349
305 327 334
307 326 420
309 410 426
310 342 344
313 340 356
314 373 426
318 379 405
319 328 347
321 391 418
331 350 372
331 351 365
333 397 431
334 375 423
334 397 431
335 339 379
335 339 398
335 391 416
340 358 359
341 412 435
342 356 377
353 357 396
356 379 412
357 396 440
366 430 435
373 400 426
