0 18 72 94 152 204 232 269 301 321 341 343 398 425 445
1 4 48 105 107 161 249 261 262 265 275 282 293 389 403
2 3 19 83 97 223 250 254 279 300 357 366 380 401 436
3 8 25 42 65 139 268 271 324 386 390 392 396 434 442
3 25 42 75 79 88 97 111 155 167 256 383 401 434 444
4 16 59 69 93 97 207 227 285 296 305 306 403 413 445
5 6 11 48 52 118 136 150 190 194 203 289 369 387 437
5 6 29 48 117 136 144 150 160 163 257 262 281 338 394
6 7 75 198 199 203 226 230 282 314 385 388 401 414 437
8 49 82 110 135 168 252 257 266 343 351 355 384 389 406
9 11 48 52 107 156 194 207 223 241 255 304 323 350 370
11 14 30 155 216 232 256 313 332 364 378 398 402 415 444
11 52 59 65 99 117 263 270 287 355 361 381 423 439 448
12 37 125 174 193 226 228 254 263 302 360 411 430 439 446
14 17 102 106 145 156 185 248 270 352 354 378 386 418 424
14 67 72 111 153 181 218 235 255 264 290 304 347 371 418
16 30 148 213 231 235 239 281 293 305 347 364 367 387 399
17 34 45 72 116 185 218 286 328 348 369 381 400 412 449
18 26 45 85 166 171 208 212 264 269 327 337 379 380 428
23 24 51 154 168 185 196 202 205 209 225 267 343 377 431
23 48 155 204 244 277 282 296 343 346 374 377 381 390 430
26 70 76 114 149 233 238 260 270 319 351 362 427 432 438
27 45 62 82 88 188 220 241 245 281 348 379 426 444 449
29 70 79 112 152 163 211 263 288 320 345 357 414 431 441
30 37 72 76 101 115 118 171 212 275 314 364 369 398 408
32 37 66 177 180 190 214 218 221 316 350 354 404 408 433
32 83 105 109 153 155 171 204 292 340 343 357 374 431 436
34 35 47 88 100 135 174 179 186 191 218 243 256 292 402
34 40 41 99 104 136 218 223 227 273 297 306 335 405 442
34 98 111 133 147 225 258 284 309 320 341 355 391 412 437
37 49 87 89 135 138 197 211 233 234 381 385 388 440 446
41 59 154 159 197 261 262 267 298 318 368 380 405 436 445
41 64 95 129 138 152 157 179 190 253 301 321 342 353 420
46 48 57 64 71 104 128 219 220 277 291 302 330 335 373
55 57 79 93 97 165 201 219 239 286 296 373 383 407 425
58 101 113 122 162 179 190 217 229 335 363 375 396 406 429
59 85 96 133 177 204 211 218 240 262 266 318 320 332 394
68 80 120 164 196 216 234 283 333 341 342 355 364 397 422
81 97 110 113 136 137 139 159 273 299 300 370 387 401 418
104 117 130 221 223 231 241 258 259 263 307 347 365 369 405
0 32 73 185 199 249 286 308 396 417
0 32 132 151 163 214 245 324 396 443
1 55 71 97 134 183 225 274 282 293
2 16 24 128 133 139 141 185 297 300
2 21 101 155 235 239 397 403 423 429
3 71 74 97 105 151 158 222 349 370
4 15 68 76 224 310 342 356 412 423
4 54 68 212 271 276 285 327 388 395
5 26 44 81 85 157 208 264 317 408
5 41 103 130 172 243 291 302 369 449
6 65 67 204 220 243 257 343 371 449
6 95 167 217 269 326 340 363 369 448
8 144 163 185 196 229 357 375 377 381
8 183 205 252 270 314 319 386 406 442
9 21 165 207 248 260 328 346 362 424
10 82 98 150 281 346 372 394 419 438
11 24 52 95 96 133 153 284 332 445
11 29 30 117 121 244 273 322 353 430
17 23 54 57 58 90 166 261 380 424
21 92 108 161 235 324 335 344 352 388
22 44 75 143 207 250 303 311 361 424
23 40 76 162 187 270 296 329 424 438
26 65 310 313 329 347 351 427 438 444
27 30 70 136 191 228 244 254 368 382
28 39 110 202 209 273 295 336 416 437
28 50 150 158 166 169 212 309 327 396
29 31 42 48 79 165 262 340 383 386
29 170 201 236 273 322 332 339 340 403
30 48 104 139 191 222 338 376 382 400
34 81 193 218 225 275 297 354 361 407
38 66 72 79 165 178 301 320 392 429
38 69 169 177 211 215 298 317 411 420
39 68 181 253 257 290 300 351 364 432
40 189 217 221 223 230 231 347 363 449
41 74 82 167 178 231 280 339 348 350
41 172 254 257 275 333 351 369 430 433
42 150 169 246 272 305 358 376 383 399
44 56 84 231 262 265 313 347 408 410
46 68 135 222 274 307 310 329 438 446
46 120 138 147 176 179 244 277 368 370
46 152 163 214 270 323 324 335 417 441
48 91 128 177 191 284 334 355 375 382
49 104 161 207 220 233 241 330 352 378
50 97 103 119 189 273 296 415 422 441
51 122 125 157 164 174 228 265 371 418
53 65 107 114 133 156 207 360 361 439
54 87 90 91 171 212 214 290 323 388
56 100 168 187 195 222 248 256 299 334
58 124 201 210 242 305 312 323 376 414
58 155 157 242 251 314 321 324 385 408
59 175 203 240 267 307 316 394 438 446
60 87 111 257 316 323 350 354 394 433
62 172 178 260 333 339 344 386 415 441
64 179 187 248 280 327 348 391 401 420
72 74 82 105 128 161 181 190 229 348
77 138 157 234 251 260 283 310 351 449
77 231 234 266 280 283 419 427 438 440
79 158 165 174 196 231 305 313 342 347
84 124 140 207 210 231 241 323 347 418
87 164 233 266 319 348 355 360 427 436
90 94 160 202 226 269 282 293 363 416
92 95 143 244 249 298 300 301 366 432
105 124 192 217 218 346 359 363 415 431
113 214 226 239 282 356 360 412 415 438
132 154 249 275 336 361 368 403 405 437
138 160 206 231 269 298 339 350 382 437
189 190 197 208 230 247 251 261 303 404
5 6 11 48 52 117 136 150 369
11 52 65 107 133 156 207 361 439
34 81 136 218 223 227 273 297 335
79 93 97 165 201 239 296 305 383
2 3 83 97 155 357 401 436
5 6 11 29 48 117 136 150
5 6 48 117 136 150 257 369
8 168 185 196 205 267 343 377
11 48 52 136 194 207 223 370
11 52 59 65 133 207 361 439
11 52 59 65 133 355 361 439
23 155 204 343 346 374 377 431
30 48 104 136 139 191 338 382
30 101 155 171 314 364 398 408
34 41 104 136 218 223 369 405
40 217 218 221 223 347 363 449
41 154 261 262 275 368 405 436
48 57 79 165 219 296 373 383
48 105 155 204 282 343 346 374
49 87 135 211 233 234 266 440
59 96 133 204 262 318 332 445
59 154 261 262 368 403 405 445
70 149 233 266 319 351 427 438
77 234 251 260 283 310 351 427
77 234 260 283 310 351 427 438
81 97 136 223 273 300 370 401
83 105 155 204 343 346 374 431
124 207 210 231 305 323 347 418
130 221 223 231 241 347 369 449
154 249 261 262 275 368 403 405
155 204 244 343 357 374 377 381
156 207 241 255 304 323 370 418
217 218 221 223 347 363 369 449
217 221 223 231 347 363 369 449
0 32 163 214 324 396 417
1 4 97 105 282 293 403
1 154 249 261 262 275 403
3 25 42 79 88 392 434
3 25 42 79 383 386 434
3 25 42 79 386 392 434
3 25 42 97 139 401 434
3 25 42 155 324 390 434
3 83 97 105 155 357 436
5 6 48 136 150 160 437
5 6 48 136 150 203 394
5 6 48 136 150 281 387
5 41 172 243 257 369 449
8 185 196 343 357 377 381
8 252 266 319 351 355 406
8 252 270 319 351 355 406
11 14 48 52 156 255 304
11 29 30 48 117 136 244
11 29 30 48 117 244 430
11 29 30 117 136 244 273
11 30 48 118 136 369 387
11 48 52 117 136 223 369
11 48 52 117 223 241 369
11 48 52 136 194 223 369
11 48 52 136 194 370 387
11 48 52 156 190 194 350
11 48 52 190 194 350 437
11 48 52 194 223 241 369
11 48 52 194 241 369 387
11 48 52 194 241 370 387
11 52 59 96 133 332 445
11 52 65 156 270 361 439
11 52 117 223 241 263 369
11 52 117 263 369 381 448
14 72 181 235 290 347 364
16 93 97 165 207 296 305
16 93 97 165 239 296 305
16 93 97 239 296 305 403
18 45 72 171 212 264 269
18 72 171 204 269 343 398
26 65 114 270 351 427 438
26 65 270 329 351 427 438
26 76 260 310 351 427 438
26 76 270 329 351 427 438
26 76 310 329 351 427 438
26 85 171 208 212 264 408
29 30 48 117 136 281 338
30 48 191 222 244 376 382
32 105 153 204 218 292 431
34 111 133 218 225 320 412
35 174 216 256 313 332 402
37 66 72 190 214 218 408
37 72 76 171 212 214 408
37 72 76 218 275 369 408
37 72 101 118 190 369 408
37 87 214 316 350 354 433
37 190 218 221 369 408 433
40 104 218 221 223 347 405
40 104 221 223 231 347 405
41 59 99 218 227 306 405
41 104 130 223 231 369 405
41 159 231 262 298 380 405
48 104 128 161 220 330 335
48 104 161 207 220 241 330
48 105 155 204 340 343 374
49 87 135 233 234 266 355
49 87 135 233 234 355 381
49 135 233 234 266 351 355
52 59 96 133 318 332 445
58 124 210 231 305 323 347
59 96 159 262 318 380 445
68 234 283 333 351 355 364
72 76 101 118 150 212 369
77 234 266 283 351 427 438
79 97 155 219 239 296 383
79 165 174 231 263 342 347
87 164 233 234 266 355 427
87 214 316 323 350 354 433
93 97 201 239 296 305 403
95 152 269 301 321 343 445
99 104 117 136 223 273 405
104 117 136 223 259 369 405
104 218 221 223 347 369 405
111 218 316 350 354 394 433
111 255 290 304 323 347 418
154 249 261 262 298 368 405
155 204 343 357 374 377 431
156 207 248 352 378 418 424
160 202 226 269 282 416 437
177 218 316 350 354 394 433
196 231 305 313 342 347 364
207 223 241 255 304 323 347
207 241 255 304 323 347 418
0 32 163 185 396 417
0 152 163 214 324 417
1 48 71 105 282 293
1 71 97 105 282 293
2 3 97 139 300 401
3 25 42 65 434 444
3 79 97 155 357 401
3 97 139 300 370 401
3 97 223 300 370 401
4 16 97 293 305 403
4 48 107 161 207 403
4 59 261 262 403 445
4 261 262 389 403 445
5 6 243 257 369 449
6 11 52 65 117 448
6 11 52 95 190 369
6 11 52 95 369 448
6 11 52 117 369 448
6 48 204 220 257 343
6 48 204 257 262 394
6 95 190 217 363 369
6 95 269 340 343 369
6 118 203 314 369 437
6 136 190 203 230 437
6 136 203 230 401 437
6 136 203 387 401 437
6 160 226 269 282 363
6 160 226 269 282 437
6 243 257 343 369 449
8 49 135 343 355 381
8 49 266 343 355 436
8 65 257 343 351 355
8 65 270 324 386 442
8 82 168 252 386 406
8 163 185 229 375 396
8 168 205 252 343 406
8 168 205 252 386 406
8 270 314 324 386 442
11 14 52 153 255 304
11 29 30 273 322 332
11 29 117 244 263 430
11 30 48 117 136 369
11 30 48 117 369 430
11 30 48 155 244 430
11 30 118 364 369 387
11 30 118 364 369 398
11 48 52 117 355 381
11 48 52 117 369 381
11 48 52 190 284 437
11 48 52 284 355 437
11 48 117 244 381 430
11 48 117 369 381 430
11 48 155 244 381 430
11 52 59 133 207 445
11 52 99 117 136 223
11 52 99 117 223 263
11 52 133 284 355 437
11 52 133 355 361 437
11 99 117 136 223 273
11 117 244 263 381 430
11 117 263 369 381 430
11 117 263 381 430 439
14 17 72 185 218 418
14 17 185 218 354 418
14 30 72 232 364 398
14 30 72 235 347 364
14 30 313 347 364 444
14 111 155 256 332 444
14 218 256 332 402 415
16 59 133 207 227 445
16 97 239 293 305 387
16 97 239 293 305 403
16 165 207 231 305 347
16 165 231 239 305 347
16 235 239 293 305 403
18 72 115 171 212 398
18 72 171 212 269 398
23 185 196 343 377 381
23 202 225 282 343 377
29 42 48 150 262 383
29 48 136 150 262 383
29 79 163 211 262 320
29 79 165 201 340 383
29 163 211 262 320 394
29 211 262 320 332 394
30 37 48 118 275 369
30 37 48 275 369 430
30 37 254 275 369 430
30 37 275 369 408 430
30 48 104 117 136 338
30 48 104 117 136 369
30 48 136 191 244 382
30 72 115 232 364 398
30 72 347 364 369 408
30 101 155 235 239 364
30 104 117 231 347 369
30 155 171 364 398 415
30 155 313 364 398 408
30 231 305 313 347 364
30 231 313 347 364 408
30 231 347 364 369 387
30 231 347 364 369 408
34 40 41 218 223 449
34 41 218 223 369 449
34 41 218 243 369 449
34 41 218 275 297 405
34 41 218 275 369 405
34 41 218 348 369 449
34 45 88 218 348 449
34 72 111 218 320 412
34 72 111 320 341 412
34 99 218 297 361 405
34 104 191 218 376 400
34 104 191 338 376 400
34 104 223 258 369 405
34 133 185 218 225 297
34 133 185 218 225 412
34 133 218 225 297 361
34 133 225 355 361 437
34 185 218 225 297 354
34 218 275 297 361 405
35 174 218 256 332 402
37 66 72 212 214 408
37 72 76 214 218 408
37 72 190 218 369 408
37 87 171 212 214 388
37 218 275 354 408 433
37 218 275 369 408 433
37 254 263 302 369 430
37 254 275 369 430 433
37 263 381 430 439 446
37 275 369 408 430 433
40 41 104 223 231 405
40 217 218 223 273 335
40 217 218 223 335 363
40 218 223 335 363 442
41 59 93 227 306 445
41 59 218 262 318 405
41 59 227 306 405 445
41 64 104 291 302 335
41 64 152 179 190 335
41 64 179 190 348 420
41 64 179 280 321 420
41 64 179 280 348 420
41 74 82 190 348 350
41 95 138 298 301 420
41 95 152 301 321 445
41 103 130 231 369 449
41 104 130 291 302 369
41 130 223 231 369 449
41 136 159 262 368 405
41 138 157 190 253 351
41 138 231 298 339 350
41 172 254 302 369 430
41 172 257 351 369 449
41 180 190 218 350 433
42 48 79 155 340 383
42 79 97 165 305 383
42 79 155 167 340 383
45 72 82 348 400 449
45 72 171 212 269 369
48 57 219 277 296 373
48 79 155 219 296 383
48 104 117 136 223 369
48 104 117 223 241 369
48 104 128 139 191 382
48 107 161 194 207 241
48 117 150 281 346 394
48 117 244 346 381 430
48 128 177 190 284 375
48 136 150 160 191 338
48 136 160 191 338 382
48 144 163 375 377 381
48 249 275 282 403 437
49 82 104 161 220 241
49 87 135 257 266 355
49 87 233 266 355 436
49 135 138 233 234 351
51 110 168 202 209 343
51 125 174 193 228 302
54 90 166 171 212 380
54 166 171 212 327 380
55 57 71 97 219 373
58 124 217 231 347 363
58 157 190 251 321 408
59 85 96 262 318 380
59 85 261 262 318 380
59 96 262 332 403 445
59 97 159 380 436 445
59 99 117 263 361 405
59 133 177 266 320 355
59 154 361 368 403 405
59 175 240 267 318 394
59 177 211 262 298 318
59 177 218 240 316 394
59 197 211 262 298 318
59 204 262 266 318 436
59 204 262 318 436 445
59 227 306 403 405 445
59 240 262 267 318 394
65 114 156 270 361 439
65 133 355 360 361 439
65 263 355 360 361 439
65 310 347 351 444 449
67 72 153 204 218 371
67 72 153 204 343 371
67 72 204 218 371 449
67 72 204 343 371 449
67 72 218 347 371 449
67 111 181 257 290 371
67 204 218 243 371 449
68 76 310 329 351 438
68 76 310 356 412 438
68 135 234 310 351 438
68 135 234 310 438 446
68 135 310 329 351 438
68 234 283 310 351 438
68 257 333 351 355 364
70 76 149 187 270 438
70 152 163 263 270 441
71 220 277 291 302 449
72 101 118 150 190 369
72 101 190 229 406 429
72 105 153 171 204 343
72 105 181 190 218 348
72 152 204 301 320 341
72 171 212 264 275 408
72 171 212 269 369 398
72 171 269 343 369 398
72 185 343 369 381 449
74 206 231 280 339 350
74 206 231 339 350 382
75 155 282 314 385 401
76 260 270 362 424 438
77 138 231 234 283 440
77 138 231 234 283 449
79 97 111 155 219 383
79 97 111 219 373 383
79 165 231 239 305 347
79 165 231 262 313 347
81 97 136 223 227 273
81 97 223 279 300 401
81 136 139 273 297 300
81 136 223 273 297 300
81 218 264 275 408 433
81 218 275 354 408 433
82 231 241 281 348 449
82 231 266 280 419 438
85 204 211 218 320 431
87 233 234 266 427 440
90 166 171 212 269 380
95 138 152 269 301 321
95 138 179 244 301 353
96 133 153 204 218 332
96 133 153 204 332 445
96 133 177 284 320 332
97 136 207 223 227 306
97 136 223 227 273 306
97 136 223 254 300 401
97 155 239 282 296 403
97 155 239 282 296 415
97 159 300 380 401 436
97 159 380 401 436 445
97 227 273 296 306 403
99 104 117 223 263 405
100 187 191 222 256 334
101 155 235 239 364 397
104 136 139 273 297 442
104 136 207 223 227 306
104 161 220 330 335 352
104 207 223 231 241 347
110 136 273 387 401 437
111 133 218 320 332 394
113 162 179 190 301 429
114 233 319 360 427 438
117 244 263 346 381 430
124 210 242 305 323 418
130 221 231 347 369 408
135 233 234 266 351 438
135 233 234 266 438 440
135 233 234 438 440 446
136 228 244 368 370 382
138 157 234 283 310 342
152 190 214 335 433 441
152 204 211 320 357 431
152 214 323 335 433 441
153 204 292 343 436 445
154 249 298 368 405 437
155 204 232 321 343 398
156 207 241 352 378 418
159 231 262 347 380 405
163 185 196 357 377 431
163 214 324 335 396 417
164 234 266 283 355 427
167 217 231 269 363 369
172 275 333 430 433 441
179 190 217 218 335 363
185 196 343 357 377 431
189 190 217 221 230 363
190 214 218 316 335 433
190 217 218 221 363 369
196 231 234 283 342 364
207 223 231 241 323 347
207 223 231 241 323 350
213 231 262 281 293 347
218 223 255 290 304 347
223 255 290 304 323 347
226 228 244 254 263 430
231 235 305 347 387 418
231 241 259 347 369 387
233 234 260 351 427 438
233 234 266 351 355 427
233 234 266 351 427 438
233 234 266 427 438 440
233 266 319 351 355 427
233 266 319 360 427 438
233 270 319 351 355 427
234 266 283 351 355 427
257 275 333 351 364 369
0 1 192 233 319
0 16 185 218 297
0 16 214 218 297
0 32 132 249 396
0 32 185 218 286
0 61 147 188 199
0 72 76 214 218
0 72 185 218 286
0 72 185 286 308
1 102 154 248 315
1 225 275 282 293
2 16 97 139 300
2 16 97 239 403
2 16 235 239 403
2 19 223 297 300
2 97 155 239 403
3 74 280 322 341
3 75 97 250 401
3 97 139 222 370
3 97 256 380 401
3 97 300 349 370
3 151 158 370 396
4 48 207 296 403
4 48 282 296 403
4 97 282 296 403
5 6 160 226 437
5 6 203 226 437
5 6 257 281 449
5 41 136 190 369
5 41 136 257 262
5 41 136 257 369
5 44 85 262 408
5 48 291 302 369
5 118 190 369 408
5 157 190 208 408
6 29 48 262 340
6 48 160 262 282
6 48 160 282 437
6 48 203 282 437
6 48 204 262 282
6 48 204 262 340
6 48 204 282 343
6 48 204 340 343
6 48 220 257 281
6 48 257 343 369
6 48 340 343 369
6 77 84 140 193
6 190 217 230 363
6 194 203 385 437
6 204 269 282 343
6 204 269 340 343
6 217 230 363 449
6 217 363 369 449
6 220 257 281 449
6 226 230 282 363
7 56 104 310 378
7 56 175 284 378
7 175 176 284 378
7 288 389 401 445
8 49 168 267 343
8 49 267 330 436
8 49 267 343 436
8 65 270 351 355
8 65 270 355 381
8 65 343 355 381
8 65 343 381 390
8 139 185 386 396
8 139 301 390 392
8 163 185 270 381
8 168 185 205 386
8 168 196 343 355
8 185 205 270 386
8 196 343 355 381
8 196 355 375 381
8 205 386 434 442
8 229 375 396 406
8 252 270 301 319
8 266 319 355 436
8 343 377 381 390
8 386 396 406 442
9 48 165 207 304
9 48 165 207 346
9 156 207 248 424
9 156 207 255 424
9 197 208 260 261
10 206 307 419 438
10 307 394 419 438
11 14 30 48 155
11 14 52 153 332
11 14 52 156 270
11 14 153 155 332
11 14 156 270 378
11 30 136 273 387
11 30 273 332 415
11 48 136 244 370
11 48 190 284 375
11 48 284 355 375
11 48 355 375 381
11 52 59 96 99
11 52 95 190 284
11 52 96 99 223
11 52 96 223 332
11 52 156 270 323
11 96 153 155 332
11 99 155 381 423
11 136 223 273 370
11 136 244 273 370
11 136 273 370 387
11 136 273 387 437
11 156 207 241 378
11 232 332 398 445
12 75 304 331 443
12 79 106 165 263
12 79 165 174 263
12 83 315 346 379
12 165 174 226 263
12 331 353 409 435
13 66 294 302 305
14 30 155 235 364
14 48 52 236 325
14 111 153 155 235
14 111 153 155 332
14 111 153 218 332
14 111 218 256 332
14 111 218 354 418
14 156 255 304 418
14 156 255 418 424
14 232 236 332 415
16 59 133 218 227
16 59 218 227 306
16 97 139 300 387
16 133 185 218 297
16 133 218 227 297
16 143 165 207 424
16 165 207 296 424
16 218 227 297 306
16 239 296 305 367
17 23 185 270 381
17 23 185 270 424
17 34 185 218 354
17 185 248 328 348
17 185 248 328 424
18 72 115 232 398
18 72 152 264 269
18 72 204 343 449
18 85 171 204 269
18 89 115 232 236
18 152 179 301 321
18 152 264 269 380
18 152 269 380 445
19 297 300 308 346
19 297 300 308 361
20 126 257 343 384
21 101 235 335 429
21 207 248 352 424
22 44 160 303 311
23 48 57 64 277
23 48 57 277 296
23 48 261 282 377
23 90 202 226 282
23 120 226 244 282
23 120 244 277 282
23 154 261 267 377
23 154 261 267 380
23 202 226 282 438
23 205 277 343 377
23 226 244 282 430
23 282 296 346 438
23 296 346 424 438
24 95 133 141 300
24 95 153 343 445
24 133 185 225 297
24 154 267 343 445
25 155 216 256 444
26 44 264 347 408
26 44 313 347 408
26 76 171 212 380
26 76 171 212 408
26 157 260 310 351
27 75 184 278 361
28 155 219 317 411
29 30 70 136 244
29 48 79 163 262
29 48 117 257 430
29 48 236 340 403
29 48 262 340 403
29 70 244 263 357
29 79 165 262 320
29 79 165 263 320
29 79 340 357 431
29 211 320 332 441
29 262 332 340 403
29 273 332 339 441
30 37 228 254 430
30 48 104 369 400
30 48 136 139 387
30 48 136 281 387
30 48 281 293 387
30 72 101 235 364
30 104 117 136 273
30 104 136 139 273
30 117 231 281 347
30 124 231 305 347
30 136 139 273 387
30 155 239 364 415
30 228 244 254 430
30 281 347 364 444
32 37 171 214 408
32 80 129 253 291
32 163 185 357 431
32 185 343 357 431
34 41 179 218 243
34 41 179 218 335
34 41 179 218 348
34 47 81 218 335
34 47 179 218 335
34 72 218 275 369
34 88 111 218 256
34 88 179 218 348
34 88 218 243 449
34 99 218 328 381
34 99 218 361 381
34 99 355 361 381
34 104 136 191 218
34 104 136 191 338
34 104 218 369 400
34 104 258 369 400
34 111 218 225 354
34 133 218 227 297
34 136 203 369 437
34 136 273 405 437
34 136 369 405 437
34 191 218 376 402
34 218 225 376 402
34 225 275 361 437
34 258 369 400 412
34 258 369 405 437
34 258 369 412 437
34 275 361 405 437
34 275 369 405 437
34 348 355 381 412
34 348 355 391 412
35 148 246 362 399
36 54 197 200 388
37 48 118 190 369
37 48 177 190 350
37 48 302 369 430
37 48 369 381 430
37 72 115 369 381
37 72 218 369 381
37 87 233 360 446
37 125 193 197 446
37 135 211 218 381
37 171 212 314 388
37 174 254 430 433
37 177 211 218 318
37 193 218 275 354
37 193 254 275 430
37 211 263 381 446
37 211 263 411 446
37 226 314 385 388
37 226 385 388 446
37 263 369 381 430
38 60 72 169 301
38 72 76 150 169
38 169 298 301 420
39 110 257 300 351
40 41 138 231 449
40 41 223 231 449
40 71 104 277 335
40 71 138 277 449
40 99 270 335 442
40 162 217 335 363
40 189 217 223 273
40 227 273 296 306
41 64 129 253 291
41 67 164 333 355
41 67 218 243 449
41 67 243 257 449
41 67 257 333 355
41 82 231 280 419
41 82 231 348 449
41 82 257 351 355
41 82 257 351 449
41 93 205 419 442
41 93 227 306 442
41 95 298 301 445
41 136 159 273 405
41 136 190 218 335
41 136 190 218 369
41 136 218 262 405
41 136 223 254 369
41 136 254 257 369
41 138 157 351 449
41 138 197 298 368
41 152 159 380 445
41 152 190 335 433
41 164 333 342 355
41 164 348 355 436
41 167 231 348 369
41 172 178 333 339
41 179 190 218 335
41 179 190 218 348
41 190 218 335 433
41 190 218 348 350
41 190 218 348 369
41 190 218 369 433
41 190 351 369 433
41 218 262 275 405
41 218 275 369 433
41 223 231 380 405
41 223 254 380 436
41 223 380 405 436
41 231 348 369 449
41 254 275 368 436
41 254 368 380 436
41 257 333 351 355
42 48 139 386 390
42 48 150 376 383
42 79 165 386 392
43 66 122 219 245
44 84 207 231 347
44 84 208 408 410
44 116 198 232 340
45 88 264 379 426
45 241 348 369 449
46 48 71 104 222
46 48 71 222 370
46 48 71 277 370
46 48 163 323 335
46 48 222 244 370
46 48 244 277 370
46 57 64 128 240
46 64 71 138 277
46 64 138 152 179
46 64 138 179 277
46 64 152 179 335
46 64 179 277 335
46 68 120 222 446
46 71 138 277 370
46 104 222 307 310
46 120 222 244 370
46 135 138 176 179
46 135 138 310 446
46 240 307 438 446
47 81 218 335 433
47 81 335 433 444
47 88 256 402 444
48 64 128 190 335
48 71 105 222 370
48 91 191 244 382
48 104 136 207 223
48 104 136 223 335
48 104 207 223 241
48 104 291 302 369
48 105 128 161 190
48 105 128 334 346
48 105 155 282 403
48 105 155 340 403
48 105 161 190 261
48 105 204 262 282
48 105 204 262 340
48 105 262 340 403
48 105 275 282 346
48 105 282 343 389
48 117 144 163 381
48 117 257 369 430
48 118 275 369 437
48 128 161 190 335
48 128 190 335 375
48 136 139 370 382
48 136 139 370 387
48 136 150 383 387
48 136 160 382 437
48 136 244 370 382
48 139 222 370 382
48 150 191 338 376
48 155 219 277 296
48 155 282 296 403
48 160 257 350 394
48 160 262 281 293
48 160 262 282 293
48 160 350 382 437
48 163 257 323 394
48 165 207 296 346
48 177 204 262 394
48 191 222 334 382
48 204 220 277 343
48 204 257 343 430
48 222 244 370 382
48 257 262 275 389
48 257 275 369 430
48 257 323 350 394
48 257 343 355 389
48 257 343 369 430
48 275 282 346 430
48 284 355 382 437
48 343 369 381 430
49 82 135 168 385
49 82 220 257 343
49 87 197 233 436
49 161 233 352 388
49 161 233 385 388
49 197 267 405 436
51 69 125 193 197
51 110 168 343 384
51 110 358 384 392
52 59 131 175 318
52 138 190 350 437
54 68 212 290 388
54 91 212 388 395
54 171 212 327 388
55 57 71 97 293
55 57 97 239 293
55 79 165 231 239
55 97 239 282 293
55 97 239 282 296
56 82 104 231 258
56 82 175 258 284
56 104 231 258 347
56 115 183 314 442
57 93 219 220 373
58 101 155 314 408
58 122 157 179 190
58 157 179 190 321
58 159 231 347 380
58 242 314 385 414
59 69 177 211 298
59 69 197 211 298
59 69 197 298 445
59 99 218 361 381
59 99 218 361 405
59 117 240 262 394
59 117 240 263 307
59 117 240 307 394
59 117 263 307 405
59 197 211 381 446
59 204 211 218 381
59 211 240 263 320
59 211 240 263 446
59 211 240 394 446
59 211 263 381 446
59 240 263 307 446
59 240 266 394 438
59 263 381 439 446
60 61 147 188 289
61 165 304 327 428
62 82 178 339 348
62 82 178 339 386
63 187 299 370 416
64 95 179 391 420
64 179 248 342 420
65 67 181 257 371
65 67 181 347 371
65 67 257 343 355
65 67 347 371 449
65 91 263 355 439
65 114 360 427 438
65 204 343 381 390
65 204 343 381 449
65 220 243 291 449
65 257 343 351 449
65 268 291 324 392
65 270 351 355 427
66 72 190 301 429
68 76 351 364 432
68 76 351 432 438
68 80 253 342 364
68 120 234 397 446
68 135 234 351 355
68 135 234 388 446
68 135 257 351 355
68 135 310 356 438
68 181 253 342 364
68 234 283 310 342
68 341 342 355 412
68 342 355 397 423
68 342 355 412 423
69 97 207 305 418
69 207 305 362 418
69 246 305 362 418
70 76 149 270 423
70 112 254 263 357
70 149 172 260 351
70 149 172 266 351
70 149 172 266 423
70 149 176 187 438
70 211 266 320 345
70 228 244 254 263
70 244 254 263 357
71 134 145 303 367
72 74 82 178 348
72 76 150 169 212
72 76 214 218 412
72 76 218 369 412
72 76 314 369 412
72 79 111 152 320
72 79 111 181 347
72 79 152 301 320
72 79 152 301 425
72 79 165 286 425
72 79 165 301 425
72 82 161 348 400
72 82 190 229 406
72 105 153 181 218
72 105 153 204 218
72 111 152 320 341
72 116 314 369 412
72 128 185 229 348
72 152 190 301 321
72 153 171 264 290
72 153 204 343 445
72 165 301 398 425
72 171 212 214 290
72 171 212 264 290
72 171 212 290 364
72 185 229 348 381
72 190 218 348 369
72 204 218 381 449
72 204 343 381 449
72 218 264 275 408
72 218 264 347 408
72 218 347 369 408
72 218 347 369 449
72 232 341 364 398
72 314 321 398 408
73 96 152 159 380
74 206 228 370 382
74 206 350 370 382
75 97 155 282 401
76 214 356 412 438
76 252 270 314 319
76 252 270 319 351
76 275 351 364 369
77 103 231 279 395
77 111 219 245 373
78 116 295 314 412
79 97 158 165 305
79 97 383 425 444
79 155 256 313 444
79 155 340 357 431
79 163 196 357 431
79 165 178 386 392
79 181 263 342 347
79 181 263 342 435
79 288 357 401 414
81 85 218 264 408
81 97 113 273 415
81 97 223 227 279
81 113 136 273 335
81 136 218 273 418
81 193 218 264 275
81 218 223 227 290
81 218 264 290 418
81 223 227 279 290
81 223 279 290 300
82 88 167 348 444
82 98 258 284 355
82 104 128 161 220
82 104 161 241 258
82 104 161 258 400
82 104 231 241 258
82 110 168 209 343
82 128 161 220 348
82 135 266 351 438
82 150 257 281 394
82 161 194 241 258
82 161 194 258 385
82 161 220 241 348
82 168 209 385 386
82 181 252 257 351
82 220 257 281 449
82 220 257 343 449
82 231 241 348 350
82 231 266 280 348
82 231 281 419 438
82 257 343 351 449
82 266 394 419 438
83 171 357 380 436
83 250 357 374 436
83 340 357 366 436
84 92 140 208 366
84 92 208 246 410
84 231 265 347 418
85 166 208 261 380
85 168 202 389 431
85 168 266 351 389
85 177 218 262 408
85 211 320 332 441
85 211 320 431 441
87 109 375 413 421
87 111 257 290 323
87 233 348 355 381
88 110 264 291 392
88 155 256 292 402
88 155 256 292 434
88 155 256 402 444
88 167 348 401 444
88 174 276 287 395
88 220 243 291 449
90 91 158 439 447
90 214 226 282 388
91 244 263 300 357
93 97 296 425 445
93 217 220 329 341
94 202 269 282 343
94 204 269 282 343
95 96 133 211 332
95 138 152 211 420
95 138 211 298 420
95 138 244 298 301
95 138 269 298 301
95 141 272 343 369
95 144 186 317 388
95 179 190 217 363
95 211 298 317 420
95 253 300 301 432
95 269 298 301 445
96 99 155 242 328
96 152 159 380 445
96 152 204 211 320
96 153 155 204 332
96 155 332 403 429
96 200 223 279 332
96 262 332 403 410
96 332 403 410 429
97 105 155 282 403
97 105 155 282 415
97 113 239 282 415
97 136 137 273 306
97 136 207 223 370
97 136 207 370 418
97 136 383 387 401
97 139 222 299 370
97 155 256 415 444
97 201 273 296 403
97 207 223 250 306
97 239 282 293 403
97 239 305 383 387
98 111 133 320 394
100 135 168 222 256
100 135 191 222 256
100 179 187 191 256
100 179 187 248 256
101 190 217 363 369
104 130 263 302 369
105 155 171 415 431
105 155 282 346 415
105 155 346 415 431
105 190 217 218 363
105 190 217 229 363
105 204 218 346 431
105 204 262 340 436
105 217 340 363 431
105 261 262 275 436
105 282 346 363 415
106 165 248 386 424
107 114 156 207 350
107 249 275 361 403
108 112 160 191 254
110 168 202 343 389
110 202 226 416 437
110 273 299 370 416
111 133 153 218 332
111 133 153 284 332
111 133 284 320 332
111 218 255 304 350
111 242 264 290 418
111 242 290 323 418
111 255 304 323 350
112 191 198 310 329
113 136 190 299 387
113 139 162 301 390
113 139 162 390 396
113 190 214 335 396
113 226 282 363 415
114 207 233 260 362
114 233 427 438 440
117 160 231 262 281
117 163 263 270 381
117 169 240 263 346
117 195 248 334 346
117 195 334 346 353
117 231 241 281 347
117 231 262 281 347
117 231 262 347 405
117 244 346 353 430
118 275 314 369 437
119 146 220 288 337
120 138 234 283 342
120 222 244 248 376
124 217 218 347 363
125 157 174 228 430
125 164 174 228 360
125 174 228 265 411
128 133 177 284 355
128 139 210 297 346
128 139 297 300 346
128 161 190 229 335
128 190 229 335 375
130 206 224 382 408
130 206 231 382 408
133 177 284 320 355
133 204 320 332 426
134 157 356 408 430
134 198 232 236 415
135 138 234 310 351
135 138 234 310 446
135 191 222 310 329
136 160 191 254 382
136 244 273 300 370
136 259 315 383 387
138 157 190 251 321
138 157 190 251 351
138 157 234 251 385
138 157 251 321 385
138 197 233 234 260
138 197 234 251 260
138 197 234 251 385
138 206 350 370 382
138 231 234 283 342
138 233 234 260 351
138 244 298 368 382
138 244 368 370 382
138 298 368 382 437
140 253 257 309 351
141 279 328 362 395
143 250 300 311 361
148 246 305 362 399
150 281 305 387 399
150 305 383 387 399
152 163 323 414 441
152 204 343 357 431
152 264 275 433 441
152 301 321 341 342
153 155 204 332 340
153 206 284 292 445
154 202 209 225 437
154 202 209 336 437
154 225 275 361 437
154 267 343 431 436
154 267 343 436 445
155 171 204 343 398
155 204 232 332 340
155 204 232 332 398
155 204 232 340 343
155 282 296 346 415
155 314 321 398 408
156 207 255 418 424
156 270 323 354 418
156 270 354 361 424
157 164 234 283 342
157 190 208 251 408
159 231 347 387 418
159 298 300 380 436
160 202 206 269 437
160 231 262 281 293
160 231 269 293 363
161 220 233 241 348
161 220 335 344 352
162 181 203 315 379
163 211 263 357 381
163 229 335 375 396
164 174 196 216 342
164 196 233 234 355
165 178 260 386 392
165 184 192 226 398
165 196 233 409 432
165 207 233 260 362
165 207 296 346 424
165 233 260 362 432
165 248 260 386 424
167 231 269 339 350
168 185 205 209 386
168 196 225 343 355
168 202 343 389 431
170 234 388 422 426
171 204 269 340 343
171 269 340 343 369
172 260 333 351 415
174 196 216 313 342
174 218 347 371 418
174 231 265 313 347
174 231 265 347 418
174 231 305 347 418
174 265 347 371 418
179 187 248 256 401
181 290 347 351 364
187 248 256 299 401
189 190 221 230 404
189 190 221 404 433
190 208 251 404 408
190 217 230 363 429
193 263 360 361 439
194 223 241 258 369
195 229 271 327 338
196 216 313 342 364
196 225 341 343 355
196 231 313 347 410
196 233 234 355 381
197 208 251 260 261
202 206 280 419 438
203 226 385 388 446
204 218 240 346 394
204 220 277 343 449
204 232 269 340 343
204 232 332 398 445
204 244 301 343 390
204 257 262 266 394
204 269 282 343 430
204 277 343 381 449
204 296 343 425 445
205 277 333 401 434
206 231 280 419 438
206 231 307 419 438
206 231 350 382 408
206 292 295 333 434
207 248 362 418 424
214 316 323 335 433
214 323 324 335 388
216 232 341 364 398
216 333 364 415 422
218 221 347 369 408
218 223 255 304 350
220 243 291 302 449
221 223 231 241 350
223 231 347 380 405
223 254 263 300 357
226 282 314 412 437
226 282 356 360 430
227 273 306 403 405
231 239 281 347 438
231 241 281 347 387
231 241 281 347 449
231 241 347 387 418
231 241 348 369 449
231 258 369 405 437
231 262 265 293 347
231 266 280 348 427
231 313 347 427 438
234 260 268 291 392
234 260 283 333 351
236 273 332 339 415
239 282 296 415 438
239 305 383 387 399
241 281 347 444 449
242 264 290 418 426
244 254 263 300 357
244 254 300 357 366
248 260 270 362 424
248 260 270 386 424
248 270 362 418 424
257 343 351 369 430
257 343 351 369 449
260 346 362 424 438
270 319 351 406 432
273 332 339 415 441
273 336 403 405 437
282 296 346 415 438
298 300 366 380 436
307 310 329 347 438
313 347 351 364 444
313 351 364 415 444
313 351 415 438 444
335 363 396 406 442
0 1 161 233
0 1 161 249
0 16 185 424
0 32 185 343
0 32 204 218
0 32 204 343
0 32 214 218
0 61 188 245
0 72 76 398
0 72 152 214
0 72 185 343
0 72 204 218
0 72 286 425
0 73 152 417
0 76 233 319
0 152 321 324
0 185 297 308
1 154 225 275
2 141 279 300
2 185 300 357
3 8 357 436
3 74 97 167
3 74 167 280
3 79 97 158
3 97 222 256
3 139 370 396
3 151 324 396
3 167 280 401
3 324 344 386
4 53 107 207
4 59 403 423
4 68 76 212
4 76 212 275
4 161 282 388
4 195 271 327
4 212 271 275
4 282 356 412
5 41 157 190
5 41 157 449
5 44 160 262
5 48 157 190
5 48 249 262
5 48 249 437
5 81 136 387
5 81 354 408
5 85 262 394
5 117 130 369
5 130 369 408
5 190 208 437
5 190 354 408
5 257 354 394
6 29 163 414
6 48 52 325
6 65 117 257
6 75 167 401
6 95 144 388
6 217 220 449
6 269 369 437
7 282 389 401
7 288 401 414
8 82 229 406
8 110 139 392
8 110 384 392
8 144 163 257
8 163 270 324
8 163 324 396
8 229 271 396
8 252 301 343
8 301 343 390
8 343 357 436
8 355 375 406
9 11 52 448
9 48 107 261
9 260 261 424
9 323 350 433
11 52 59 203
11 65 313 444
11 95 190 353
11 95 244 353
11 96 99 155
11 96 155 430
11 216 355 364
11 223 273 332
11 241 378 444
11 284 332 378
12 79 263 435
12 121 353 430
12 165 263 346
12 263 346 430
12 304 331 435
12 346 353 430
14 48 156 386
14 52 236 332
14 111 258 347
14 111 347 444
14 235 352 418
14 248 256 378
14 270 371 418
14 378 386 415
16 24 133 445
16 27 30 281
16 30 139 387
16 59 213 305
16 218 235 347
16 231 347 410
16 300 364 387
17 45 166 380
18 45 72 449
18 45 379 449
19 83 300 346
19 210 297 346
19 250 300 361
21 155 235 324
21 155 328 346
21 161 207 352
21 161 207 403
21 161 235 403
21 165 239 429
23 40 277 296
23 48 57 261
23 48 334 346
23 57 296 424
23 58 155 166
23 58 162 424
23 76 380 424
23 90 261 282
23 162 296 390
23 168 187 334
23 185 205 270
23 202 267 438
23 270 296 381
24 95 141 343
24 128 133 284
24 133 225 284
24 141 185 343
24 153 343 431
26 45 379 444
26 65 67 347
26 67 264 347
26 81 157 310
26 81 310 444
26 85 157 351
26 157 208 260
26 264 347 380
27 30 136 281
27 30 281 444
27 75 88 444
27 82 98 281
28 150 309 437
28 169 317 411
29 70 136 163
29 79 201 414
29 79 386 441
29 112 160 163
29 117 163 263
29 144 163 357
29 152 353 357
29 244 353 357
29 263 430 441
29 273 430 441
29 339 340 386
29 339 386 441
30 48 275 293
30 72 369 400
30 104 231 382
30 124 305 376
30 136 254 369
30 155 408 430
30 191 222 256
30 191 256 402
30 191 376 402
30 231 382 408
30 254 275 368
30 275 293 364
30 305 376 399
32 37 171 431
32 37 218 431
32 66 214 245
32 105 190 218
32 129 190 253
32 155 171 408
32 155 324 408
32 177 204 218
32 185 218 354
32 185 218 431
32 186 218 292
32 190 214 396
32 214 324 408
34 41 99 355
34 41 348 355
34 111 323 354
34 135 191 355
34 135 218 381
34 135 355 381
34 147 179 391
34 174 193 218
34 179 348 391
34 191 284 292
34 191 284 355
34 218 286 407
34 223 323 335
37 87 138 350
37 87 214 360
37 87 316 446
37 89 115 381
37 135 174 218
37 135 174 446
37 138 190 197
37 138 190 350
37 171 302 369
37 174 193 218
37 174 218 433
37 177 211 411
37 177 398 408
37 190 197 404
37 197 211 318
37 211 218 431
37 211 263 431
37 214 226 360
37 214 226 388
37 221 263 369
37 226 314 398
37 314 385 408
38 66 177 320
38 79 211 320
38 177 211 320
38 298 301 429
39 110 257 336
39 110 273 300
39 110 351 437
40 136 223 230
40 162 217 329
40 162 270 335
40 189 273 296
40 217 329 347
40 231 347 438
40 329 347 438
41 59 99 355
41 59 355 436
41 82 104 231
41 82 167 351
41 82 190 351
41 82 190 419
41 82 257 350
41 82 348 355
41 95 167 369
41 95 190 369
41 136 254 368
41 138 179 368
41 138 190 197
41 138 190 350
41 138 231 342
41 152 275 433
41 154 205 267
41 157 164 342
41 157 351 430
41 157 353 430
41 167 351 369
41 190 197 261
41 218 223 350
41 223 231 350
41 253 257 351
41 257 262 275
41 257 350 433
41 273 353 430
42 48 139 376
42 48 155 390
42 150 169 396
42 167 358 383
44 157 265 408
44 160 231 262
45 72 218 264
45 85 218 264
45 88 218 264
45 220 337 379
45 241 259 369
45 286 327 348
45 327 348 379
46 48 323 370
46 71 222 274
46 120 138 446
46 125 302 446
46 135 176 438
46 135 179 402
46 176 240 438
46 214 270 438
46 270 329 438
46 291 324 335
47 88 426 444
47 174 218 433
48 57 71 293
48 57 261 293
48 64 150 190
48 64 157 190
48 71 105 128
48 71 277 282
48 104 161 400
48 105 107 370
48 105 222 334
48 117 241 281
48 117 257 355
48 117 334 346
48 117 334 355
48 128 139 346
48 128 277 346
48 136 163 335
48 136 190 335
48 139 346 390
48 155 157 430
48 161 190 194
48 163 335 375
48 177 350 382
48 177 350 394
48 204 346 394
48 220 241 281
48 220 277 281
48 223 323 335
48 241 255 281
48 241 281 387
48 244 249 282
48 277 281 346
48 277 302 430
48 291 340 369
48 343 355 381
48 350 370 382
48 369 381 400
49 82 161 385
49 82 161 389
49 104 241 405
49 110 113 406
49 197 267 446
49 233 266 352
49 233 330 436
51 69 125 418
51 154 197 267
51 164 174 196
52 59 175 203
52 95 138 190
52 116 369 381
52 138 350 370
54 58 90 323
54 87 197 388
54 163 214 323
54 197 261 380
55 97 225 407
55 231 239 293
56 104 222 310
56 104 310 347
56 115 314 408
56 248 256 378
56 256 313 378
56 310 313 347
56 310 313 378
57 90 261 293
57 165 296 424
57 165 398 425
58 101 155 429
58 101 190 408
58 101 314 406
58 113 137 159
58 159 261 380
58 190 251 261
58 231 347 408
58 242 323 324
58 323 324 335
58 324 335 396
59 65 133 204
59 65 204 381
59 65 270 438
59 96 99 218
59 117 262 405
59 133 218 361
59 197 267 446
59 204 296 381
59 204 296 445
59 207 361 403
59 263 320 355
59 266 355 423
59 266 355 436
59 267 307 405
59 270 296 381
59 270 296 438
59 361 403 423
62 172 260 449
64 95 143 301
64 128 190 348
64 128 220 348
64 179 277 401
65 67 355 423
65 99 270 442
65 117 257 355
65 117 263 347
65 156 270 386
65 181 257 351
65 181 263 347
65 181 347 351
65 219 220 291
65 220 329 444
65 220 444 449
65 355 360 427
65 392 396 429
66 70 79 320
66 72 218 320
66 79 165 219
66 79 165 305
66 122 190 429
66 177 218 320
66 178 280 350
67 111 257 355
67 164 371 418
68 76 212 364
68 76 342 364
68 196 364 432
68 212 290 364
68 234 388 422
69 125 193 411
69 169 246 305
70 112 191 254
70 114 156 270
70 172 254 351
70 172 260 441
70 176 244 368
70 211 233 266
70 260 270 441
70 263 270 423
71 74 105 128
71 97 222 274
71 134 293 367
72 79 165 347
72 82 105 343
72 82 150 190
72 82 343 406
72 82 343 449
72 101 235 255
72 101 235 429
72 101 314 406
72 105 161 275
72 105 171 275
72 105 218 275
72 111 152 264
72 152 190 214
72 152 264 275
72 152 275 398
72 161 181 235
72 165 286 328
72 165 304 347
72 171 264 392
72 190 321 408
72 204 218 320
72 214 218 290
74 222 370 382
74 280 322 339
75 79 401 414
75 97 207 250
75 111 401 437
75 230 303 314
76 101 314 423
76 214 270 438
76 214 356 408
76 224 356 408
76 270 314 423
76 314 412 423
77 84 140 231
77 103 231 449
79 88 174 256
79 97 296 441
79 97 357 441
79 106 165 386
79 111 347 444
79 152 263 342
79 152 301 342
79 155 239 429
79 165 178 231
79 165 196 425
79 165 239 429
79 165 301 342
79 167 178 231
79 174 256 313
79 178 320 441
79 178 386 441
79 201 305 414
79 313 347 444
80 129 253 342
81 97 225 407
81 97 401 444
81 97 415 444
81 110 264 418
81 157 264 418
81 218 273 415
81 218 354 418
81 290 300 418
81 297 300 361
82 88 110 135
82 88 135 379
82 105 128 346
82 105 161 389
82 105 343 346
82 105 343 389
82 128 190 284
82 128 284 355
82 128 348 355
82 150 190 194
82 150 190 419
82 161 190 194
82 167 351 444
82 175 394 438
82 181 190 351
82 181 348 379
82 190 194 350
82 190 350 406
82 190 351 406
82 194 241 350
82 257 266 394
82 257 350 394
82 257 350 406
82 266 348 355
82 281 346 379
82 281 438 444
82 351 438 444
82 351 444 449
83 171 379 380
84 230 231 347
85 171 204 431
85 177 211 317
85 177 317 408
85 261 262 389
85 262 266 389
87 91 355 375
87 109 171 436
87 111 257 355
87 211 266 394
87 211 394 446
87 257 266 394
87 316 394 446
87 355 375 381
88 97 110 401
88 111 218 264
88 111 245 444
88 179 256 401
88 179 348 401
90 91 158 212
90 158 166 212
90 261 282 293
91 263 334 355
92 95 141 300
93 341 425 445
94 226 269 398
95 96 152 211
95 96 152 445
95 133 284 391
95 138 211 388
95 153 332 340
95 153 340 343
95 157 317 420
95 211 317 388
95 244 301 343
96 99 218 223
96 99 218 328
96 152 204 445
96 155 204 430
96 218 223 332
96 223 279 380
96 320 332 429
97 103 296 407
97 111 401 418
97 113 239 387
97 113 282 401
97 134 282 415
97 189 223 273
97 222 256 299
97 256 299 401
97 305 387 418
98 150 309 437
98 214 412 438
99 155 328 381
101 113 239 429
101 150 190 396
101 150 212 396
101 155 314 423
102 154 185 248
102 248 315 346
102 248 346 424
103 172 415 441
103 189 231 449
104 128 139 297
104 128 297 335
104 130 231 382
104 191 222 310
104 307 310 347
105 171 275 436
105 192 431 436
105 204 218 262
105 218 262 275
105 218 275 346
105 261 282 415
105 282 293 363
105 343 389 431
107 207 361 403
110 113 226 401
110 136 257 300
110 226 401 437
110 351 355 437
111 152 264 433
111 152 323 433
111 218 264 433
111 257 309 355
111 323 354 418
111 341 355 422
111 391 401 437
113 136 190 335
113 139 300 301
113 139 370 396
113 179 370 396
113 179 370 401
113 217 273 335
113 217 273 415
113 217 363 415
113 226 282 401
113 319 360 438
114 207 233 360
117 136 262 405
117 150 169 346
117 240 346 394
117 244 248 346
117 258 263 355
117 263 334 346
117 263 334 355
120 138 179 342
120 138 234 446
120 139 222 370
120 139 222 376
120 147 341 355
120 179 244 248
120 179 248 342
120 222 349 370
122 157 174 179
122 219 291 335
124 207 210 346
124 218 347 418
128 133 177 240
128 185 229 375
128 319 348 355
130 206 231 307
132 263 361 405
133 204 320 341
133 204 341 445
133 266 355 360
133 266 355 384
133 284 341 445
133 297 300 361
133 355 360 412
134 198 282 415
134 282 356 415
134 282 356 430
135 211 218 266
135 243 257 343
135 243 292 343
136 159 368 370
136 160 254 257
136 203 315 387
136 218 262 394
136 223 230 401
136 228 370 418
136 244 254 300
136 254 257 300
136 259 369 387
136 368 382 437
136 368 405 437
138 147 368 437
138 190 197 251
138 190 351 437
138 197 211 298
138 231 339 440
138 234 381 449
138 244 277 381
138 277 381 449
138 385 388 437
139 185 300 418
139 185 386 418
140 189 231 347
141 185 328 369
141 185 343 369
143 154 249 298
143 154 249 361
143 165 301 432
143 249 300 361
143 250 300 366
144 163 229 338
145 185 386 396
149 172 351 430
150 158 169 305
150 203 394 438
152 157 321 324
152 232 288 445
154 168 185 248
155 157 317 408
155 157 408 430
155 216 364 397
155 277 282 401
155 277 381 423
155 277 390 434
155 277 401 434
155 282 381 385
155 328 346 381
155 332 340 403
156 190 350 354
156 207 361 424
156 323 350 354
157 164 174 342
157 174 179 342
157 208 251 260
157 242 264 408
157 242 264 418
157 264 371 418
157 265 321 408
157 310 342 356
158 231 259 347
160 226 254 411
160 231 262 298
161 235 293 403
161 282 385 388
161 324 385 388
162 181 190 203
162 181 190 229
162 196 229 375
162 270 335 406
163 185 270 417
165 207 304 347
165 207 305 362
167 269 339 340
167 280 348 401
168 185 248 386
169 177 211 240
169 211 240 263
169 211 263 411
171 205 343 431
172 257 266 351
172 260 291 449
172 260 351 449
174 191 228 254
174 218 243 371
174 263 287 439
175 176 240 438
176 179 187 370
177 204 332 398
177 211 394 420
177 298 318 382
177 298 350 382
177 350 382 408
179 187 370 401
179 190 229 348
179 190 342 406
179 191 244 368
179 229 327 348
179 229 327 396
179 277 370 401
181 190 253 342
181 190 253 351
181 290 300 418
181 342 347 364
185 199 270 417
185 218 225 431
185 249 300 308
185 297 300 308
187 191 222 329
187 195 248 327
187 195 299 416
187 222 299 370
187 222 329 438
187 248 270 424
187 299 370 401
189 190 433 441
189 217 273 415
189 217 363 415
189 217 363 448
189 230 251 449
189 231 347 410
190 208 230 437
190 351 369 437
191 222 329 400
192 226 363 415
192 226 398 415
192 233 319 436
194 258 369 437
194 258 385 437
196 341 343 425
197 208 261 380
197 230 251 385
197 230 385 388
198 226 282 415
198 232 236 340
199 249 282 437
201 305 376 383
201 376 383 425
202 206 295 437
202 225 267 293
202 225 282 293
202 225 282 437
202 282 293 389
202 282 343 389
203 226 282 438
203 226 438 446
204 211 357 381
204 218 243 292
204 218 346 381
204 220 341 343
204 220 426 449
204 243 292 343
204 257 266 343
204 262 332 340
204 266 343 436
205 270 386 441
205 333 386 434
205 333 386 441
206 269 298 445
206 284 382 437
211 385 388 414
212 269 298 380
212 271 327 396
214 218 297 335
214 218 297 354
214 218 412 415
214 270 323 354
217 218 273 415
218 221 223 350
218 223 273 332
218 225 320 431
218 262 275 408
218 262 347 405
218 262 347 408
218 273 332 415
218 275 297 346
218 328 346 381
219 220 245 373
220 241 281 352
220 241 378 444
220 277 281 449
221 223 263 300
221 231 350 408
223 231 279 380
223 254 263 369
225 275 282 437
225 282 412 437
226 239 282 293
226 269 282 430
226 360 438 446
229 271 327 396
230 251 303 314
230 251 314 385
231 258 347 427
231 269 298 380
231 269 369 437
231 280 339 440
231 293 347 363
231 298 405 437
231 307 347 438
231 369 387 437
232 236 332 340
232 398 425 444
233 270 352 378
233 270 355 381
233 360 438 446
234 260 291 449
234 280 283 341
234 385 419 440
235 255 281 347
239 356 412 423
240 346 394 438
241 255 281 347
241 370 387 418
242 323 324 441
242 323 414 441
244 249 298 368
244 263 300 346
244 263 357 381
244 273 296 430
248 299 401 418
249 300 308 361
254 257 300 351
257 262 266 389
257 275 351 389
257 275 354 433
257 290 351 384
257 309 351 355
257 351 406 432
258 263 320 355
260 268 386 392
260 270 319 386
260 270 386 441
260 346 415 438
260 351 415 438
261 262 267 293
262 265 275 408
262 265 403 410
262 313 332 410
263 342 355 423
264 304 327 428
266 318 394 419
269 298 380 445
269 343 369 430
270 301 319 432
270 324 335 352
270 324 335 442
270 324 352 386
270 324 386 441
270 335 406 442
271 324 396 417
273 296 430 441
273 339 403 437
275 282 314 437
275 351 369 437
281 347 438 444
282 381 385 388
295 314 412 437
298 318 368 382
309 351 355 437
310 313 342 347
310 313 378 444
314 324 385 386
314 324 385 388
314 369 412 437
324 335 344 441
324 335 396 442
324 344 352 386
324 344 386 441
333 351 364 415
333 415 422 441
347 351 364 369
347 351 369 449
348 355 360 412
355 381 412 423
0 16 445
0 72 161
0 76 424
0 147 341
0 161 324
0 192 218
0 192 398
0 233 417
0 249 301
0 301 319
1 4 395
1 105 192
1 183 319
1 274 315
2 155 313
3 19 390
3 111 341
3 164 341
3 164 436
3 223 442
3 250 396
3 349 390
4 54 261
4 76 296
4 305 342
5 144 317
5 190 406
5 226 302
5 257 406
5 264 291
6 7 281
6 77 449
6 84 230
6 84 262
6 140 257
6 193 226
6 198 340
7 56 314
7 71 104
7 71 282
7 175 203
7 198 310
7 284 437
7 284 445
8 196 409
10 21 346
10 74 82
10 74 206
12 75 79
12 75 226
12 83 254
12 125 331
12 165 304
12 165 409
15 266 423
16 80 364
16 143 300
16 214 239
16 403 410
17 57 286
17 238 270
18 179 327
19 30 254
19 97 413
19 346 390
19 380 428
21 130 344
21 260 344
23 48 387
23 64 187
23 120 196
23 162 196
24 51 358
25 126 167
25 209 386
26 65 390
27 88 191
27 361 368
28 50 273
28 155 166
29 121 320
29 160 339
30 70 76
30 104 378
30 124 415
31 95 340
32 105 151
32 105 249
32 180 199
32 276 340
32 291 324
32 291 340
33 104 352
34 323 376
35 279 332
35 279 362
37 66 302
37 76 233
37 234 364
37 326 369
38 69 178
39 148 364
39 300 380
40 76 218
40 76 224
40 227 411
41 103 273
41 178 301
41 195 353
41 205 333
41 273 339
41 318 419
42 358 392
43 245 324
44 56 175
44 56 183
44 75 198
44 78 116
44 81 361
44 208 303
44 232 313
44 262 340
44 361 423
45 154 185
45 154 380
45 206 269
46 110 135
46 110 291
46 110 370
46 220 329
46 312 323
47 163 335
47 179 253
48 57 203
48 91 323
48 156 377
48 157 265
48 289 330
48 323 376
49 104 338
49 257 338
50 97 158
51 55 225
51 110 418
51 185 418
51 193 225
51 343 371
52 138 381
52 175 284
55 407 426
56 82 168
56 104 442
56 187 258
56 284 334
57 58 201
57 58 335
57 64 391
57 97 380
57 203 240
57 286 308
57 391 425
58 69 305
58 90 363
58 166 396
59 198 203
59 213 262
59 261 287
60 61 350
60 72 111
60 111 147
61 304 350
62 220 344
62 415 444
63 292 416
64 150 327
65 133 139
65 207 220
65 207 347
65 268 287
65 270 371
65 310 423
65 339 386
65 392 448
65 423 429
66 175 316
66 219 302
67 235 423
67 251 449
67 356 423
68 94 341
68 329 341
69 227 411
70 187 191
70 244 432
70 246 362
70 382 431
72 74 341
72 116 232
73 96 429
73 185 377
73 396 429
74 100 222
74 108 161
74 128 382
74 158 231
75 79 278
75 111 304
75 184 226
75 207 304
75 361 437
76 101 162
76 150 438
77 140 351
77 245 449
80 234 291
82 188 252
82 385 419
84 88 241
84 208 230
84 246 418
84 262 320
85 157 164
85 164 266
85 202 269
85 264 441
86 112 345
87 348 350
88 220 276
89 135 243
90 226 439
91 128 300
91 170 388
91 171 357
91 177 214
91 290 300
91 357 375
92 95 388
92 161 249
93 207 220
93 296 329
95 179 186
95 186 445
95 326 420
95 340 366
96 279 328
97 103 279
97 111 225
97 111 422
97 134 250
97 274 413
97 285 349
98 111 304
98 132 214
98 132 437
100 218 404
101 122 171
101 275 403
101 307 369
105 229 357
105 348 436
106 263 270
107 133 262
107 282 360
109 171 428
109 285 413
109 357 375
110 168 299
110 389 401
111 155 242
111 167 350
111 309 373
111 350 437
111 433 444
112 160 311
112 160 416
112 198 414
113 122 418
113 162 438
113 282 390
113 301 319
113 319 406
114 270 335
115 201 236
115 434 442
116 198 314
116 322 340
116 340 369
116 381 390
117 144 365
117 195 338
117 248 270
119 288 441
120 226 446
120 277 333
122 245 396
122 265 396
122 371 375
124 192 323
124 218 376
124 414 431
125 189 197
128 181 300
128 240 346
130 172 344
132 163 263
133 156 185
134 250 303
135 179 406
135 186 388
135 259 307
138 260 339
139 185 400
139 210 376
139 210 418
139 271 338
140 189 208
140 257 323
140 347 351
143 165 192
144 196 283
144 381 388
145 239 367
145 303 424
147 166 309
147 176 284
147 199 437
147 289 437
148 219 239
149 266 318
150 163 396
150 257 309
150 272 369
150 327 338
152 157 264
152 270 301
152 357 380
154 185 249
155 166 171
155 374 378
155 411 430
156 185 377
157 371 449
158 165 327
158 174 439
160 298 411
160 311 382
161 172 275
161 172 344
162 179 187
162 203 438
162 270 301
163 245 281
165 192 233
165 192 346
165 226 239
165 248 327
165 248 342
165 286 327
165 313 398
166 396 417
167 280 336
168 334 355
169 212 298
169 327 420
170 273 422
170 332 426
171 205 314
171 214 415
174 215 411
174 231 395
174 243 302
174 276 430
174 302 305
175 258 307
177 190 420
177 191 218
179 191 375
181 263 300
181 264 379
181 304 435
183 205 225
183 282 314
185 202 348
186 292 445
187 258 391
187 280 438
187 333 401
187 416 420
189 208 410
189 261 415
189 328 449
190 203 316
190 289 420
193 407 411
195 222 338
196 205 333
198 230 404
198 385 419
199 270 314
201 339 425
202 205 419
202 280 336
202 280 348
202 363 431
203 240 289
203 307 369
205 314 401
205 431 441
206 228 434
206 333 339
206 390 434
208 251 337
208 269 437
208 366 380
209 385 437
212 214 396
212 264 291
212 291 369
214 316 438
214 415 441
217 220 335
217 269 341
217 273 340
217 329 446
218 235 335
218 243 359
218 266 348
219 302 411
219 407 411
220 288 352
220 335 444
221 307 316
224 382 400
224 400 412
225 258 259
226 254 401
226 263 414
230 231 437
230 261 282
230 309 437
231 262 266
233 270 417
234 426 449
235 281 352
235 290 388
239 286 412
241 418 426
242 264 441
245 331 443
246 376 410
249 265 396
249 365 405
250 380 424
253 364 399
254 333 401
254 360 436
257 275 336
257 281 364
258 355 427
260 261 415
260 328 449
261 303 424
263 300 349
263 300 361
263 346 431
266 419 423
269 339 425
269 341 437
270 296 441
271 285 386
271 324 388
273 335 441
274 282 438
274 307 405
277 333 430
279 362 366
280 321 341
280 341 391
280 411 420
282 381 412
286 296 381
286 327 396
287 361 395
288 389 431
290 388 426
292 295 416
294 305 358
309 327 391
310 412 449
320 414 437
322 340 363
323 388 414
327 380 401
327 388 401
332 426 444
336 347 405
341 391 425
342 353 435
342 355 406
343 389 445
348 401 436
348 427 444
351 433 444
362 366 432
377 430 433
413 421 432
415 431 441
