1 7 9 19 23 24 27 29 35 37 40 44 45 51 52 57 60 61 65 67 68 74 81 82 83 85 87 90 91 92 93 95 98 106 110 112 114 115 117 122 125 126
1 7 9 19 23 24 27 29 37 40 44 45 51 52 57 60 61 65 67 68 74 75 81 82 83 85 87 90 91 92 93 95 98 106 110 112 114 115 117 122 125 126
1 6 7 9 19 23 24 27 29 35 37 40 44 45 51 52 57 60 61 65 67 68 74 81 82 85 87 90 91 92 93 98 106 110 112 114 115 117 122 125 126
1 6 7 9 19 23 24 27 29 37 40 42 44 45 51 52 57 61 65 67 68 74 75 81 82 85 87 90 91 92 93 98 106 110 112 114 115 117 122 125 126
1 6 7 9 19 23 24 27 29 37 40 44 45 51 52 57 60 61 65 67 68 74 75 81 82 85 87 90 91 92 93 98 106 110 112 114 115 117 122 125 126
1 7 9 19 23 24 27 29 37 40 42 44 45 51 52 57 61 65 67 68 74 75 81 82 85 87 90 91 92 93 95 98 106 110 112 114 115 117 122 125 126
1 6 7 9 13 19 23 24 26 27 29 37 42 44 45 51 52 57 61 65 67 68 74 75 82 87 90 91 92 93 98 99 106 112 114 115 122 125 126 127
1 6 7 9 13 19 23 24 27 29 37 42 44 45 51 52 57 61 65 67 68 74 75 81 82 85 87 90 91 92 93 98 106 112 114 115 117 122 125 126
1 6 7 9 19 23 24 26 27 29 37 40 42 44 45 51 52 57 61 65 67 68 74 75 82 87 90 91 92 93 98 106 110 112 114 115 122 125 126 127
1 6 7 9 19 23 24 27 29 37 40 42 44 45 51 52 57 61 65 67 68 74 75 81 82 87 90 91 92 93 98 106 110 112 114 115 122 125 126 127
1 6 9 19 21 23 24 27 29 35 37 40 44 45 51 52 57 60 61 65 67 68 74 81 82 85 90 91 92 93 98 106 110 112 114 115 117 122 125 126
1 7 9 19 23 24 26 27 29 37 40 42 44 45 51 52 57 61 65 67 68 74 75 82 87 90 91 92 93 95 98 106 110 112 114 115 122 125 126 127
1 7 9 19 23 24 26 27 29 37 40 44 45 51 52 57 61 65 67 68 74 75 82 83 87 90 91 92 93 95 98 106 110 112 114 115 122 125 126 127
1 7 9 19 23 24 27 29 37 40 42 44 45 51 52 57 61 65 67 68 74 75 81 82 87 90 91 92 93 95 98 106 110 112 114 115 122 125 126 127
1 7 9 19 23 24 27 29 37 40 44 45 51 52 57 61 65 67 68 74 75 81 82 83 87 90 91 92 93 95 98 106 110 112 114 115 122 125 126 127
1 9 19 21 23 24 27 29 35 37 40 44 45 51 52 57 60 61 65 67 68 74 81 82 83 85 90 91 92 93 98 106 110 112 114 115 117 122 125 126
1 6 7 9 13 19 23 24 26 27 29 42 44 45 51 52 57 61 65 67 68 72 74 75 82 87 90 91 93 98 99 106 112 114 115 122 125 126 127
1 6 7 9 13 19 23 24 27 29 37 42 44 45 51 52 57 61 65 67 68 74 75 81 82 87 90 91 92 93 98 106 112 114 115 122 125 126 127
1 7 9 12 19 23 24 26 27 29 37 40 44 51 52 57 61 65 67 68 70 74 75 83 87 90 91 92 93 95 106 110 112 114 115 122 125 126 127
1 7 9 12 19 23 24 27 29 37 40 44 51 52 57 60 61 65 67 68 70 74 75 83 85 87 90 91 92 93 95 106 110 112 114 115 122 125 126
1 7 9 12 19 23 24 27 29 37 40 44 51 52 57 60 61 65 67 68 74 75 81 83 85 87 90 91 92 93 95 106 110 112 114 115 122 125 126
1 7 9 19 23 24 26 27 29 37 40 42 44 51 52 57 61 65 67 68 70 74 75 87 90 91 92 93 95 98 106 110 112 114 115 122 125 126 127
1 7 9 19 23 24 26 27 29 37 40 44 51 52 57 61 65 67 68 70 74 75 83 87 90 91 92 93 95 98 106 110 112 114 115 122 125 126 127
1 7 9 19 23 24 27 29 37 40 44 51 52 57 60 61 65 67 68 70 74 75 83 85 87 90 91 92 93 95 98 106 110 112 114 115 122 125 126
1 7 9 12 19 23 24 27 29 37 40 44 51 52 57 61 65 67 68 74 75 81 83 87 90 91 92 93 95 106 110 112 114 115 122 125 126 127
1 7 9 19 23 24 27 29 37 40 42 44 51 52 57 61 65 67 68 70 74 75 85 87 90 91 92 93 95 98 106 110 112 114 115 122 125 126
1 5 7 9 12 19 23 26 27 29 37 40 44 51 52 61 65 67 68 70 74 75 83 87 90 91 92 95 106 110 112 114 115 122 125 126 127
1 5 7 9 12 19 23 26 27 29 37 40 44 51 61 65 67 68 70 74 75 83 87 90 91 92 95 106 110 112 114 121 122 125 126 127
1 5 7 9 12 19 23 26 27 29 37 40 44 51 61 65 67 70 74 75 83 87 88 90 91 92 95 106 110 112 114 115 122 125 126 127
1 5 7 9 12 19 23 26 27 29 37 40 44 51 61 65 67 70 74 75 83 87 88 90 91 92 95 106 110 112 114 121 122 125 126 127
1 6 7 9 13 19 26 27 29 42 44 51 52 57 61 65 67 68 72 74 75 82 87 90 91 93 98 99 106 112 113 114 122 125 126 127
1 5 7 9 12 19 23 26 27 29 44 51 61 63 65 67 68 70 74 75 83 87 90 91 92 95 106 110 112 114 121 122 125 126 127
1 5 7 9 12 19 23 26 27 29 44 51 61 63 65 67 70 74 75 83 87 88 90 91 92 95 106 110 112 114 121 122 125 126 127
1 5 7 9 12 23 26 27 29 40 44 51 61 65 67 68 69 70 74 75 83 87 90 91 92 95 106 110 112 114 121 122 125 126 127
1 5 7 9 12 23 26 27 29 40 44 51 61 65 67 69 70 74 75 83 87 88 90 91 92 95 106 110 112 114 121 122 125 126 127
1 5 7 9 12 23 26 27 29 44 51 61 63 65 67 68 69 70 74 75 83 87 90 91 92 95 106 110 112 114 121 122 125 126 127
1 5 7 9 12 23 26 27 29 44 51 61 63 65 67 69 70 74 75 83 87 88 90 91 92 95 106 110 112 114 121 122 125 126 127
1 6 7 9 13 18 19 26 27 29 42 44 51 57 61 65 67 68 72 74 75 82 87 90 91 93 98 99 106 112 113 114 122 125 127
1 7 9 19 23 26 27 29 37 40 42 44 51 61 65 67 68 70 74 75 87 90 91 92 95 98 106 110 112 114 121 122 125 126 127
1 7 9 19 23 26 27 29 37 40 44 51 61 65 67 68 70 74 75 83 87 90 91 92 95 98 106 110 112 114 121 122 125 126 127
1 6 7 9 13 18 19 26 27 42 44 51 61 65 67 68 72 74 75 82 87 90 91 93 98 99 106 109 112 113 114 122 125 127
1 6 7 9 13 19 26 27 42 44 51 61 65 67 68 72 74 75 82 87 90 91 93 98 99 106 109 112 113 114 122 125 126 127
1 6 7 9 19 23 26 27 29 37 40 42 44 51 61 65 67 68 74 75 87 90 91 92 98 106 110 112 114 121 122 125 126 127
1 6 7 13 18 19 26 27 42 44 51 61 65 67 68 72 74 75 82 87 90 91 93 98 99 100 106 109 112 113 114 122 125 127
1 7 9 19 23 26 27 29 42 44 51 61 63 65 67 68 70 74 75 87 90 91 92 95 98 106 110 112 114 121 122 125 126 127
1 7 9 19 23 26 27 29 44 51 61 63 65 67 68 70 74 75 83 87 90 91 92 95 98 106 110 112 114 121 122 125 126 127
1 7 9 23 26 27 29 40 42 44 51 61 65 67 68 69 70 74 75 87 90 91 92 95 98 106 110 112 114 121 122 125 126 127
1 7 9 23 26 27 29 40 44 51 61 65 67 68 69 70 74 75 83 87 90 91 92 95 98 106 110 112 114 121 122 125 126 127
1 7 9 23 26 27 29 42 44 51 61 63 65 67 68 69 70 74 75 87 90 91 92 95 98 106 110 112 114 121 122 125 126 127
1 7 9 23 26 27 29 44 51 61 63 65 67 68 69 70 74 75 83 87 90 91 92 95 98 106 110 112 114 121 122 125 126 127
6 7 13 18 26 27 38 42 51 61 65 67 72 73 75 77 78 87 89 90 91 98 99 100 104 107 109 113 114 116 122 124 125 127
6 7 18 26 27 38 42 51 61 63 65 67 72 73 75 77 78 87 89 90 91 98 99 100 101 104 107 109 113 116 122 124 125 127
6 7 18 26 27 38 42 51 61 63 65 67 72 73 75 77 78 87 89 90 91 98 99 100 104 107 109 113 114 116 122 124 125 127
7 18 26 27 38 42 51 61 63 65 67 72 73 75 77 78 87 89 90 91 98 99 100 101 104 107 108 109 113 116 122 124 125 127
1 5 9 12 22 23 26 27 40 44 51 61 65 67 69 70 74 75 83 87 88 90 91 92 95 106 110 112 121 122 125 126 127
1 5 9 12 22 23 26 27 44 51 61 63 65 67 69 70 74 75 83 87 88 90 91 92 95 106 110 112 121 122 125 126 127
1 6 7 9 18 19 26 27 29 42 44 51 61 63 65 67 68 72 74 75 87 90 91 98 99 106 112 113 114 121 122 125 127
1 6 7 9 18 19 26 27 42 44 51 61 63 65 67 68 72 74 75 87 90 91 98 99 106 109 112 113 114 121 122 125 127
1 6 7 9 19 23 26 27 29 37 42 44 51 61 65 67 68 74 75 87 90 91 92 98 99 106 112 114 121 122 125 126 127
1 6 7 9 19 23 26 27 29 42 44 51 61 63 65 67 68 72 74 75 87 90 91 98 99 106 112 114 121 122 125 126 127
1 6 7 9 19 23 26 27 29 42 44 51 61 63 65 67 68 74 75 87 90 91 92 98 99 106 112 114 121 122 125 126 127
1 6 7 9 19 23 26 27 29 42 44 51 61 63 65 67 68 74 75 87 90 91 92 98 106 110 112 114 121 122 125 126 127
1 6 7 9 19 26 27 29 42 44 51 61 63 65 67 68 72 74 75 87 90 91 98 99 106 112 113 114 121 122 125 126 127
1 6 7 9 19 26 27 42 44 51 61 63 65 67 68 72 74 75 87 90 91 98 99 106 109 112 113 114 121 122 125 126 127
1 6 7 13 18 26 27 42 44 51 61 65 67 68 72 74 75 82 87 90 91 98 99 100 106 107 109 112 113 114 122 125 127
6 7 13 18 19 26 27 38 42 44 51 61 65 67 68 72 75 82 87 90 91 93 98 99 100 106 109 112 113 114 122 125 127
6 7 13 18 26 27 38 42 44 51 61 65 67 68 72 73 75 77 78 87 90 91 98 99 100 107 109 113 114 122 124 125 127
6 7 13 18 26 27 38 42 44 51 61 65 67 68 72 75 77 78 82 87 90 91 98 99 100 106 107 109 113 114 122 125 127
6 7 13 18 26 27 38 42 44 51 61 65 67 68 72 75 77 78 82 87 90 91 98 99 100 107 109 113 114 122 124 125 127
6 7 13 18 26 27 38 42 44 51 61 65 67 72 73 75 77 78 87 89 90 91 98 99 100 107 109 113 114 122 124 125 127
6 7 18 26 27 38 42 44 51 61 63 65 67 68 72 73 75 77 78 87 90 91 98 99 100 107 109 113 114 122 124 125 127
6 7 18 26 27 38 42 44 51 61 63 65 67 72 73 75 77 78 87 89 90 91 98 99 100 107 109 113 114 122 124 125 127
1 6 7 13 26 27 42 44 51 61 65 67 68 72 74 75 82 87 90 91 98 99 106 107 109 112 113 114 122 125 126 127
1 6 7 18 19 26 27 42 44 51 61 63 65 67 68 72 74 75 87 90 91 98 99 100 106 109 112 113 114 122 125 127
1 6 7 18 26 27 42 44 51 61 63 65 67 68 72 74 75 87 90 91 98 99 100 106 107 109 112 113 114 122 125 127
1 6 7 18 26 27 42 44 51 61 63 65 67 68 72 74 75 87 90 91 98 99 106 107 109 112 113 114 121 122 125 127
1 6 7 26 27 42 44 51 61 63 65 67 68 72 74 75 87 90 91 98 99 106 107 109 112 113 114 121 122 125 126 127
1 7 9 23 26 27 29 42 44 51 61 63 65 67 68 69 74 75 87 90 91 92 98 99 106 112 114 121 122 125 126 127
6 7 13 18 26 27 38 42 44 51 61 65 67 68 72 75 82 87 90 91 98 99 100 106 107 109 112 113 114 122 125 127
6 7 13 18 26 27 38 42 44 51 61 65 67 72 75 77 78 87 89 90 91 98 99 100 106 107 109 113 114 122 125 127
6 7 13 18 26 27 38 42 51 61 65 67 72 73 75 77 78 87 89 90 91 96 98 99 100 104 107 109 113 116 124 127
6 7 13 18 26 27 42 44 51 61 65 67 68 72 74 75 78 82 87 90 91 98 99 100 106 107 109 113 114 122 125 127
6 7 18 26 27 38 42 44 51 61 63 65 67 68 72 75 77 78 87 90 91 98 99 100 106 107 109 113 114 122 125 127
6 7 18 26 27 38 42 44 51 61 63 65 67 72 75 77 78 87 89 90 91 98 99 100 106 107 109 113 114 122 125 127
6 7 18 26 27 38 42 51 61 65 67 72 73 75 77 78 87 89 90 91 96 98 99 100 101 104 107 109 113 116 124 127
7 18 26 27 38 42 51 61 63 67 72 73 75 77 78 79 87 89 90 91 98 99 100 101 104 107 108 109 113 116 124 127
7 18 26 27 38 42 51 61 65 67 72 73 75 77 78 87 89 90 91 96 98 99 100 101 104 107 108 109 113 116 124 127
7 18 26 27 38 42 51 61 67 72 73 75 77 78 79 87 89 90 91 96 98 99 100 101 104 107 108 109 113 116 124 127
1 7 9 19 26 27 42 44 51 61 63 65 67 68 70 74 75 87 90 91 95 98 106 109 112 114 121 122 125 126 127
1 7 9 26 27 29 42 44 51 61 63 65 67 68 69 74 75 87 90 91 98 99 106 112 113 114 121 122 125 126 127
1 7 9 26 27 42 44 51 61 63 65 67 68 69 70 74 75 87 90 91 95 98 106 109 112 114 121 122 125 126 127
1 7 9 26 27 42 44 51 61 63 65 67 68 69 74 75 87 90 91 98 99 106 109 112 113 114 121 122 125 126 127
1 7 26 27 42 44 51 61 63 65 67 68 69 70 74 75 87 90 91 95 98 106 107 109 112 114 121 122 125 126 127
1 7 26 27 42 44 51 61 63 65 67 68 69 74 75 87 90 91 98 99 106 107 109 112 113 114 121 122 125 126 127
6 7 18 19 26 27 38 42 44 51 61 63 65 67 68 72 75 87 90 91 98 99 100 106 109 112 113 114 122 125 127
6 7 18 19 26 27 38 42 44 51 61 63 65 67 68 72 75 87 90 91 98 99 106 109 112 113 114 121 122 125 127
6 7 18 26 27 38 42 44 51 61 63 65 67 68 72 75 78 87 90 91 98 99 106 107 109 113 114 121 122 125 127
6 7 18 26 27 38 42 44 51 61 63 65 67 68 72 75 87 90 91 98 99 100 106 107 109 112 113 114 122 125 127
6 7 18 26 27 38 42 44 51 61 63 65 67 68 72 75 87 90 91 98 99 106 107 109 112 113 114 121 122 125 127
6 7 18 26 27 38 42 44 51 61 63 65 67 72 75 78 87 89 90 91 98 99 106 107 109 113 114 121 122 125 127
6 7 18 26 27 38 42 51 61 63 65 67 72 75 77 78 87 89 90 91 98 99 100 101 106 107 109 113 122 125 127
6 7 18 26 27 42 44 51 61 63 65 67 68 72 74 75 78 87 90 91 98 99 100 106 107 109 113 114 122 125 127
6 7 18 26 27 42 44 51 61 63 65 67 68 72 74 75 78 87 90 91 98 99 106 107 109 113 114 121 122 125 127
7 18 26 27 38 42 51 61 63 65 67 72 75 77 78 87 89 90 91 98 99 100 101 106 107 108 109 113 122 125 127
7 18 26 27 38 42 61 64 67 72 73 75 77 78 79 87 89 90 96 98 99 100 101 104 107 108 109 113 116 124 127
0 7 18 26 27 38 42 61 63 67 72 73 75 77 78 79 87 89 90 91 99 101 104 107 108 109 113 116 124 127
0 7 18 26 27 38 42 61 64 67 72 73 75 77 78 79 87 89 90 96 99 101 104 107 108 109 113 116 124 127
0 7 18 26 27 38 42 61 67 72 73 75 77 78 79 87 89 90 91 96 99 101 104 107 108 109 113 116 124 127
1 5 7 9 19 26 27 44 51 61 63 65 67 68 70 74 75 87 90 91 95 106 109 112 114 121 122 125 126 127
1 5 7 9 19 26 27 44 51 61 63 65 67 70 74 75 87 88 90 91 95 106 109 112 114 121 122 125 126 127
1 5 7 9 26 27 44 51 61 63 65 67 68 69 70 74 75 87 90 91 95 106 109 112 114 121 122 125 126 127
1 5 7 9 26 27 44 51 61 63 65 67 69 70 74 75 87 88 90 91 95 106 109 112 114 121 122 125 126 127
1 5 7 12 26 27 44 51 61 63 65 67 68 69 70 74 75 87 90 91 95 106 107 112 114 121 122 125 126 127
1 5 7 12 26 27 44 51 61 63 65 67 69 70 74 75 87 88 90 91 95 106 107 112 114 121 122 125 126 127
1 5 7 12 26 27 51 61 63 65 66 67 69 70 74 75 83 87 88 90 91 95 106 110 114 121 122 125 126 127
1 5 7 26 27 44 51 61 63 65 67 68 69 70 74 75 87 90 91 95 106 107 109 112 114 121 122 125 126 127
1 5 7 26 27 44 51 61 63 65 67 69 70 74 75 87 88 90 91 95 106 107 109 112 114 121 122 125 126 127
1 7 9 19 26 27 42 44 51 61 65 67 68 70 74 75 87 90 91 93 95 98 106 109 112 114 122 125 126 127
1 7 9 19 26 27 42 44 51 61 65 67 68 74 75 82 87 90 91 93 95 98 106 109 112 114 122 125 126 127
6 7 13 18 26 27 38 42 61 64 67 72 73 75 77 78 87 89 90 96 98 99 100 104 107 109 113 116 124 127
6 7 18 26 27 38 42 51 61 63 65 67 72 75 78 87 89 90 91 98 99 101 106 107 109 113 121 122 125 127
6 7 18 26 27 38 42 61 64 67 72 73 75 77 78 87 89 90 96 98 99 100 101 104 107 109 113 116 124 127
7 18 26 27 38 42 51 61 63 65 67 72 75 78 87 89 90 91 98 99 101 106 107 108 109 113 121 122 125 127
7 18 26 27 42 51 61 63 65 66 67 72 73 75 78 87 89 90 91 98 99 101 107 108 109 113 116 122 125 127
7 18 26 27 42 51 61 63 65 66 67 72 75 78 87 89 90 91 98 99 101 106 107 108 109 113 121 122 125 127
0 7 18 26 32 38 42 61 64 72 73 75 77 78 79 87 89 90 96 99 101 104 107 108 109 113 116 124 127
0 7 26 27 38 42 54 61 63 67 72 73 75 77 78 79 87 89 90 91 99 101 104 107 108 109 113 116 127
0 7 26 27 38 42 54 61 67 72 73 75 77 78 79 87 89 90 91 96 99 101 104 107 108 109 113 116 127
1 5 7 12 26 27 51 61 63 65 66 67 69 70 74 75 87 88 90 91 95 106 107 114 121 122 125 126 127
1 5 7 26 27 51 61 63 65 66 67 69 70 74 75 87 88 90 91 95 106 107 109 114 121 122 125 126 127
1 5 9 12 22 23 26 40 44 59 67 69 70 74 75 83 87 88 91 92 95 106 110 112 121 122 125 126 127
1 5 9 12 22 23 26 44 59 63 67 69 70 74 75 83 87 88 91 92 95 106 110 112 121 122 125 126 127
1 5 9 12 23 26 29 37 40 44 59 67 70 74 75 83 87 88 91 92 95 106 110 112 121 122 125 126 127
1 5 9 12 23 26 29 40 44 59 67 69 70 74 75 83 87 88 91 92 95 106 110 112 121 122 125 126 127
1 5 9 12 23 26 29 44 59 63 67 69 70 74 75 83 87 88 91 92 95 106 110 112 121 122 125 126 127
1 5 9 22 26 27 44 51 61 63 65 67 69 70 74 75 87 88 90 91 95 106 109 112 121 122 125 126 127
1 5 12 22 26 27 44 51 61 63 65 67 69 70 74 75 87 88 90 91 95 106 107 112 121 122 125 126 127
1 5 12 22 26 27 51 61 63 65 66 67 69 70 74 75 83 87 88 90 91 95 106 110 121 122 125 126 127
1 5 22 26 27 44 51 61 63 65 67 69 70 74 75 87 88 90 91 95 106 107 109 112 121 122 125 126 127
1 7 18 26 27 42 51 61 63 65 66 67 72 74 75 87 90 91 98 99 106 107 109 113 114 121 122 125 127
1 7 26 27 42 51 61 63 65 66 67 69 70 74 75 87 90 91 95 98 106 107 109 114 121 122 125 126 127
1 7 26 27 42 51 61 63 65 66 67 69 74 75 87 90 91 98 99 106 107 109 113 114 121 122 125 126 127
1 7 26 27 42 51 61 63 65 66 67 72 74 75 87 90 91 98 99 106 107 109 113 114 121 122 125 126 127
7 18 26 27 42 51 61 63 65 66 67 72 73 75 78 87 89 90 91 98 99 107 109 113 114 116 122 125 127
7 18 26 27 42 51 61 63 65 66 67 72 74 75 78 87 90 91 98 99 106 107 109 113 114 121 122 125 127
7 18 26 27 42 51 61 63 65 66 67 72 75 78 87 89 90 91 98 99 106 107 109 113 114 121 122 125 127
7 18 26 32 38 42 61 64 72 73 75 77 78 79 87 89 90 96 99 100 101 104 107 108 109 113 116 124 127
7 26 27 38 42 51 54 61 63 67 72 73 75 77 78 79 87 89 90 91 99 101 104 107 108 109 113 116 127
7 26 27 38 42 51 54 61 67 72 73 75 77 78 79 87 89 90 91 96 99 101 104 107 108 109 113 116 127
7 26 27 42 44 51 61 63 65 67 68 69 74 75 78 87 90 91 98 99 106 107 109 113 114 121 122 125 127
7 26 27 42 51 61 63 65 66 67 69 75 78 87 89 90 91 98 99 101 106 107 108 109 113 121 122 125 127
0 7 26 38 42 54 56 61 63 67 73 75 78 79 87 89 90 91 97 99 101 104 107 108 109 113 116 127
0 7 26 38 42 54 61 63 67 73 75 77 78 79 87 89 90 91 97 99 101 104 107 108 109 113 116 127
0 7 26 38 42 54 61 67 73 75 77 78 79 87 89 90 91 96 97 99 101 104 107 108 109 113 116 127
0 7 26 38 42 61 63 67 73 75 77 78 79 87 89 90 91 97 99 101 104 107 108 109 113 116 124 127
0 7 26 38 42 61 67 73 75 77 78 79 87 89 90 91 96 97 99 101 104 107 108 109 113 116 124 127
1 5 12 22 26 27 51 61 63 65 66 67 69 70 74 75 87 88 90 91 95 106 107 121 122 125 126 127
1 5 22 26 27 51 61 63 65 66 67 69 70 74 75 87 88 90 91 95 106 107 109 121 122 125 126 127
1 7 26 27 42 44 51 61 65 67 68 74 75 82 87 90 91 95 98 106 107 109 112 114 122 125 126 127
1 7 26 27 42 51 61 63 65 66 67 69 70 74 75 87 90 91 95 98 106 110 114 121 122 125 126 127
1 7 26 27 51 61 63 65 66 67 69 70 74 75 83 87 90 91 95 98 106 110 114 121 122 125 126 127
7 18 26 27 42 51 61 63 66 67 72 73 75 78 79 87 89 90 91 98 99 101 107 108 109 113 116 127
7 26 27 42 44 51 61 63 65 67 69 75 78 87 89 90 91 98 99 106 107 109 113 114 121 122 125 127
7 26 27 42 51 61 63 65 66 67 69 74 75 78 87 90 91 98 99 106 107 109 113 114 121 122 125 127
7 26 27 42 51 61 63 65 66 67 69 75 78 87 89 90 91 98 99 106 107 109 113 114 121 122 125 127
0 7 18 26 27 42 61 63 66 67 72 73 75 78 79 87 89 90 91 99 101 107 108 109 113 116 127
0 7 26 27 42 54 61 63 66 67 72 73 75 78 79 87 89 90 91 99 101 107 108 109 113 116 127
0 7 26 32 38 42 54 61 72 73 75 77 78 79 87 89 90 96 99 101 104 107 108 109 113 116 127
0 7 26 32 38 42 54 61 73 75 77 78 79 87 89 90 96 97 99 101 104 107 108 109 113 116 127
0 7 26 32 38 42 61 73 75 77 78 79 87 89 90 96 97 99 101 104 107 108 109 113 116 124 127
0 7 26 42 54 56 61 63 66 67 69 75 78 79 87 89 90 91 97 99 101 107 108 109 113 121 127
0 7 26 42 54 56 61 63 66 67 73 75 78 79 87 89 90 91 97 99 101 107 108 109 113 116 127
7 18 26 27 38 42 51 61 63 67 72 75 78 79 87 89 90 91 98 99 101 107 108 109 113 121 127
7 18 26 27 42 51 61 63 66 67 72 75 78 79 87 89 90 91 98 99 101 107 108 109 113 121 127
7 26 27 42 51 54 61 63 66 67 72 73 75 78 79 87 89 90 91 99 101 107 108 109 113 116 127
0 7 15 18 26 32 38 42 64 72 73 77 78 79 89 96 99 101 104 107 108 109 113 116 124 127
0 7 18 26 27 38 42 61 63 67 72 75 78 79 87 89 90 91 99 101 107 108 109 113 121 127
0 7 18 26 27 42 61 63 66 67 72 75 78 79 87 89 90 91 99 101 107 108 109 113 121 127
0 7 26 27 38 42 54 61 63 67 72 75 78 79 87 89 90 91 99 101 107 108 109 113 121 127
0 7 26 27 42 54 61 63 66 67 69 75 78 79 87 89 90 91 99 101 107 108 109 113 121 127
0 7 26 27 42 54 61 63 66 67 72 75 78 79 87 89 90 91 99 101 107 108 109 113 121 127
0 7 26 32 38 42 54 56 61 73 75 78 79 87 89 90 97 99 101 104 107 108 109 113 116 127
0 7 26 38 42 54 56 61 63 67 73 75 78 79 87 89 97 101 102 104 107 108 109 113 116 127
0 7 26 38 42 54 56 61 63 67 75 78 79 87 89 90 91 97 99 101 107 108 109 113 121 127
7 15 18 26 32 38 42 64 72 73 77 78 79 89 96 99 100 101 104 107 108 109 113 116 124 127
7 26 27 38 42 51 54 61 63 67 72 75 77 78 87 89 90 91 99 101 106 107 108 109 113 127
7 26 27 38 42 51 54 61 63 67 72 75 78 79 87 89 90 91 99 101 107 108 109 113 121 127
7 26 27 38 42 51 54 61 63 67 72 75 78 87 89 90 91 99 101 106 107 108 109 113 121 127
7 26 27 42 51 54 61 63 66 67 69 75 78 79 87 89 90 91 99 101 107 108 109 113 121 127
7 26 27 42 51 54 61 63 66 67 69 75 78 87 89 90 91 99 101 106 107 108 109 113 121 127
7 26 27 42 51 54 61 63 66 67 72 75 78 79 87 89 90 91 99 101 107 108 109 113 121 127
7 26 27 42 51 54 61 63 66 67 72 75 78 87 89 90 91 99 101 106 107 108 109 113 121 127
7 26 27 42 51 61 63 66 67 69 75 78 79 87 89 90 91 98 99 101 107 108 109 113 121 127
0 7 26 32 38 42 54 56 61 73 75 78 79 87 89 97 101 102 104 107 108 109 113 116 127
0 7 26 42 54 56 61 63 66 67 69 75 78 79 87 89 97 101 102 107 108 109 113 121 127
0 7 26 42 54 56 61 63 66 67 73 75 78 79 87 89 97 101 102 107 108 109 113 116 127
1 5 12 22 26 59 63 66 67 69 70 74 75 83 87 88 91 95 106 110 121 122 125 126 127
5 7 12 26 27 51 54 61 63 66 67 69 70 74 75 87 88 90 91 95 106 107 121 126 127
5 7 26 27 51 54 61 63 66 67 69 70 74 75 87 88 90 91 95 106 107 109 121 126 127
5 12 22 26 27 51 54 61 63 66 67 69 70 74 75 87 88 90 91 95 106 107 121 126 127
5 22 26 27 51 54 61 63 66 67 69 70 74 75 87 88 90 91 95 106 107 109 121 126 127
7 18 32 38 42 50 61 64 72 73 77 78 79 89 90 96 99 100 101 104 109 113 116 124 127
7 26 42 54 56 61 63 66 67 69 75 78 87 89 90 91 99 101 106 107 108 109 113 121 127
0 7 15 26 32 38 42 73 77 78 79 89 96 97 99 101 104 107 108 109 113 116 124 127
0 7 26 38 42 54 56 61 63 67 75 78 79 87 89 97 101 102 107 108 109 113 121 127
0 26 30 32 38 42 54 56 73 75 78 79 87 89 97 101 102 104 107 108 109 113 116 127
0 26 30 32 38 42 54 73 75 77 78 79 87 89 96 97 101 104 107 108 109 113 116 127
0 26 30 32 38 42 73 75 77 78 79 87 89 96 97 101 104 107 108 109 113 116 124 127
0 26 30 38 42 54 56 63 73 75 78 79 87 89 97 101 102 104 107 108 109 113 116 127
6 7 13 18 38 42 50 61 64 72 73 77 78 89 90 96 99 100 104 109 113 116 124 127
6 7 18 38 42 50 61 64 72 73 77 78 89 90 96 99 100 101 104 109 113 116 124 127
7 15 18 32 38 42 50 64 72 73 77 78 79 89 96 99 100 101 104 109 113 116 124 127
7 26 27 42 51 54 61 63 66 67 69 70 74 75 87 90 91 95 106 107 109 121 126 127
7 26 27 42 51 54 61 63 66 67 69 74 75 78 87 90 91 99 106 107 109 113 121 127
7 26 27 42 51 54 61 63 66 67 69 74 75 87 90 91 99 106 107 109 113 121 126 127
7 26 27 42 51 54 61 63 66 67 72 74 75 78 87 90 91 99 106 107 109 113 121 127
7 26 27 42 51 54 61 63 66 67 72 74 75 87 90 91 99 106 107 109 113 121 126 127
7 26 38 42 54 56 61 63 67 75 78 87 89 90 91 99 101 106 107 108 109 113 121 127
0 11 15 26 30 32 38 73 77 78 79 89 96 97 101 104 107 108 109 113 116 124 127
0 11 26 30 31 32 38 54 56 73 78 79 89 97 101 102 104 107 108 109 113 116 127
0 11 26 30 31 32 43 54 56 73 78 79 89 97 101 102 104 107 108 109 113 116 127
0 15 26 30 32 38 42 73 77 78 79 89 96 97 101 104 107 108 109 113 116 124 127
0 26 30 32 43 54 56 73 75 78 79 87 89 97 101 102 104 107 108 109 113 116 127
0 26 30 38 42 54 63 73 75 77 78 79 87 89 97 101 104 107 108 109 113 116 127
0 26 30 38 42 63 73 75 77 78 79 87 89 97 101 104 107 108 109 113 116 124 127
0 26 30 42 54 56 63 66 69 75 78 79 87 89 97 101 102 107 108 109 113 121 127
0 26 30 42 54 56 63 66 73 75 78 79 87 89 97 101 102 107 108 109 113 116 127
0 26 30 43 54 56 63 66 69 75 78 79 87 89 97 101 102 107 108 109 113 121 127
0 26 30 43 54 56 63 66 73 75 78 79 87 89 97 101 102 107 108 109 113 116 127
0 26 30 43 54 56 63 73 75 78 79 87 89 97 101 102 104 107 108 109 113 116 127
5 7 12 26 54 56 61 63 66 67 69 70 75 87 88 90 91 95 106 107 121 126 127
5 7 26 54 56 61 63 66 67 69 70 75 87 88 90 91 95 106 107 109 121 126 127
5 12 22 26 54 56 61 63 66 67 69 70 75 87 88 90 91 95 106 107 121 126 127
5 22 26 54 56 61 63 66 67 69 70 75 87 88 90 91 95 106 107 109 121 126 127
0 11 15 26 30 31 32 38 73 78 79 89 96 97 101 104 107 108 109 113 116 127
0 11 26 30 31 32 38 54 73 78 79 89 96 97 101 104 107 108 109 113 116 127
0 11 26 30 32 38 54 73 77 78 79 89 96 97 101 104 107 108 109 113 116 127
0 11 30 31 32 36 43 46 54 56 73 78 79 89 97 101 102 107 108 109 116 119
0 26 30 38 42 54 56 63 75 78 79 87 89 97 101 102 107 108 109 113 121 127
0 26 30 43 54 56 63 66 69 71 78 79 89 97 101 102 107 108 109 118 119 121
7 26 42 54 56 61 63 66 67 69 70 75 87 90 91 95 106 107 109 121 126 127
7 26 42 54 56 61 63 66 67 69 75 87 90 91 99 106 107 109 113 121 126 127
22 26 27 51 61 63 65 66 67 69 75 87 90 91 106 107 108 109 121 122 125 127
0 11 15 26 30 31 32 43 73 78 79 89 97 101 104 107 108 109 113 116 127
0 11 26 30 31 32 43 54 56 73 78 79 89 97 101 102 107 108 109 116 119
0 11 26 30 43 54 56 66 73 78 79 89 97 101 102 107 108 109 113 116 127
0 11 30 31 32 36 43 46 54 56 71 78 79 89 97 101 102 107 108 109 119
0 11 30 31 32 36 43 54 56 73 78 79 89 97 101 102 104 107 108 109 116
1 5 9 12 22 40 55 59 69 70 74 75 83 88 92 95 106 110 112 121 126
1 5 9 12 22 55 59 63 69 70 74 75 83 88 92 95 106 110 112 121 126
5 7 26 54 56 61 63 66 67 69 70 75 87 88 90 91 97 107 109 121 127
5 12 22 26 54 56 59 63 66 67 69 70 75 87 88 91 95 106 121 126 127
5 12 22 26 54 59 63 66 67 69 70 74 75 87 88 91 95 106 121 126 127
5 22 26 54 56 61 63 66 67 69 70 75 87 88 90 91 97 107 109 121 127
0 11 15 30 31 32 36 43 46 73 78 79 89 97 101 107 108 109 116 119
0 11 26 30 31 32 43 54 56 71 78 79 89 97 101 102 107 108 109 119
0 11 26 30 43 54 56 66 71 78 79 89 97 101 102 107 108 109 118 119
0 11 26 30 43 54 56 66 73 78 79 89 97 101 102 107 108 109 116 119
0 11 30 36 43 46 54 56 71 78 79 89 97 101 102 107 108 109 118 119
0 11 30 43 46 54 56 66 71 78 79 89 97 101 102 107 108 109 118 119
0 11 30 43 46 54 56 66 73 78 79 89 97 101 102 107 108 109 116 119
0 15 26 31 32 38 64 73 78 79 89 96 101 104 107 108 109 113 116 127
0 22 26 54 56 61 63 66 67 69 75 87 90 91 97 107 108 109 121 127
0 26 30 43 54 56 63 66 73 78 79 89 97 101 102 107 108 109 116 119
1 5 12 22 55 59 63 66 69 70 74 75 83 88 94 95 106 110 121 126
1 5 12 22 55 59 63 66 69 70 74 83 88 94 95 105 106 110 121 126
1 5 12 22 55 59 63 69 70 74 75 83 88 92 94 95 106 110 121 126
1 5 12 22 55 59 63 69 70 74 83 88 92 94 95 105 106 110 121 126
5 7 26 54 56 61 63 66 67 69 70 75 87 88 97 102 107 109 121 127
5 22 26 54 56 61 63 66 67 69 70 75 87 88 97 102 107 109 121 127
7 26 42 54 56 61 63 66 67 69 70 75 87 90 91 97 107 109 121 127
15 18 32 38 50 64 72 73 77 78 89 96 99 100 101 104 113 116 120 124
22 26 27 51 54 61 63 66 67 69 75 87 90 91 106 107 108 109 121 127
0 11 15 26 30 31 32 43 73 78 79 89 97 101 107 108 109 116 119
0 11 15 30 31 32 36 43 73 78 79 89 97 101 104 107 108 109 116
0 22 26 27 54 61 63 66 67 69 75 87 90 91 107 108 109 121 127
0 22 26 54 56 61 63 66 67 69 75 87 97 102 107 108 109 121 127
5 7 12 26 54 56 61 63 66 67 69 70 75 87 88 102 107 121 127
5 12 22 26 54 56 61 63 66 67 69 70 75 87 88 102 107 121 127
7 26 42 54 56 61 63 66 67 69 70 75 87 97 102 107 109 121 127
22 26 54 56 61 63 66 67 69 75 87 90 91 106 107 108 109 121 127
0 22 26 43 54 56 63 66 69 75 87 97 102 107 108 109 121 127
5 12 22 26 54 56 59 63 66 67 69 70 75 87 88 102 121 127
22 26 43 54 56 63 66 69 70 75 87 88 97 102 107 109 121 127
0 22 26 43 54 56 63 66 69 71 97 102 107 108 109 118 121
2 3 4 8 10 17 20 25 41 48 49 58 62 80 84 103 123
5 12 22 54 55 56 59 63 66 69 70 75 88 95 106 121 126
5 12 22 54 55 59 63 66 69 70 74 75 88 95 106 121 126
5 12 22 55 56 59 63 66 69 70 75 88 94 95 106 121 126
15 18 32 33 38 50 64 72 73 77 96 100 104 113 116 120 124
15 32 34 38 50 64 73 77 78 79 89 96 101 104 113 116 124
15 32 34 38 50 64 73 77 78 89 96 101 104 113 116 120 124
2 3 4 8 10 17 20 25 39 41 48 58 80 84 103 123
2 3 4 8 14 17 20 25 28 39 47 48 53 76 103 123
11 15 32 34 38 73 77 78 79 89 96 101 104 113 116 124
11 15 32 34 38 73 77 78 89 96 101 104 113 116 120 124
2 3 4 8 14 17 20 25 28 39 48 58 76 103 123
2 3 4 8 17 20 25 41 49 58 62 80 86 103 123
11 15 31 32 34 38 73 78 79 89 96 101 104 113 116
11 15 31 32 34 38 73 78 89 96 101 104 113 116 120
15 31 32 34 38 64 73 78 79 89 96 101 104 113 116
15 31 32 34 38 64 73 78 89 96 101 104 113 116 120
15 32 33 34 38 50 64 73 77 96 104 113 116 120 124
22 26 43 54 56 63 66 69 88 97 102 107 109 118 121
2 3 4 8 17 20 25 28 47 53 76 86 103 123
2 3 4 8 17 20 25 39 41 47 48 80 103 123
2 3 4 8 17 20 25 41 47 48 62 80 103 123
2 3 4 8 17 20 25 41 47 62 80 86 103 123
2 3 8 10 16 20 41 48 49 58 62 80 84 103
3 4 8 14 17 20 25 28 39 47 53 76 111 123
11 15 31 32 34 36 46 73 78 79 86 89 101 116
11 15 31 32 34 36 73 78 79 86 89 101 104 116
11 15 31 32 34 73 78 79 86 89 96 101 104 116
11 15 31 32 34 73 78 86 89 96 101 104 116 120
15 31 32 34 64 73 78 79 86 89 96 101 104 116
15 31 32 34 64 73 78 86 89 96 101 104 116 120
2 3 4 8 17 20 25 28 58 76 86 103 123
3 4 8 17 20 25 28 47 53 76 86 111 123
4 11 15 31 32 34 36 46 73 86 101 116
4 11 15 31 32 34 73 86 101 116 120
11 30 31 32 36 43 46 71 97 111 119
15 32 33 34 64 73 86 96 104 116 120
2 4 11 15 31 32 34 36 47 86
4 11 15 31 32 34 36 46 47 86
2 4 11 15 31 32 34 86 120
4 11 28 31 36 46 47 86 111
4 11 31 32 36 46 47 86 111
4 28 36 46 47 53 76 86 111
2 4 10 34 41 49 62 80
2 4 11 28 31 36 47 86
2 4 14 28 36 47 53 76
2 4 28 36 47 53 76 86
2 4 34 41 47 62 80 86
2 4 34 41 49 62 80 86
4 14 28 36 47 53 76 111
2 15 32 33 34 86 120
2 33 34 49 62 80 86
2 4 34 62 86 120
2 33 34 62 86 120
