1 9 19 23 24 29 37 40 44 52 57 65 68 81 92 93 112 114 115 125
1 9 19 23 24 29 37 40 44 52 57 65 68 92 93 112 114 115 122 125
1 9 19 23 24 29 37 40 44 52 57 60 68 81 92 93 112 115 125
9 19 23 24 29 35 37 40 45 52 57 60 68 81 85 93 112 115 117
9 19 23 24 29 37 40 44 45 52 57 65 68 81 93 112 114 115 125
9 19 23 24 29 37 40 44 45 52 57 65 68 93 112 114 115 122 125
1 9 19 23 24 29 44 51 52 57 65 68 93 112 114 115 122 125
1 9 19 23 29 37 40 44 52 65 68 74 92 112 114 115 122 125
9 19 23 24 29 37 40 44 45 52 57 60 68 81 93 112 115 125
9 19 23 24 29 44 45 51 52 57 65 68 93 112 114 115 122 125
19 23 24 29 37 44 45 52 57 65 68 81 82 93 112 114 115 125
19 23 24 29 37 44 45 52 57 65 68 82 93 112 114 115 122 125
19 23 24 29 44 45 51 52 57 65 68 82 93 112 114 115 122 125
9 19 23 24 29 37 40 52 57 60 68 81 85 92 93 112 115
19 23 24 29 37 44 45 52 57 60 68 81 82 93 112 115 125
19 23 24 29 37 45 52 57 60 68 81 82 85 93 112 115 117
1 9 19 23 29 37 40 44 52 74 92 110 112 115 122 125
1 9 19 23 29 44 51 52 65 68 74 112 114 115 122 125
1 9 19 27 29 44 51 52 57 65 68 93 112 114 122 125
19 21 23 24 29 35 37 45 52 57 60 81 85 93 115 117
19 21 23 24 29 37 45 52 57 60 81 82 85 93 115 117
1 9 19 23 29 37 40 44 74 92 110 112 122 125 126
1 9 19 23 29 37 40 44 74 92 112 114 122 125 126
1 9 19 27 29 44 51 52 65 68 74 112 114 122 125
1 9 19 27 29 44 51 65 68 74 91 112 114 122 125
1 9 19 27 29 44 51 65 68 91 93 112 114 122 125
19 27 29 44 51 52 57 65 68 82 93 112 114 122 125
27 44 51 61 65 67 75 87 90 91 98 106 114 122 125
1 9 27 44 51 65 68 74 91 106 112 114 122 125
1 19 27 44 51 65 67 68 74 91 112 114 122 125
1 19 27 44 51 65 67 68 91 93 112 114 122 125
1 27 44 51 65 67 68 74 91 106 112 114 122 125
6 7 27 51 61 65 67 87 90 91 98 114 122 125
7 27 51 61 65 67 75 87 90 91 98 114 122 125
19 27 29 44 51 65 68 82 91 93 112 114 122 125
19 27 44 51 65 67 68 82 91 93 112 114 122 125
27 44 51 61 65 67 68 82 90 91 98 114 122 125
27 44 51 61 65 67 68 90 91 98 106 114 122 125
6 7 27 42 51 61 65 67 87 90 91 98 114
6 27 51 61 65 67 82 90 91 98 114 122 125
7 26 27 42 51 61 67 75 87 90 91 99 127
7 27 42 51 61 65 67 75 87 90 91 98 114
7 27 42 51 61 67 75 87 90 91 98 99 127
27 44 51 65 67 68 82 91 93 98 114 122 125
1 9 19 29 44 74 91 112 114 122 125 126
1 9 44 65 68 74 92 106 112 114 122 125
6 7 27 42 51 61 67 87 90 91 98 127
6 7 27 51 61 67 87 90 91 98 122 127
7 26 27 42 61 67 72 75 87 90 99 127
7 27 51 61 67 75 87 90 91 98 122 127
1 9 23 29 40 74 83 92 110 112 126
1 9 44 74 91 106 112 114 122 125 126
1 9 44 74 92 106 110 112 122 125 126
1 9 44 74 92 106 112 114 122 125 126
1 19 44 67 74 91 112 114 122 125 126
1 44 67 74 91 106 112 114 122 125 126
7 18 38 42 61 72 90 99 100 113 127
7 18 38 42 72 73 77 99 100 113 124
7 18 38 42 72 73 77 99 100 113 127
7 26 42 61 72 75 87 90 99 113 127
18 38 42 72 73 77 99 100 104 113 124
18 38 72 73 77 96 99 100 104 113 124
1 9 40 74 83 92 95 110 112 126
1 9 74 83 92 95 106 110 112 126
6 7 27 42 61 67 72 87 90 127
7 18 42 61 72 87 90 99 113 127
7 26 38 42 61 72 90 99 113 127
18 38 64 73 77 96 100 104 113 124
38 42 73 77 78 99 104 113 116 124
38 73 77 78 96 99 104 113 116 124
0 30 43 54 56 71 97 102 119
0 78 79 89 97 101 107 108 109
3 8 17 20 25 39 48 103 123
5 12 22 55 59 70 88 94 105
6 7 13 18 42 61 72 90 100
6 7 13 27 42 51 61 90 98
6 7 18 42 61 72 87 90 127
6 7 18 42 61 72 90 100 127
7 13 18 42 61 72 90 99 100
7 13 27 42 51 61 90 98 99
26 75 78 87 89 107 109 113 127
30 43 54 56 71 97 102 118 119
38 42 73 77 78 104 109 113 116
38 64 73 77 96 104 113 116 124
0 30 43 54 56 97 102 108
0 30 43 54 79 97 102 108
0 30 54 56 97 102 107 108
0 30 54 79 97 102 107 108
0 30 79 89 97 101 107 108
3 14 17 20 25 39 76 123
3 14 20 25 28 39 76 123
5 12 22 59 69 70 88 95
5 12 22 69 70 88 95 121
6 7 13 27 42 61 72 90
7 13 27 42 61 72 90 99
7 26 42 67 75 87 109 127
7 26 42 75 87 109 113 127
7 38 42 73 77 109 113 127
10 16 41 49 58 62 80 84
26 42 75 78 87 99 113 127
26 42 75 78 87 109 113 127
26 78 79 89 101 107 108 109
26 78 89 101 107 109 113 127
38 42 73 77 78 99 113 127
38 42 73 77 78 109 113 127
38 73 78 89 96 104 113 116
38 73 78 89 104 109 113 116
73 78 79 89 101 104 109 116
73 78 79 89 101 107 108 109
73 78 89 96 101 104 113 116
73 78 89 101 104 109 113 116
73 78 89 101 107 109 113 127
0 43 54 56 66 97 102
0 54 56 66 97 102 107
0 54 79 97 107 108 109
3 8 20 25 28 39 123
3 14 25 28 39 53 76
5 12 59 70 83 88 95
5 12 70 83 88 95 126
5 12 70 83 95 110 126
7 26 38 42 109 113 127
12 70 74 83 95 110 126
12 74 83 92 95 110 126
26 38 42 78 99 113 127
26 38 42 78 109 113 127
26 38 78 89 109 113 127
26 63 75 87 107 109 127
38 73 78 89 109 113 127
70 74 83 95 106 110 126
22 63 69 70 88 121
32 73 79 89 101 116
50 64 77 96 104 124
54 56 63 66 69 121
54 56 63 66 102 107
15 32 73 101 116
22 63 66 69 121
2 4 47 86
4 31 47 86
11 15 31 32
11 15 32 101
11 30 79 101
11 31 32 36
11 31 36 46
11 32 79 101
15 31 32 86
15 32 34 86
26 63 75 121
33 50 64 120
54 63 107 109
11 30 46
28 53 111
30 46 119
48 58 80
48 58 103
