9 19 23 29 37 52 112 115
9 23 29 37 40 52 115
19 24 29 37 52 81 115
19 24 29 52 57 81 115
19 24 45 52 57 81 93
19 24 52 57 81 93 115
24 29 37 52 60 81 115
24 29 52 57 60 81 115
24 37 52 60 81 85 115
24 52 57 60 81 85 115
27 51 65 91 114 122 125
44 51 65 68 114 122 125
44 51 65 91 114 122 125
3 8 17 20 103 123
3 17 20 25 39 123
3 17 20 25 103 123
21 35 60 81 85 117
23 29 37 52 60 115
24 35 37 60 81 85
24 35 60 81 85 117
24 57 60 81 85 117
27 51 61 67 90 91
27 51 65 67 91 122
1 9 74 92 110
1 9 74 92 112
1 74 92 110 126
5 12 59 70 88
5 22 59 70 88
7 18 42 72 99
9 23 29 92 112
18 38 72 77 99
18 72 77 99 100
19 44 68 114 125
19 44 112 114 125
19 52 57 68 93
24 45 57 81 117
27 51 61 90 98
44 112 114 122 125
61 67 75 87 91
61 67 87 90 91
1 9 44 112
1 44 112 122
7 42 61 90
7 61 87 90
9 19 44 112
10 16 49 84
10 41 49 84
10 41 58 84
14 28 53 76
22 55 59 88
26 75 87 127
30 43 97 102
38 77 99 113
38 77 104 124
41 49 62 80
43 56 97 102
45 57 82 93
54 56 97 102
55 59 94 105
57 68 82 93
73 96 104 116
77 96 104 124
78 89 107 109
83 92 110 126
83 95 110 126
0 30 97
0 54 97
0 79 108
0 97 108
6 90 98
7 42 127
7 87 127
11 31 36
12 70 95
20 48 103
26 107 109
30 43 119
42 99 113
43 71 118
43 71 119
54 56 66
63 66 121
63 69 121
64 96 124
74 106 126
78 89 101
79 89 101
79 89 108
89 107 108
