0 1 5 6 7 9 12 13 18 19 22 23 24 26 27 29 37 38 40 42 44 45 51 52 54 56 57 61 63 65 66 67 68 69 70 72 73 74 75 77 78 79 82 83 87 88 89 90 91 92 93 95 98 99 100 101 104 106 107 108 109 110 112 113 114 115 116 121 122 124 125 126 127
0 1 5 6 7 9 12 13 18 19 22 23 24 26 27 29 37 38 40 42 44 45 51 52 54 56 57 59 61 63 65 66 67 68 69 70 72 73 74 75 77 78 79 82 83 87 88 89 90 91 92 93 95 98 99 100 101 106 107 108 109 110 112 113 114 115 121 122 125 126 127
1 5 6 7 9 12 13 18 19 22 23 24 26 27 29 37 38 40 42 44 45 51 52 57 60 61 63 65 66 67 68 69 70 72 73 74 75 77 78 81 82 83 85 87 88 89 90 91 92 93 95 98 99 100 104 106 107 109 110 112 113 114 115 116 117 121 122 124 125 126 127
1 5 6 7 9 12 13 18 19 22 23 24 26 27 29 37 38 40 42 44 45 51 52 57 60 61 63 65 66 67 68 69 70 72 73 74 75 77 78 81 82 83 87 88 89 90 91 92 93 95 98 99 100 101 104 106 107 108 109 110 112 113 114 115 116 121 122 124 125 126 127
1 5 6 7 9 12 13 18 19 22 23 24 26 27 29 37 38 40 42 44 45 51 52 57 61 63 65 66 67 68 69 70 72 73 74 75 77 78 79 81 82 83 87 88 89 90 91 92 93 95 98 99 100 101 104 106 107 108 109 110 112 113 114 115 116 121 122 124 125 126 127
1 5 6 7 9 12 13 18 19 22 23 24 26 27 29 35 37 38 40 42 44 45 51 52 57 59 60 61 63 65 66 67 68 69 70 72 73 74 75 77 78 81 82 83 85 87 88 89 90 91 92 93 95 98 99 100 106 107 109 110 112 113 114 115 117 121 122 125 126 127
1 5 6 7 9 12 13 18 19 22 23 24 26 27 29 35 37 38 40 42 44 45 51 52 57 60 61 63 65 66 67 68 69 70 72 73 74 75 77 78 81 82 83 85 87 88 89 90 91 92 93 95 98 99 100 106 107 109 110 112 113 114 115 117 121 122 124 125 126 127
0 1 5 6 7 9 12 13 18 19 22 23 26 27 29 38 40 42 44 51 52 54 56 61 63 65 66 67 68 69 70 72 73 74 75 77 78 79 82 83 87 88 89 90 91 92 93 95 98 99 100 101 102 104 106 107 108 109 110 112 113 114 116 121 122 124 125 126 127
1 5 6 7 9 12 13 18 19 21 22 23 24 26 27 29 35 37 38 40 42 44 45 51 52 57 59 60 61 63 65 67 68 69 70 72 73 74 75 77 78 81 82 83 85 87 88 90 91 92 93 95 98 99 100 106 107 109 110 112 113 114 115 117 121 122 125 126 127
1 5 6 7 9 12 13 18 19 21 22 23 24 26 27 29 35 37 38 40 42 44 45 51 52 57 60 61 63 65 67 68 69 70 72 73 74 75 77 78 81 82 83 85 87 88 90 91 92 93 95 98 99 100 106 107 109 110 112 113 114 115 117 121 122 124 125 126 127
1 5 6 7 9 12 13 18 19 22 23 24 26 27 29 37 38 40 42 44 45 51 52 57 59 60 61 63 65 66 67 68 69 70 72 73 74 75 77 78 81 82 83 87 88 89 90 91 92 93 95 98 99 100 101 106 107 108 109 110 112 113 114 115 121 122 125 126 127
1 5 6 7 9 12 13 18 19 22 23 24 26 27 29 37 38 40 42 44 45 51 52 57 59 61 63 65 66 67 68 69 70 72 73 74 75 77 78 79 81 82 83 87 88 89 90 91 92 93 95 98 99 100 101 106 107 108 109 110 112 113 114 115 121 122 125 126 127
0 1 5 6 7 9 12 13 18 19 22 23 26 27 29 38 42 44 51 54 56 57 61 63 65 66 67 68 69 70 72 73 74 75 77 78 79 82 83 87 88 89 90 91 92 93 95 97 98 99 100 101 104 106 107 108 109 110 112 113 114 116 121 122 124 125 126 127
0 1 5 6 7 9 12 13 18 19 22 23 26 27 29 38 42 44 51 54 56 61 63 65 66 67 68 69 70 72 73 74 75 77 78 79 82 83 87 88 89 90 91 92 93 95 97 98 99 100 101 102 104 106 107 108 109 110 112 113 114 116 121 122 124 125 126 127
0 1 5 6 7 9 12 18 19 22 23 24 26 27 29 37 38 40 42 44 45 51 52 54 55 56 57 59 61 63 65 66 67 68 69 70 72 74 75 78 79 82 83 87 88 89 90 91 92 93 95 98 99 101 106 107 108 109 110 112 113 114 115 121 122 125 126 127
0 1 6 7 9 13 18 19 23 24 26 27 29 37 38 40 42 44 45 51 52 54 56 57 61 63 65 66 67 68 69 70 72 73 74 75 77 78 79 82 87 89 90 91 92 93 95 96 98 99 100 101 104 106 107 108 109 112 113 114 115 116 121 122 124 125 126 127
0 1 5 6 7 9 12 13 18 19 22 23 26 27 29 38 40 42 44 51 52 54 56 59 61 63 65 66 67 68 69 70 72 73 74 75 77 78 79 82 83 87 88 89 90 91 92 93 95 98 99 100 101 102 106 107 108 109 110 112 113 114 121 122 125 126 127
1 5 6 7 9 12 18 19 22 23 24 26 27 29 35 37 38 40 42 44 45 51 52 55 57 59 60 61 63 65 66 67 68 69 70 72 74 75 78 81 82 83 85 87 88 89 90 91 92 93 95 98 99 106 107 109 110 112 113 114 115 117 121 122 125 126 127
0 1 5 6 7 9 12 13 18 19 22 23 26 27 29 38 42 44 51 54 56 57 59 61 63 65 66 67 68 69 70 72 73 74 75 77 78 79 82 83 87 88 89 90 91 92 93 95 97 98 99 100 101 106 107 108 109 110 112 113 114 121 122 125 126 127
0 1 5 6 7 9 12 13 18 19 22 23 26 27 29 38 42 44 51 54 56 59 61 63 65 66 67 68 69 70 72 73 74 75 77 78 79 82 83 87 88 89 90 91 92 93 95 97 98 99 100 101 102 106 107 108 109 110 112 113 114 121 122 125 126 127
0 1 5 6 7 9 12 13 18 19 22 26 27 30 38 42 44 51 54 56 61 63 65 66 67 68 69 70 72 73 74 75 77 78 79 82 83 87 88 89 90 91 92 95 97 98 99 100 101 102 104 106 107 108 109 110 112 113 114 116 121 122 124 125 126 127
0 1 5 6 7 9 12 19 22 23 24 26 27 29 37 40 42 44 45 51 52 54 55 56 57 59 61 63 65 66 67 68 69 70 72 74 75 78 79 82 83 87 88 89 90 91 92 93 94 95 98 99 106 107 108 109 110 112 113 114 115 121 122 125 126 127
1 5 6 7 9 12 18 19 21 22 23 24 26 27 29 35 37 38 40 42 44 45 51 52 55 57 59 60 61 63 65 67 68 69 70 72 74 75 78 81 82 83 85 87 88 90 91 92 93 95 98 99 106 107 109 110 112 113 114 115 117 121 122 125 126 127
1 5 6 7 9 12 18 19 22 23 24 26 27 29 37 38 40 42 44 45 51 52 55 57 59 60 61 63 65 66 67 68 69 70 72 74 75 78 81 82 83 87 88 89 90 91 92 93 95 98 99 101 106 107 108 109 110 112 113 114 115 121 122 125 126 127
1 5 6 7 9 12 18 19 22 23 24 26 27 29 37 38 40 42 44 45 51 52 55 57 59 61 63 65 66 67 68 69 70 72 74 75 78 79 81 82 83 87 88 89 90 91 92 93 95 98 99 101 106 107 108 109 110 112 113 114 115 121 122 125 126 127
1 5 6 7 9 12 19 22 23 24 26 27 29 35 37 40 42 44 45 51 52 55 57 59 60 61 63 65 66 67 68 69 70 72 74 75 78 81 82 83 85 87 88 89 90 91 92 93 94 95 98 99 106 107 109 110 112 113 114 115 117 121 122 125 126 127
1 6 7 9 13 18 19 23 24 26 27 29 37 38 40 42 44 45 51 52 57 61 63 65 66 67 68 69 70 72 73 74 75 77 78 79 81 82 87 89 90 91 92 93 95 96 98 99 100 101 104 106 107 108 109 112 113 114 115 116 121 122 124 125 126 127
0 1 6 7 9 13 18 19 23 24 26 27 29 38 42 44 45 51 52 54 56 57 61 63 64 65 66 67 68 69 72 73 74 75 77 78 79 82 87 89 90 91 92 93 96 98 99 100 101 104 106 107 108 109 112 113 114 115 116 121 122 124 125 126 127
1 5 6 7 9 12 19 21 22 23 24 26 27 29 35 37 40 42 44 45 51 52 55 57 59 60 61 63 65 67 68 69 70 72 74 75 78 81 82 83 85 87 88 90 91 92 93 94 95 98 99 106 107 109 110 112 113 114 115 117 121 122 125 126 127
0 1 5 6 7 9 12 13 18 19 22 26 27 30 38 42 44 51 54 56 59 61 63 65 66 67 68 69 70 72 73 74 75 77 78 79 82 83 87 88 89 90 91 92 95 97 98 99 100 101 102 106 107 108 109 110 112 113 114 121 122 125 126 127
0 1 5 6 7 9 12 18 19 22 23 26 27 29 38 40 42 44 51 52 54 55 56 59 61 63 65 66 67 68 69 70 72 74 75 78 79 82 83 87 88 89 90 91 92 93 95 98 99 101 102 106 107 108 109 110 112 113 114 121 122 125 126 127
0 1 5 6 7 9 12 18 22 26 27 30 38 42 43 44 51 54 56 61 63 65 66 67 68 69 70 72 73 74 75 77 78 79 83 87 88 89 90 91 92 95 97 98 99 100 101 102 104 106 107 108 109 110 112 113 114 116 121 122 124 125 126 127
0 1 6 7 9 13 18 19 23 26 27 29 38 40 42 44 51 52 54 56 61 63 65 66 67 68 69 70 72 73 74 75 77 78 79 82 87 89 90 91 92 93 95 96 98 99 100 101 102 104 106 107 108 109 112 113 114 116 121 122 124 125 126 127
1 5 6 7 9 12 19 22 23 24 26 27 29 37 40 42 44 45 51 52 55 57 59 60 61 63 65 66 67 68 69 70 72 74 75 78 81 82 83 87 88 89 90 91 92 93 94 95 98 99 106 107 108 109 110 112 113 114 115 121 122 125 126 127
1 5 6 7 9 12 19 22 23 24 26 27 29 37 40 42 44 45 51 52 55 57 59 61 63 65 66 67 68 69 70 72 74 75 78 79 81 82 83 87 88 89 90 91 92 93 94 95 98 99 106 107 108 109 110 112 113 114 115 121 122 125 126 127
0 1 5 6 7 9 12 18 19 22 23 26 27 29 38 42 44 51 54 55 56 57 59 61 63 65 66 67 68 69 70 72 74 75 78 79 82 83 87 88 89 90 91 92 93 95 97 98 99 101 106 107 108 109 110 112 113 114 121 122 125 126 127
0 1 5 6 7 9 12 18 19 22 23 26 27 29 38 42 44 51 54 55 56 59 61 63 65 66 67 68 69 70 72 74 75 78 79 82 83 87 88 89 90 91 92 93 95 97 98 99 101 102 106 107 108 109 110 112 113 114 121 122 125 126 127
0 1 6 7 9 13 18 19 23 26 27 29 38 42 44 51 54 56 57 61 63 65 66 67 68 69 70 72 73 74 75 77 78 79 82 87 89 90 91 92 93 95 96 97 98 99 100 101 104 106 107 108 109 112 113 114 116 121 122 124 125 126 127
0 1 6 7 9 13 18 19 23 26 27 29 38 42 44 51 54 56 61 63 65 66 67 68 69 70 72 73 74 75 77 78 79 82 87 89 90 91 92 93 95 96 97 98 99 100 101 102 104 106 107 108 109 112 113 114 116 121 122 124 125 126 127
0 1 5 6 7 9 12 18 22 26 27 30 38 42 43 44 51 54 56 59 61 63 65 66 67 68 69 70 72 73 74 75 77 78 79 83 87 88 89 90 91 92 95 97 98 99 100 101 102 106 107 108 109 110 112 113 114 121 122 125 126 127
0 1 5 6 7 9 12 19 22 23 26 27 29 40 42 44 51 52 54 55 56 59 61 63 65 66 67 68 69 70 72 74 75 78 79 82 83 87 88 89 90 91 92 93 94 95 98 99 102 106 107 108 109 110 112 113 114 121 122 125 126 127
0 1 6 7 9 13 18 19 23 26 27 29 38 42 44 51 52 54 56 61 63 64 65 66 67 68 69 72 73 74 75 77 78 79 82 87 89 90 91 92 93 96 98 99 100 101 102 104 106 107 108 109 112 113 114 116 121 122 124 125 126 127
0 1 6 7 9 13 18 19 23 26 27 29 38 42 44 51 54 56 57 61 63 64 65 66 67 68 69 72 73 74 75 77 78 79 82 87 89 90 91 92 93 96 97 98 99 100 101 104 106 107 108 109 112 113 114 116 121 122 124 125 126 127
0 1 6 7 9 13 18 19 23 26 27 29 38 42 44 51 54 56 61 63 64 65 66 67 68 69 72 73 74 75 77 78 79 82 87 89 90 91 92 93 96 97 98 99 100 101 102 104 106 107 108 109 112 113 114 116 121 122 124 125 126 127
0 1 5 6 7 9 12 18 19 22 26 27 30 38 42 44 51 54 55 56 59 61 63 65 66 67 68 69 70 72 74 75 78 79 82 83 87 88 89 90 91 92 95 97 98 99 101 102 106 107 108 109 110 112 113 114 121 122 125 126 127
0 1 5 6 7 9 12 19 22 23 26 27 29 42 44 51 54 55 56 57 59 61 63 65 66 67 68 69 70 72 74 75 78 79 82 83 87 88 89 90 91 92 93 94 95 97 98 99 106 107 108 109 110 112 113 114 121 122 125 126 127
0 1 5 6 7 9 12 19 22 23 26 27 29 42 44 51 54 55 56 59 61 63 65 66 67 68 69 70 72 74 75 78 79 82 83 87 88 89 90 91 92 93 94 95 97 98 99 102 106 107 108 109 110 112 113 114 121 122 125 126 127
0 1 6 7 9 13 18 19 26 27 30 38 42 44 51 54 56 61 63 65 66 67 68 69 70 72 73 74 75 77 78 79 82 87 89 90 91 92 95 96 97 98 99 100 101 102 104 106 107 108 109 112 113 114 116 121 122 124 125 126 127
0 1 5 6 7 9 12 18 22 26 27 30 38 42 43 44 51 54 55 56 59 61 63 65 66 67 68 69 70 72 74 75 78 79 83 87 88 89 90 91 92 95 97 98 99 101 102 106 107 108 109 110 112 113 114 121 122 125 126 127
0 1 5 7 9 12 19 22 23 24 26 27 29 37 40 42 44 45 51 52 54 55 56 57 59 61 63 65 66 67 68 69 70 74 75 78 83 87 88 90 91 92 93 94 95 98 105 106 107 108 109 110 112 114 115 121 122 125 126 127
0 1 5 7 12 18 22 26 27 30 38 42 43 44 51 54 56 61 63 65 66 67 69 70 72 73 74 75 77 78 79 83 87 88 89 90 91 95 97 98 99 100 101 102 104 106 107 108 109 110 113 114 116 118 121 122 124 125 126 127
0 1 6 7 9 13 18 19 26 27 30 38 42 44 51 54 56 61 63 64 65 66 67 68 69 72 73 74 75 77 78 79 82 87 89 90 91 92 96 97 98 99 100 101 102 104 106 107 108 109 112 113 114 116 121 122 124 125 126 127
1 5 7 9 12 19 22 23 24 26 27 29 35 37 40 42 44 45 51 52 55 57 59 60 61 63 65 66 67 68 69 70 74 75 78 81 83 85 87 88 90 91 92 93 94 95 98 105 106 107 109 110 112 114 115 121 122 125 126 127
0 1 5 6 7 9 12 19 22 26 27 30 42 44 51 54 55 56 59 61 63 65 66 67 68 69 70 72 74 75 78 79 82 83 87 88 89 90 91 92 94 95 97 98 99 102 106 107 108 109 110 112 113 114 121 122 125 126 127
0 1 5 7 12 18 22 26 27 30 38 42 43 51 54 56 61 63 65 66 67 69 70 71 72 73 74 75 77 78 79 83 87 88 89 90 91 95 97 98 99 100 101 102 104 106 107 108 109 113 114 116 118 121 122 124 125 126 127
0 1 6 7 9 18 26 27 30 38 42 43 44 51 54 56 61 63 65 66 67 68 69 70 72 73 74 75 77 78 79 87 89 90 91 92 95 96 97 98 99 100 101 102 104 106 107 108 109 112 113 114 116 121 122 124 125 126 127
1 5 7 9 12 19 22 23 24 26 27 29 37 40 42 44 45 51 52 55 57 59 60 61 63 65 66 67 68 69 70 74 75 78 81 83 87 88 90 91 92 93 94 95 98 105 106 107 108 109 110 112 114 115 121 122 125 126 127
0 1 5 6 7 9 12 22 26 27 30 42 43 44 51 54 55 56 59 61 63 65 66 67 68 69 70 72 74 75 78 79 83 87 88 89 90 91 92 94 95 97 98 99 102 106 107 108 109 110 112 113 114 121 122 125 126 127
0 1 5 7 12 18 22 26 27 30 38 42 43 44 51 54 56 59 61 63 65 66 67 69 70 72 73 74 75 77 78 79 83 87 88 89 90 91 95 97 98 99 100 101 102 106 107 108 109 110 113 114 118 121 122 125 126 127
0 1 6 7 9 18 26 27 30 38 42 43 44 51 54 56 61 63 64 65 66 67 68 69 72 73 74 75 77 78 79 87 89 90 91 92 96 97 98 99 100 101 102 104 106 107 108 109 112 113 114 116 121 122 124 125 126 127
0 1 5 7 12 18 22 26 27 30 38 42 43 51 54 56 59 61 63 65 66 67 69 70 71 72 73 74 75 77 78 79 83 87 88 89 90 91 95 97 98 99 100 101 102 106 107 108 109 113 114 118 121 122 125 126 127
0 5 7 12 18 22 26 27 30 38 42 43 51 54 56 61 63 65 66 67 69 70 71 72 73 74 75 77 78 79 87 88 89 90 91 95 97 98 99 100 101 102 104 106 107 108 109 113 116 118 119 121 122 124 125 126 127
0 1 5 7 9 12 19 22 23 26 27 29 40 42 44 51 52 54 55 56 59 61 63 65 66 67 68 69 70 74 75 78 83 87 88 90 91 92 93 94 95 98 102 105 106 107 108 109 110 112 114 121 122 125 126 127
0 1 5 7 12 18 22 26 27 30 38 42 43 44 51 54 55 56 59 61 63 65 66 67 69 70 72 74 75 78 79 83 87 88 89 90 91 95 97 98 99 101 102 106 107 108 109 110 113 114 118 121 122 125 126 127
0 1 5 7 9 12 19 22 23 26 27 29 42 44 51 54 55 56 57 59 61 63 65 66 67 68 69 70 74 75 78 83 87 88 90 91 92 93 94 95 97 98 105 106 107 108 109 110 112 114 121 122 125 126 127
0 1 5 7 9 12 19 22 23 26 27 29 42 44 51 54 55 56 59 61 63 65 66 67 68 69 70 74 75 78 83 87 88 90 91 92 93 94 95 97 98 102 105 106 107 108 109 110 112 114 121 122 125 126 127
0 1 5 7 12 18 22 26 27 30 38 42 43 51 54 55 56 59 61 63 65 66 67 69 70 71 72 74 75 78 79 83 87 88 89 90 91 95 97 98 99 101 102 106 107 108 109 113 114 118 121 122 125 126 127
0 1 7 18 26 27 30 38 42 43 44 51 54 56 61 63 65 66 67 69 70 72 73 74 75 77 78 79 87 89 90 91 95 96 97 98 99 100 101 102 104 106 107 108 109 113 114 116 118 121 122 124 125 126 127
0 1 7 18 26 27 30 38 42 43 51 54 56 61 63 65 66 67 69 70 71 72 73 74 75 77 78 79 87 89 90 91 95 96 97 98 99 100 101 102 104 106 107 108 109 113 114 116 118 121 122 124 125 126 127
0 5 7 12 18 22 26 27 30 38 42 43 51 54 56 59 61 63 65 66 67 69 70 71 72 73 74 75 77 78 79 87 88 89 90 91 95 97 98 99 100 101 102 106 107 108 109 113 118 119 121 122 125 126 127
0 6 7 13 15 18 26 27 30 32 38 42 44 51 54 56 61 63 64 65 66 67 68 69 72 73 75 77 78 79 82 87 89 90 91 96 97 98 99 100 101 102 104 106 107 108 109 113 114 116 121 122 124 125 127
0 6 7 13 18 26 27 30 32 38 42 44 51 54 56 61 63 64 65 66 67 68 69 72 73 74 75 77 78 79 82 87 89 90 91 96 97 98 99 100 101 102 104 106 107 108 109 113 114 116 121 122 124 125 127
0 6 7 13 18 26 27 32 38 42 44 51 54 56 61 63 64 65 66 67 68 69 72 73 74 75 77 78 79 82 87 89 90 91 93 96 97 98 99 100 101 102 104 106 107 108 109 113 114 116 121 122 124 125 127
0 1 5 7 12 22 26 27 30 42 43 44 51 54 55 56 59 61 63 65 66 67 69 70 72 74 75 78 79 83 87 88 89 90 91 94 95 97 98 99 102 106 107 108 109 110 113 114 118 121 122 125 126 127
0 1 7 18 26 27 30 38 42 43 44 51 54 56 61 63 64 65 66 67 69 72 73 74 75 77 78 79 87 89 90 91 96 97 98 99 100 101 102 104 106 107 108 109 113 114 116 118 121 122 124 125 126 127
0 1 7 18 26 27 30 38 42 43 51 54 56 61 63 64 65 66 67 69 71 72 73 74 75 77 78 79 87 89 90 91 96 97 98 99 100 101 102 104 106 107 108 109 113 114 116 118 121 122 124 125 126 127
0 6 7 13 15 18 26 27 30 32 38 42 44 50 51 54 56 61 63 64 65 66 67 68 72 73 75 77 78 79 82 87 89 90 91 96 97 98 99 100 101 102 104 106 107 108 109 113 114 116 122 124 125 127
0 6 7 15 18 26 27 30 32 38 42 43 44 51 54 56 61 63 64 65 66 67 68 69 72 73 75 77 78 79 87 89 90 91 96 97 98 99 100 101 102 104 106 107 108 109 113 114 116 121 122 124 125 127
0 6 7 18 26 27 30 32 38 42 43 44 51 54 56 61 63 64 65 66 67 68 69 72 73 74 75 77 78 79 87 89 90 91 96 97 98 99 100 101 102 104 106 107 108 109 113 114 116 121 122 124 125 127
0 7 11 15 18 26 27 30 31 32 38 42 43 51 54 56 61 63 64 65 66 67 69 71 72 73 75 77 78 79 87 89 90 91 96 97 98 99 100 101 102 104 106 107 108 109 113 116 118 119 121 122 124 127
0 7 11 15 18 26 27 30 32 38 42 43 51 54 56 61 63 64 65 66 67 69 71 72 73 75 77 78 79 87 89 90 91 96 97 98 99 100 101 102 104 106 107 108 109 113 114 116 118 121 122 124 125 127
0 7 11 15 18 26 27 30 32 38 42 43 51 54 56 61 63 64 65 66 67 69 71 72 73 75 77 78 79 87 89 90 91 96 97 98 99 100 101 102 104 106 107 108 109 113 116 118 119 121 122 124 125 127
0 7 18 26 27 30 38 42 43 51 54 56 61 63 65 66 67 69 70 71 72 73 74 75 77 78 79 87 89 90 91 95 96 97 98 99 100 101 102 104 106 107 108 109 113 116 118 119 121 122 124 125 126 127
0 1 5 7 9 12 19 22 26 27 30 42 44 51 54 55 56 59 61 63 65 66 67 68 69 70 74 75 78 83 87 88 90 91 92 94 95 97 98 102 105 106 107 108 109 110 112 114 121 122 125 126 127
0 1 5 7 9 12 22 26 27 30 42 43 44 51 54 55 56 59 61 63 65 66 67 68 69 70 74 75 78 83 87 88 90 91 92 94 95 97 98 102 105 106 107 108 109 110 112 114 121 122 125 126 127
0 1 5 7 12 22 26 27 30 42 43 51 54 55 56 59 61 63 65 66 67 69 70 71 72 74 75 78 79 83 87 88 89 90 91 94 95 97 98 99 102 106 107 108 109 113 114 118 121 122 125 126 127
0 5 7 12 18 22 26 27 30 38 42 43 51 54 55 56 59 61 63 65 66 67 69 70 71 72 74 75 78 79 87 88 89 90 91 95 97 98 99 101 102 106 107 108 109 113 118 119 121 122 125 126 127
0 6 7 11 15 18 26 27 30 32 38 42 43 51 54 56 61 63 64 65 66 67 69 72 73 75 77 78 79 87 89 90 91 96 97 98 99 100 101 102 104 106 107 108 109 113 114 116 121 122 124 125 127
0 6 7 13 18 26 27 32 38 42 44 50 51 54 56 61 63 64 65 66 67 68 72 73 75 77 78 79 82 87 89 90 91 93 96 97 98 99 100 101 102 104 106 107 108 109 113 114 116 122 124 125 127
0 6 7 15 18 26 27 30 32 38 42 43 44 50 51 54 56 61 63 64 65 66 67 68 72 73 75 77 78 79 87 89 90 91 96 97 98 99 100 101 102 104 106 107 108 109 113 114 116 122 124 125 127
0 7 15 18 26 27 30 32 38 42 43 44 51 54 56 61 63 64 65 66 67 69 72 73 75 77 78 79 87 89 90 91 96 97 98 99 100 101 102 104 106 107 108 109 113 114 116 118 121 122 124 125 127
0 7 18 26 27 30 32 38 42 43 44 51 54 56 61 63 64 65 66 67 69 72 73 74 75 77 78 79 87 89 90 91 96 97 98 99 100 101 102 104 106 107 108 109 113 114 116 118 121 122 124 125 127
0 7 18 26 27 30 32 38 42 43 51 54 56 61 63 64 65 66 67 69 71 72 73 74 75 77 78 79 87 89 90 91 96 97 98 99 100 101 102 104 106 107 108 109 113 114 116 118 121 122 124 125 127
0 7 18 26 27 30 32 38 42 43 51 54 56 61 63 64 65 66 67 69 71 72 73 74 75 77 78 79 87 89 90 91 96 97 98 99 100 101 102 104 106 107 108 109 113 116 118 119 121 122 124 125 127
0 7 18 26 27 30 38 42 43 51 54 56 61 63 64 65 66 67 69 71 72 73 74 75 77 78 79 87 89 90 91 96 97 98 99 100 101 102 104 106 107 108 109 113 116 118 119 121 122 124 125 126 127
0 6 7 11 15 18 26 27 30 31 32 38 42 43 51 54 56 61 63 64 65 66 67 69 72 73 75 77 78 79 87 89 90 91 96 97 98 99 100 101 102 104 106 107 108 109 113 116 121 122 124 127
0 6 7 11 15 18 26 27 30 32 38 42 43 50 51 54 56 61 63 64 65 66 67 72 73 75 77 78 79 87 89 90 91 96 97 98 99 100 101 102 104 106 107 108 109 113 114 116 122 124 125 127
0 5 7 12 22 26 27 30 42 43 51 54 55 56 59 61 63 65 66 67 69 70 71 72 74 75 78 79 87 88 89 90 91 94 95 97 98 99 102 106 107 108 109 113 118 119 121 122 125 126 127
0 6 7 11 15 18 26 27 30 31 32 38 42 43 50 51 54 56 61 63 64 65 66 67 72 73 75 77 78 79 87 89 90 91 96 97 98 99 100 101 102 104 106 107 108 109 113 116 122 124 127
0 7 11 15 18 26 27 30 31 32 38 42 43 50 51 54 56 61 63 64 65 66 67 72 73 75 77 78 79 87 89 90 91 96 97 98 99 100 101 102 104 106 107 108 109 113 116 119 122 124 127
0 7 11 15 18 26 27 30 32 38 42 43 50 51 54 56 61 63 64 65 66 67 72 73 75 77 78 79 87 89 90 91 96 97 98 99 100 101 102 104 106 107 108 109 113 116 119 122 124 125 127
0 7 11 18 22 26 27 30 38 42 43 51 54 56 61 63 65 66 67 69 71 72 73 75 77 78 79 87 89 90 91 97 98 99 100 101 102 104 106 107 108 109 113 114 116 118 121 122 124 125 127
0 7 11 18 22 26 27 30 38 42 43 51 54 56 61 63 65 66 67 69 71 72 73 75 77 78 79 87 89 90 91 97 98 99 100 101 102 104 106 107 108 109 113 116 118 119 121 122 124 125 127
0 1 5 7 12 22 26 27 30 42 43 44 51 54 55 56 59 61 63 65 66 67 69 70 74 75 78 83 87 88 90 91 94 95 97 98 102 105 106 107 108 109 110 114 118 121 122 125 126 127
0 6 7 11 18 22 26 27 30 38 42 43 51 54 56 61 63 65 66 67 69 72 73 75 77 78 79 87 89 90 91 97 98 99 100 101 102 104 106 107 108 109 113 114 116 121 122 124 125 127
0 7 11 15 18 26 27 30 31 32 38 42 43 46 54 56 61 63 64 66 67 69 71 72 73 75 77 78 79 87 89 90 91 96 97 99 100 101 102 104 107 108 109 113 116 118 119 121 124 127
0 7 11 15 18 26 30 31 32 36 38 42 43 46 54 56 61 63 64 66 67 69 71 72 73 75 77 78 79 87 89 90 91 96 97 99 100 101 102 104 107 108 109 113 116 118 119 121 124 127
0 1 5 7 12 22 26 27 30 42 43 51 54 55 56 59 61 63 65 66 67 69 70 71 74 75 78 83 87 88 90 91 94 95 97 98 102 105 106 107 108 109 114 118 121 122 125 126 127
0 5 7 18 22 26 27 30 38 42 43 46 54 56 61 63 66 67 69 70 71 72 73 75 77 78 79 87 88 89 90 91 97 99 100 101 102 104 107 108 109 113 116 118 119 121 124 127
0 7 11 15 18 26 27 30 31 32 34 38 42 43 46 54 56 61 64 67 71 72 73 75 77 78 79 86 87 89 90 91 96 97 99 100 101 102 104 107 108 109 113 116 118 119 124 127
0 7 11 15 18 26 27 30 31 32 34 38 42 43 51 54 56 61 64 67 71 72 73 75 77 78 79 87 89 90 91 96 97 98 99 100 101 102 104 107 108 109 113 116 118 119 124 127
0 7 11 15 18 26 30 31 32 34 36 38 42 43 46 54 56 61 64 67 71 72 73 75 77 78 79 86 87 89 90 91 96 97 99 100 101 102 104 107 108 109 113 116 118 119 124 127
0 6 7 11 15 18 26 27 30 31 32 34 38 42 43 50 51 54 56 61 64 67 72 73 75 77 78 79 87 89 90 91 96 97 98 99 100 101 102 104 107 108 109 113 116 124 127
0 7 11 15 18 26 27 30 31 32 34 38 42 43 46 50 54 56 61 64 67 72 73 75 77 78 79 86 87 89 90 91 96 97 99 100 101 102 104 107 108 109 113 116 119 124 127
0 7 11 15 18 26 27 30 31 32 34 38 42 43 50 51 54 56 61 64 67 72 73 75 77 78 79 87 89 90 91 96 97 98 99 100 101 102 104 107 108 109 113 116 119 124 127
0 7 11 15 18 26 27 30 31 32 38 42 43 46 50 54 56 61 63 64 66 67 72 73 75 77 78 79 87 89 90 91 96 97 99 100 101 102 104 107 108 109 113 116 119 124 127
0 7 11 15 18 26 30 31 32 34 36 38 42 43 46 50 54 56 61 64 67 72 73 75 77 78 79 86 87 89 90 91 96 97 99 100 101 102 104 107 108 109 113 116 119 124 127
0 7 11 15 18 26 30 31 32 36 38 42 43 46 50 54 56 61 63 64 66 67 72 73 75 77 78 79 87 89 90 91 96 97 99 100 101 102 104 107 108 109 113 116 119 124 127
0 7 11 18 22 26 27 30 38 42 43 46 54 56 61 63 66 67 69 71 72 73 75 77 78 79 87 89 90 91 97 99 100 101 102 104 107 108 109 113 116 118 119 121 124 127
0 7 18 26 27 30 38 42 43 46 54 56 61 63 66 67 69 70 71 72 73 75 77 78 79 87 89 90 91 96 97 99 100 101 102 104 107 108 109 113 116 118 119 121 124 127
0 6 7 13 15 18 26 27 30 32 34 38 42 50 51 54 56 61 64 67 72 73 75 77 78 79 87 89 90 91 96 97 98 99 100 101 102 104 107 108 109 113 116 124 127
0 6 7 11 15 18 26 27 30 31 32 33 34 38 42 50 51 61 64 67 72 73 75 77 78 79 87 89 90 91 96 98 99 100 101 104 107 108 109 113 116 120 124 127
0 6 7 11 15 18 26 27 30 31 32 34 38 42 50 51 61 64 67 72 73 75 77 78 79 87 89 90 91 96 97 98 99 100 101 104 107 108 109 113 116 120 124 127
0 6 7 11 15 18 26 27 30 31 32 38 42 50 51 61 64 65 67 72 73 75 77 78 79 87 89 90 91 96 97 98 99 100 101 104 107 108 109 113 116 120 124 127
0 6 7 11 15 18 26 27 30 32 38 42 50 51 61 64 65 67 72 73 75 77 78 79 87 89 90 91 96 97 98 99 100 101 104 107 108 109 113 114 116 120 124 127
0 6 7 13 15 18 26 27 30 32 38 42 50 51 61 64 65 67 72 73 75 77 78 79 87 89 90 91 96 97 98 99 100 101 104 107 108 109 113 114 116 120 124 127
0 7 11 15 18 26 27 30 31 32 34 38 42 46 50 61 64 67 72 73 75 77 78 79 86 87 89 90 91 96 97 99 100 101 104 107 108 109 113 116 119 120 124 127
0 7 11 15 18 26 27 30 31 32 34 38 42 50 51 61 64 67 72 73 75 77 78 79 87 89 90 91 96 97 98 99 100 101 104 107 108 109 113 116 119 120 124 127
0 7 11 15 18 26 27 30 31 32 38 42 50 51 61 64 65 67 72 73 75 77 78 79 87 89 90 91 96 97 98 99 100 101 104 107 108 109 113 116 119 120 124 127
0 7 11 15 18 26 30 31 32 34 36 38 42 46 50 61 64 67 72 73 75 77 78 79 86 87 89 90 91 96 97 99 100 101 104 107 108 109 113 116 119 120 124 127
0 4 7 11 15 18 26 30 31 32 34 36 38 42 43 46 54 56 64 71 72 73 77 78 79 86 89 96 97 99 100 101 102 104 107 108 109 113 116 118 119 124 127
0 6 7 13 15 18 26 27 30 32 33 34 38 42 50 51 61 64 67 72 73 75 77 78 79 87 89 90 91 96 98 99 100 101 104 107 108 109 113 116 120 124 127
0 6 7 13 15 18 26 27 30 32 34 38 42 50 51 61 64 67 72 73 75 77 78 79 87 89 90 91 96 97 98 99 100 101 104 107 108 109 113 116 120 124 127
0 7 11 15 18 26 27 30 31 32 33 34 38 42 46 50 61 64 67 72 73 75 77 78 79 86 87 89 90 91 96 99 100 101 104 107 108 109 113 116 120 124 127
0 7 11 15 18 26 30 31 32 33 34 36 38 42 46 50 61 64 67 72 73 75 77 78 79 86 87 89 90 91 96 99 100 101 104 107 108 109 113 116 120 124 127
0 4 7 11 15 18 26 30 31 32 34 36 38 42 43 46 50 54 56 64 72 73 77 78 79 86 89 96 97 99 100 101 102 104 107 108 109 113 116 119 124 127
0 4 7 11 15 18 26 30 31 32 34 36 38 42 46 50 64 72 73 77 78 79 86 89 96 97 99 100 101 104 107 108 109 113 116 119 120 124 127
0 4 7 11 15 18 26 30 31 32 33 34 36 38 42 46 50 64 72 73 77 78 79 86 89 96 99 100 101 104 107 108 109 113 116 120 124 127
0 4 11 15 26 30 31 32 34 36 38 43 46 47 54 56 64 71 73 77 78 79 86 89 96 97 101 102 104 107 108 109 113 116 118 119 124 127
0 4 11 15 26 30 31 32 34 36 38 43 46 47 50 54 56 64 73 77 78 79 86 89 96 97 101 102 104 107 108 109 113 116 119 124 127
0 4 11 15 26 30 31 32 34 36 38 46 47 50 64 73 77 78 79 86 89 96 97 101 104 107 108 109 113 116 119 120 124 127
0 2 4 11 15 30 31 32 34 36 38 46 47 50 64 73 77 78 79 86 89 96 97 101 104 107 108 109 113 116 119 120 124
0 4 11 15 26 30 31 32 33 34 36 38 46 47 50 64 73 77 78 79 86 89 96 101 104 107 108 109 113 116 120 124 127
0 2 4 11 15 30 31 32 33 34 36 38 46 47 50 64 73 77 78 79 86 89 96 101 104 107 108 109 113 116 120 124
0 4 11 15 26 30 31 32 34 36 43 46 47 54 56 71 73 78 79 86 89 97 101 102 104 107 108 109 111 116 118 119
0 11 15 26 30 31 32 36 43 46 54 56 66 71 73 78 79 89 97 101 102 104 107 108 109 111 116 118 119
2 3 4 8 10 14 15 17 20 25 28 31 32 34 39 41 47 48 49 53 58 62 76 80 84 86 103 123
2 3 4 8 10 14 15 16 17 20 25 28 34 39 41 47 48 49 53 58 62 76 80 84 86 103 123
2 3 4 8 11 14 15 17 20 25 28 31 32 34 36 39 41 47 48 53 58 62 76 80 86 103 123
0 2 4 11 15 30 31 32 34 36 46 47 73 78 79 86 89 97 101 104 107 108 109 111 116 119
2 3 4 8 11 14 15 17 20 25 28 31 32 34 36 39 47 48 53 58 76 80 86 103 111 123
2 3 4 8 11 14 15 17 20 25 28 31 32 34 36 39 46 47 53 76 80 86 103 111 123
0 4 11 15 28 30 31 32 34 36 43 46 47 53 71 76 79 86 97 101 108 111 118 119
0 4 11 15 28 30 31 32 34 36 43 46 47 53 71 79 86 97 101 102 108 111 118 119
0 2 4 11 15 28 30 31 32 34 36 46 47 53 76 79 86 97 101 108 111 119
2 4 11 15 31 32 33 34 36 38 47 50 62 64 73 77 86 96 104 116 120 124
2 4 11 15 31 32 33 34 36 46 47 50 64 80 86 96 104 116 120 124
2 4 11 15 31 32 33 34 36 47 50 62 64 80 86 96 104 116 120 124
2 4 8 10 15 20 31 32 34 41 47 48 49 58 62 80 84 86 120
2 4 8 10 15 31 32 33 34 41 47 48 49 58 62 80 84 86 120
2 4 11 14 15 28 30 31 32 34 36 46 47 53 76 79 86 111 119
2 4 11 15 31 32 33 34 36 41 47 50 62 64 80 86 96 104 120
4 11 14 15 28 30 31 32 34 36 46 47 53 71 76 79 86 111 119
2 4 8 10 15 16 20 34 41 47 48 49 58 62 80 84 86 120
2 4 8 10 15 16 33 34 41 47 48 49 58 62 80 84 86 120
2 4 8 11 15 20 31 32 34 36 41 47 48 58 62 80 86 120
2 4 8 11 15 31 32 33 34 36 41 47 48 58 62 80 86 120
2 4 15 31 32 33 34 41 47 49 50 62 64 80 86 96 104 120
2 4 15 31 32 33 34 47 49 50 62 64 80 86 96 104 116 120
2 4 10 15 31 32 33 34 41 47 49 62 64 80 84 86 120
2 4 10 15 31 32 33 34 41 47 49 62 64 80 86 96 120
2 4 8 11 15 31 32 33 34 36 46 47 80 86 116 120
2 4 8 11 15 31 32 33 34 36 47 62 80 86 116 120
2 4 8 11 15 20 31 32 34 36 46 47 80 86 120
2 4 8 11 15 31 32 34 36 46 47 80 86 111 116
2 4 8 15 31 32 33 34 47 49 62 80 86 116 120
2 4 11 15 31 32 34 36 46 47 80 86 104 111 116
