0 1 2 3 4 5 6 7 8 9 10 11 12 13 14 15 48 49 50 51 52 53 60 62 64 65 66 69 129 131 133
0 1 2 3 4 5 6 7 8 9 10 11 12 13 14 15 48 49 50 51 52 53 60 62 64 65 66 69 142 143 144
0 1 2 3 4 5 6 7 8 9 10 11 12 13 14 15 32 48 49 50 51 52 53 60 62 64 65 66 69 106
0 1 2 3 4 5 6 7 8 9 10 11 12 13 14 15 32 48 49 50 51 52 53 60 62 64 65 66 69 110
0 1 2 3 4 5 6 7 8 9 10 11 12 13 14 15 48 49 50 51 52 53 60 62 64 65 66 69 106 152
0 1 2 3 4 5 6 7 8 9 10 11 12 13 14 15 48 49 50 51 52 53 60 62 64 65 66 69 106 153
0 1 2 3 4 5 6 7 8 9 10 11 12 13 14 15 48 49 50 51 52 53 60 62 64 65 66 69 106 154
0 1 2 3 4 5 6 7 8 9 10 11 12 13 14 15 48 49 50 51 52 53 60 62 64 65 66 69 106 155
0 1 2 3 4 5 6 7 8 9 10 11 12 13 14 15 48 49 50 51 52 53 60 62 64 65 66 69 106 156
0 1 2 3 4 5 6 7 8 9 10 11 12 13 14 15 48 49 50 51 52 53 60 62 64 65 66 69 116 118
0 1 2 3 4 5 6 7 8 9 10 11 12 13 14 15 48 49 50 51 52 53 60 62 64 65 66 69 129 134
0 1 2 3 4 5 6 7 8 9 10 11 12 13 14 15 48 49 50 51 52 53 60 62 64 65 66 69 135 137
0 1 2 3 4 5 6 7 8 9 10 11 12 13 14 15 48 49 50 51 52 53 60 62 64 65 66 69 142 145
0 1 2 3 4 5 6 7 8 9 10 11 12 13 14 15 48 49 50 51 52 53 60 62 64 65 66 69 146 147
16 17 18 19 20 21 22 23 24 25 26 27 28 29 30 31 33 59 70 82 84 85 88 89 91 92 94 95 128 130
16 17 18 19 20 21 22 23 24 25 26 27 28 29 30 31 33 59 70 82 84 85 88 89 91 92 94 95 128 132
16 17 18 19 20 21 22 23 24 25 26 27 28 29 30 31 33 59 70 82 84 85 88 89 91 92 94 95 128 136
16 17 18 19 20 21 22 23 24 25 26 27 28 29 30 31 59 70 82 84 85 88 89 91 92 94 95 113 114 115
16 17 18 19 20 21 22 23 24 25 26 27 28 29 30 31 59 70 82 84 85 88 89 91 92 94 95 115 119 120
0 1 2 3 4 5 6 7 8 9 10 11 12 13 14 15 48 49 50 51 52 53 60 62 64 65 66 69 99
0 1 2 3 4 5 6 7 8 9 10 11 12 13 14 15 48 49 50 51 52 53 60 62 64 65 66 69 100
0 1 2 3 4 5 6 7 8 9 10 11 12 13 14 15 48 49 50 51 52 53 60 62 64 65 66 69 101
0 1 2 3 4 5 6 7 8 9 10 11 12 13 14 15 48 49 50 51 52 53 60 62 64 65 66 69 102
0 1 2 3 4 5 6 7 8 9 10 11 12 13 14 15 48 49 50 51 52 53 60 62 64 65 66 69 103
0 1 2 3 4 5 6 7 8 9 10 11 12 13 14 15 48 49 50 51 52 53 60 62 64 65 66 69 104
0 1 2 3 4 5 6 7 8 9 10 11 12 13 14 15 48 49 50 51 52 53 60 62 64 65 66 69 105
0 1 2 3 4 5 6 7 8 9 10 11 12 13 14 15 48 49 50 51 52 53 60 62 64 65 66 69 111
0 1 2 3 4 5 6 7 8 9 10 11 12 13 14 15 48 49 50 51 52 53 60 62 64 65 66 69 121
0 1 2 3 4 5 6 7 8 9 10 11 12 13 14 15 48 49 50 51 52 53 60 62 64 65 66 69 138
0 1 2 3 4 5 6 7 8 9 10 11 12 13 14 15 48 49 50 51 52 53 60 62 64 65 66 69 148
16 17 18 19 20 21 22 23 24 25 26 27 28 29 30 31 33 59 70 82 84 85 88 89 91 92 94 95 140
16 17 18 19 20 21 22 23 24 25 26 27 28 29 30 31 34 59 70 82 84 85 88 89 91 92 94 95 158
16 17 18 19 20 21 22 23 24 25 26 27 28 29 30 31 35 59 70 82 84 85 88 89 91 92 94 95 150
16 17 18 19 20 21 22 23 24 25 26 27 28 29 30 31 59 70 82 84 85 88 89 91 92 94 95 97 98
16 17 18 19 20 21 22 23 24 25 26 27 28 29 30 31 59 70 82 84 85 88 89 91 92 94 95 108 109
16 17 18 19 20 21 22 23 24 25 26 27 28 29 30 31 59 70 82 84 85 88 89 91 92 94 95 115 117
16 17 18 19 20 21 22 23 24 25 26 27 28 29 30 31 59 70 82 84 85 88 89 91 92 94 95 123 124
16 17 18 19 20 21 22 23 24 25 26 27 28 29 30 31 59 70 82 84 85 88 89 91 92 94 95 96
16 17 18 19 20 21 22 23 24 25 26 27 28 29 30 31 59 70 82 84 85 88 89 91 92 94 95 112
16 17 18 19 20 21 22 23 24 25 26 27 28 29 30 31 59 70 82 84 85 88 89 91 92 94 95 122
16 17 18 19 20 21 22 23 24 25 26 27 28 29 30 31 59 70 82 84 85 88 89 91 92 94 95 125
16 17 18 19 20 21 22 23 24 25 26 27 28 29 30 31 59 70 82 84 85 87 88 89 91 92 93
16 17 18 19 20 21 22 23 24 25 26 27 28 29 30 31 59 70 82 84 85 87 88 89 91 92 94
16 17 18 19 20 21 22 23 24 25 26 27 28 29 30 31 59 70 82 84 85 86 87 88 89 90
16 17 18 19 20 21 22 23 24 25 26 27 28 29 30 31 59 70 82 84 85 86 87 88 89 91
0 1 2 3 4 5 6 7 8 9 10 11 12 13 14 15 48 49 50 51 52 53 60 62 63
0 1 2 3 4 5 6 7 8 9 10 11 12 13 14 15 48 49 50 51 52 53 162 163 164
16 17 18 19 20 21 22 23 24 25 26 27 28 29 30 31 59 70 81 82 84 85 86 87 88
16 17 18 19 20 21 22 23 24 25 26 27 28 29 30 31 59 70 77 78 79 80 81 82
16 17 18 19 20 21 22 23 24 25 26 27 28 29 30 31 59 70 78 79 80 81 82 83
16 17 18 19 20 21 22 23 24 25 26 27 28 29 30 31 59 70 79 80 81 82 83 84
16 17 18 19 20 21 22 23 24 25 26 27 28 29 30 31 59 70 80 81 82 83 84 85
16 17 18 19 20 21 22 23 24 25 26 27 28 29 30 31 59 70 80 81 82 84 85 86
16 17 18 19 20 21 22 23 24 25 26 27 28 29 30 31 167 168 169 170 171 172 173 174
0 1 2 3 4 5 6 7 8 9 10 11 12 13 14 15 48 49 50 51 52 53 180
0 1 2 3 4 5 6 7 8 9 10 11 12 13 14 15 48 49 50 51 52 53 181
16 17 18 19 20 21 22 23 24 25 26 27 28 29 30 31 59 70 76 77 78 79 80
16 17 18 19 20 21 22 23 24 25 26 27 28 29 30 31 59 68 70 72 73
16 17 18 19 20 21 22 23 24 25 26 27 28 29 30 31 36 177 178 183
16 17 18 19 20 21 22 23 24 25 26 27 28 29 30 31 59 68 70 71
16 17 18 19 20 21 22 23 24 25 26 27 28 29 30 31 59 70 74
16 17 18 19 20 21 22 23 24 25 26 27 28 29 30 31 59 70 75
16 17 18 19 20 21 22 23 24 25 26 27 28 29 30 31 59 61
16 17 18 19 20 21 22 23 24 25 26 27 28 29 30 31 59 67
16 17 18 19 20 21 22 23 24 25 26 27 28 29 30 31 160 161
16 17 18 19 20 21 22 23 24 25 26 27 28 29 30 31 165 166
16 17 18 19 20 21 22 23 24 25 26 27 28 29 30 31 175 176
16 17 18 19 20 21 22 23 24 25 26 27 28 29 30 31 176 177
0 1 2 3 4 5 6 7 8 9 10 11 12 13 14 15 45
0 1 2 3 4 5 6 7 8 9 10 11 12 13 14 15 46
0 1 2 3 4 5 6 7 8 9 10 11 12 13 14 15 47
16 17 18 19 20 21 22 23 24 25 26 27 28 29 30 31 37
16 17 18 19 20 21 22 23 24 25 26 27 28 29 30 31 38
16 17 18 19 20 21 22 23 24 25 26 27 28 29 30 31 39
16 17 18 19 20 21 22 23 24 25 26 27 28 29 30 31 40
16 17 18 19 20 21 22 23 24 25 26 27 28 29 30 31 41
16 17 18 19 20 21 22 23 24 25 26 27 28 29 30 31 42
16 17 18 19 20 21 22 23 24 25 26 27 28 29 30 31 43
16 17 18 19 20 21 22 23 24 25 26 27 28 29 30 31 44
16 17 18 19 20 21 22 23 24 25 26 27 28 29 30 31 54
16 17 18 19 20 21 22 23 24 25 26 27 28 29 30 31 55
16 17 18 19 20 21 22 23 24 25 26 27 28 29 30 31 56
16 17 18 19 20 21 22 23 24 25 26 27 28 29 30 31 57
16 17 18 19 20 21 22 23 24 25 26 27 28 29 30 31 58
16 17 18 19 20 21 22 23 24 25 26 27 28 29 30 31 126
16 17 18 19 20 21 22 23 24 25 26 27 28 29 30 31 184
16 17 18 19 20 21 22 23 24 25 26 27 28 29 30 31 185
0 1 33 59 70 82 84 85 88 89 91 92 94 95 128 130
0 1 33 59 70 82 84 85 88 89 91 92 94 95 128 132
0 1 33 59 70 82 84 85 88 89 91 92 94 95 128 136
0 1 59 70 82 84 85 88 89 91 92 94 95 113 114 115
0 1 59 70 82 84 85 88 89 91 92 94 95 115 119 120
16 48 49 50 51 52 53 60 62 64 65 66 69 129 131 133
16 48 49 50 51 52 53 60 62 64 65 66 69 142 143 144
0 1 2 4 5 6 7 8 9 10 11 12 13 15 37
0 1 33 59 70 82 84 85 88 89 91 92 94 95 140
0 1 34 59 70 82 84 85 88 89 91 92 94 95 158
0 1 35 59 70 82 84 85 88 89 91 92 94 95 150
0 1 59 70 82 84 85 88 89 91 92 94 95 97 98
0 1 59 70 82 84 85 88 89 91 92 94 95 108 109
0 1 59 70 82 84 85 88 89 91 92 94 95 115 117
0 1 59 70 82 84 85 88 89 91 92 94 95 123 124
16 32 48 49 50 51 52 53 60 62 64 65 66 69 106
16 32 48 49 50 51 52 53 60 62 64 65 66 69 110
16 48 49 50 51 52 53 60 62 64 65 66 69 106 152
16 48 49 50 51 52 53 60 62 64 65 66 69 106 153
16 48 49 50 51 52 53 60 62 64 65 66 69 106 154
16 48 49 50 51 52 53 60 62 64 65 66 69 106 155
16 48 49 50 51 52 53 60 62 64 65 66 69 106 156
16 48 49 50 51 52 53 60 62 64 65 66 69 116 118
16 48 49 50 51 52 53 60 62 64 65 66 69 129 134
16 48 49 50 51 52 53 60 62 64 65 66 69 135 137
16 48 49 50 51 52 53 60 62 64 65 66 69 142 145
16 48 49 50 51 52 53 60 62 64 65 66 69 146 147
0 1 2 5 6 7 8 9 10 11 12 13 15 38
0 1 59 70 82 84 85 88 89 91 92 94 95 96
0 1 59 70 82 84 85 88 89 91 92 94 95 112
0 1 59 70 82 84 85 88 89 91 92 94 95 122
0 1 59 70 82 84 85 88 89 91 92 94 95 125
16 48 49 50 51 52 53 60 62 64 65 66 69 99
16 48 49 50 51 52 53 60 62 64 65 66 69 100
16 48 49 50 51 52 53 60 62 64 65 66 69 101
16 48 49 50 51 52 53 60 62 64 65 66 69 102
16 48 49 50 51 52 53 60 62 64 65 66 69 103
16 48 49 50 51 52 53 60 62 64 65 66 69 104
16 48 49 50 51 52 53 60 62 64 65 66 69 105
16 48 49 50 51 52 53 60 62 64 65 66 69 111
16 48 49 50 51 52 53 60 62 64 65 66 69 121
16 48 49 50 51 52 53 60 62 64 65 66 69 138
16 48 49 50 51 52 53 60 62 64 65 66 69 148
0 1 2 6 7 8 9 10 11 12 13 15 39
0 1 59 70 82 84 85 87 88 89 91 92 93
0 1 59 70 82 84 85 87 88 89 91 92 94
0 1 2 7 8 9 10 11 12 13 15 40
0 1 59 70 82 84 85 86 87 88 89 90
0 1 59 70 82 84 85 86 87 88 89 91
0 1 2 8 9 10 11 12 13 15 41
0 1 59 70 81 82 84 85 86 87 88
0 1 2 9 10 11 12 13 15 42
0 1 4 5 6 7 8 9 15 174
0 1 5 6 7 8 9 15 173 174
0 1 6 7 8 9 15 172 173 174
0 1 7 8 9 15 171 172 173 174
0 1 8 9 15 170 171 172 173 174
0 1 9 15 169 170 171 172 173 174
0 1 15 168 169 170 171 172 173 174
0 1 59 70 77 78 79 80 81 82
0 1 59 70 78 79 80 81 82 83
0 1 59 70 79 80 81 82 83 84
0 1 59 70 80 81 82 83 84 85
0 1 59 70 80 81 82 84 85 86
0 1 167 168 169 170 171 172 173 174
16 18 19 20 21 22 23 24 25 45
16 18 19 20 21 22 23 24 25 162
16 19 20 21 22 23 24 25 162 163
16 20 21 22 23 24 25 162 163 164
16 21 22 23 24 25 48 162 163 164
16 22 23 24 25 48 49 162 163 164
16 23 24 25 48 49 50 162 163 164
16 24 25 48 49 50 51 162 163 164
16 25 48 49 50 51 52 162 163 164
16 48 49 50 51 52 53 60 62 63
16 48 49 50 51 52 53 162 163 164
0 1 2 10 11 12 13 15 43
0 1 59 70 76 77 78 79 80
16 19 20 21 22 23 24 25 46
0 1 2 10 11 12 13 44
16 20 21 22 23 24 25 47
16 48 49 50 51 52 53 180
16 48 49 50 51 52 53 181
0 1 2 11 12 13 54
0 1 2 11 12 13 55
0 1 59 68 70 72 73
0 1 2 12 13 56
0 1 2 12 13 57
0 1 36 177 178 183
0 1 59 68 70 71
0 1 2 13 58
0 1 59 70 74
0 1 59 70 75
0 1 2 59
0 1 59 61
0 1 59 67
0 1 160 161
0 1 165 166
0 1 175 176
0 1 176 177
0 1 126
0 1 184
0 1 185
