0 7 17 24 30 39 46 56 63 73 82 92
6 15 22 28 37 45 55 62 71 80 90 100
1 9 25 32 42 49 58 65 85 95
2 10 19 33 43 50 60 67 75 97
46 47 48 49 50 51 52 53 54 55
81 82 83 84 85 86 87 88 89 90
91 92 93 94 95 96 97 98 99 100
4 13 27 35 44 53 69 78 88
5 14 21 36 54 70 79 89 99
7 8 9 10 11 12 13 14 15
8 18 41 48 57 64 74 84 94
29 30 31 32 33 34 35 36 37
63 64 65 66 67 68 69 70 71
72 73 74 75 76 77 78 79 80
3 12 20 52 61 68 77 87
38 39 40 41 42 43 44 45
0 1 2 3 4 5 6
11 26 34 51 76 86 98
16 17 18 19 20 21 22
16 23 29 38 72 81 91
56 57 58 59 60 61 62
23 24 25 26 27 28
31 40 47 83 93
59 66 96
