8 15 21 29 36 43 50 66 74 85
3 9 17 22 37 45 58 67 81
10 23 31 38 52 59 68 75 86
24 25 26 27 28 29 30 31 32
60 61 62 63 64 65 66 67 68
1 13 19 34 56 63 72 78
4 5 6 7 8 9 10 11
4 18 24 39 53 60 69 77
14 20 28 35 49 64 73 83
39 40 41 42 43 44 45 46
69 70 71 72 73 74 75 76
5 26 33 41 48 55 71
53 54 55 56 57 58 59
12 13 14 15 16 17
18 19 20 21 22 23
33 34 35 36 37 38
47 48 49 50 51 52
0 12 25 62 70
2 6 27 42 79
16 30 44 51 57
40 47 54 61 82
77 78 79 80 81
82 83 84 85 86
0 1 2 3
7 65 80 84
11 32 46 76
