5 13 18 29 38 47 55 65 73 84 91 99 113
0 23 31 51 59 68 76 88 95 104 110
1 8 24 32 44 52 60 69 77 96 111
30 31 32 33 34 35 36 37 38 39 40
75 76 77 78 79 80 81 82 83 84 85
6 14 20 40 56 66 85 101 107 115
7 15 21 41 48 57 75 86 93 108
57 58 59 60 61 62 63 64 65 66
21 22 23 24 25 26 27 28 29
48 49 50 51 52 53 54 55 56
93 94 95 96 97 98 99 100 101
4 12 28 37 54 83 90 98
7 8 9 10 11 12 13 14
9 16 25 33 53 61 78 105
22 30 43 50 58 67 103 109
67 68 69 70 71 72 73 74
108 109 110 111 112 113 114 115
0 1 2 3 4 5 6
3 10 27 45 64 71 81
11 36 46 72 82 89 97
19 39 74 92 100 106 114
41 42 43 44 45 46 47
86 87 88 89 90 91 92
2 26 35 63 70 80
15 16 17 18 19 20
102 103 104 105 106 107
17 34 62 79 112
42 49 87 94 102
