30 31 32 33 34 35 36 37 38 39 40 41 42 43
1 10 18 26 45 52 64 74 92 102 111 120 130
8 23 29 43 51 61 70 81 88 98 107 116
3 12 28 37 55 87 96 106 114 124 134
71 72 73 74 75 76 77 78 79 80 81
127 128 129 130 131 132 133 134 135 136 137
4 13 19 39 47 57 67 77 125 136
7 16 22 42 50 60 69 80 97 115
35 46 65 75 86 94 104 113 122 132
52 53 54 55 56 57 58 59 60 61
89 90 91 92 93 94 95 96 97 98
117 118 119 120 121 122 123 124 125 126
0 1 2 3 4 5 6 7 8
6 15 21 41 49 59 79 126 137
24 31 63 72 83 90 100 109 118
27 34 53 85 93 103 112 121 131
30 62 71 82 89 99 108 117 127
62 63 64 65 66 67 68 69 70
99 100 101 102 103 104 105 106 107
108 109 110 111 112 113 114 115 116
2 11 36 54 95 105 123 133
5 14 20 40 48 58 68 78
9 10 11 12 13 14 15 16
25 32 84 91 101 110 119 128
44 45 46 47 48 49 50 51
0 9 17 33 44 73 129
17 18 19 20 21 22 23
82 83 84 85 86 87 88
24 25 26 27 28 29
38 56 66 76 135
