0 1 2 3 4 5 6 7 8 9 10 11 12 13 14 15
0 16 32 48 64 80 96 112 128 144 160 176 192 208 224 240
0 17 34 51 68 85 102 119 136 153 170 187 204 221 238 255
1 17 33 49 65 81 97 113 129 145 161 177 193 209 225 241
2 18 34 50 66 82 98 114 130 146 162 178 194 210 226 242
3 19 35 51 67 83 99 115 131 147 163 179 195 211 227 243
4 20 36 52 68 84 100 116 132 148 164 180 196 212 228 244
5 21 37 53 69 85 101 117 133 149 165 181 197 213 229 245
6 22 38 54 70 86 102 118 134 150 166 182 198 214 230 246
7 23 39 55 71 87 103 119 135 151 167 183 199 215 231 247
8 24 40 56 72 88 104 120 136 152 168 184 200 216 232 248
9 25 41 57 73 89 105 121 137 153 169 185 201 217 233 249
10 26 42 58 74 90 106 122 138 154 170 186 202 218 234 250
11 27 43 59 75 91 107 123 139 155 171 187 203 219 235 251
12 28 44 60 76 92 108 124 140 156 172 188 204 220 236 252
13 29 45 61 77 93 109 125 141 157 173 189 205 221 237 253
14 30 46 62 78 94 110 126 142 158 174 190 206 222 238 254
15 30 45 60 75 90 105 120 135 150 165 180 195 210 225 240
15 31 47 63 79 95 111 127 143 159 175 191 207 223 239 255
16 17 18 19 20 21 22 23 24 25 26 27 28 29 30 31
32 33 34 35 36 37 38 39 40 41 42 43 44 45 46 47
48 49 50 51 52 53 54 55 56 57 58 59 60 61 62 63
64 65 66 67 68 69 70 71 72 73 74 75 76 77 78 79
80 81 82 83 84 85 86 87 88 89 90 91 92 93 94 95
96 97 98 99 100 101 102 103 104 105 106 107 108 109 110 111
112 113 114 115 116 117 118 119 120 121 122 123 124 125 126 127
128 129 130 131 132 133 134 135 136 137 138 139 140 141 142 143
144 145 146 147 148 149 150 151 152 153 154 155 156 157 158 159
160 161 162 163 164 165 166 167 168 169 170 171 172 173 174 175
176 177 178 179 180 181 182 183 184 185 186 187 188 189 190 191
192 193 194 195 196 197 198 199 200 201 202 203 204 205 206 207
208 209 210 211 212 213 214 215 216 217 218 219 220 221 222 223
224 225 226 227 228 229 230 231 232 233 234 235 236 237 238 239
240 241 242 243 244 245 246 247 248 249 250 251 252 253 254 255
1 18 35 52 69 86 103 120 137 154 171 188 205 222 239
14 29 44 59 74 89 104 119 134 149 164 179 194 209 224
16 33 50 67 84 101 118 135 152 169 186 203 220 237 254
31 46 61 76 91 106 121 136 151 166 181 196 211 226 241
2 19 36 53 70 87 104 121 138 155 172 189 206 223
13 28 43 58 73 88 103 118 133 148 163 178 193 208
32 49 66 83 100 117 134 151 168 185 202 219 236 253
47 62 77 92 107 122 137 152 167 182 197 212 227 242
3 20 37 54 71 88 105 122 139 156 173 190 207
12 27 42 57 72 87 102 117 132 147 162 177 192
48 65 82 99 116 133 150 167 184 201 218 235 252
63 78 93 108 123 138 153 168 183 198 213 228 243
4 21 38 55 72 89 106 123 140 157 174 191
11 26 41 56 71 86 101 116 131 146 161 176
64 81 98 115 132 149 166 183 200 217 234 251
79 94 109 124 139 154 169 184 199 214 229 244
5 22 39 56 73 90 107 124 141 158 175
10 25 40 55 70 85 100 115 130 145 160
80 97 114 131 148 165 182 199 216 233 250
95 110 125 140 155 170 185 200 215 230 245
6 23 40 57 74 91 108 125 142 159
9 24 39 54 69 84 99 114 129 144
96 113 130 147 164 181 198 215 232 249
111 126 141 156 171 186 201 216 231 246
7 24 41 58 75 92 109 126 143
8 23 38 53 68 83 98 113 128
112 129 146 163 180 197 214 231 248
127 142 157 172 187 202 217 232 247
7 22 37 52 67 82 97 112
8 25 42 59 76 93 110 127
128 145 162 179 196 213 230 247
143 158 173 188 203 218 233 248
6 21 36 51 66 81 96
9 26 43 60 77 94 111
144 161 178 195 212 229 246
159 174 189 204 219 234 249
5 20 35 50 65 80
10 27 44 61 78 95
160 177 194 211 228 245
175 190 205 220 235 250
0 2 17 32 34
0 4 34 64 68
0 6 51 96 102
0 8 68 128 136
0 10 85 160 170
0 12 102 192 204
0 14 119 224 238
1 3 18 33 35
1 5 35 65 69
1 7 52 97 103
1 9 69 129 137
1 11 86 161 171
1 13 103 193 205
1 15 120 225 239
1 16 17 18 33
2 4 19 34 36
2 6 36 66 70
2 8 53 98 104
2 10 70 130 138
2 12 87 162 172
2 14 104 194 206
2 17 18 19 34
2 32 34 36 66
3 5 20 35 37
3 7 37 67 71
3 9 54 99 105
3 11 71 131 139
3 13 88 163 173
3 15 105 195 207
3 18 19 20 35
3 33 35 37 67
3 48 51 54 99
4 6 21 36 38
4 8 38 68 72
4 10 55 100 106
4 12 72 132 140
4 14 89 164 174
4 19 20 21 36
4 19 34 49 64
4 34 36 38 68
4 49 52 55 100
4 64 68 72 132
5 7 22 37 39
5 9 39 69 73
5 11 56 101 107
5 13 73 133 141
5 15 90 165 175
5 20 21 22 37
5 35 37 39 69
5 50 53 56 101
5 65 69 73 133
5 80 85 90 165
6 8 23 38 40
6 10 40 70 74
6 12 57 102 108
6 14 74 134 142
6 21 22 23 38
6 36 38 40 70
6 51 54 57 102
6 66 70 74 134
6 81 86 91 166
6 96 102 108 198
7 9 24 39 41
7 11 41 71 75
7 13 58 103 109
7 15 75 135 143
7 22 23 24 39
7 37 39 41 71
7 52 55 58 103
7 67 71 75 135
7 82 87 92 167
7 97 103 109 199
7 112 119 126 231
8 10 25 40 42
8 12 42 72 76
8 14 59 104 110
8 23 24 25 40
8 38 40 42 72
8 53 56 59 104
8 68 72 76 136
8 83 88 93 168
8 98 104 110 200
8 113 120 127 232
9 11 26 41 43
9 13 43 73 77
9 15 60 105 111
9 24 25 26 41
9 39 41 43 73
9 54 57 60 105
9 69 73 77 137
9 84 89 94 169
9 99 105 111 201
10 12 27 42 44
10 14 44 74 78
10 25 26 27 42
10 40 42 44 74
10 55 58 61 106
10 70 74 78 138
10 85 90 95 170
11 13 28 43 45
11 15 45 75 79
11 26 27 28 43
11 28 45 62 79
11 41 43 45 75
11 56 59 62 107
11 71 75 79 139
12 14 29 44 46
12 27 28 29 44
12 42 44 46 76
12 57 60 63 108
13 15 30 45 47
13 28 29 30 45
13 43 45 47 77
14 29 30 31 46
16 18 33 48 50
16 20 50 80 84
16 22 67 112 118
16 24 84 144 152
16 26 101 176 186
16 28 118 208 220
16 30 135 240 254
17 19 34 49 51
17 21 51 81 85
17 23 68 113 119
17 25 85 145 153
17 27 102 177 187
17 29 119 209 221
17 31 136 241 255
17 32 33 34 49
18 20 35 50 52
18 22 52 82 86
18 24 69 114 120
18 26 86 146 154
18 28 103 178 188
18 30 120 210 222
18 33 34 35 50
18 48 50 52 82
19 21 36 51 53
19 23 53 83 87
19 25 70 115 121
19 27 87 147 155
19 29 104 179 189
19 31 121 211 223
19 34 35 36 51
19 49 51 53 83
19 64 67 70 115
20 22 37 52 54
20 24 54 84 88
20 26 71 116 122
20 28 88 148 156
20 30 105 180 190
20 35 36 37 52
20 50 52 54 84
20 65 68 71 116
20 80 84 88 148
21 23 38 53 55
21 25 55 85 89
21 27 72 117 123
21 29 89 149 157
21 31 106 181 191
21 36 37 38 53
21 51 53 55 85
21 66 69 72 117
21 81 85 89 149
21 96 101 106 181
22 24 39 54 56
22 26 56 86 90
22 28 73 118 124
22 30 90 150 158
22 37 38 39 54
22 52 54 56 86
22 67 70 73 118
22 82 86 90 150
22 97 102 107 182
22 112 118 124 214
23 25 40 55 57
23 27 57 87 91
23 29 74 119 125
23 31 91 151 159
23 38 39 40 55
23 53 55 57 87
23 68 71 74 119
23 83 87 91 151
23 98 103 108 183
23 113 119 125 215
23 128 135 142 247
24 26 41 56 58
24 28 58 88 92
24 30 75 120 126
24 39 40 41 56
24 54 56 58 88
24 69 72 75 120
24 84 88 92 152
24 99 104 109 184
24 114 120 126 216
24 129 136 143 248
25 27 42 57 59
25 29 59 89 93
25 31 76 121 127
25 40 41 42 57
25 55 57 59 89
25 70 73 76 121
25 85 89 93 153
25 100 105 110 185
25 115 121 127 217
26 28 43 58 60
26 30 60 90 94
26 41 42 43 58
26 56 58 60 90
26 71 74 77 122
26 86 90 94 154
26 101 106 111 186
27 29 44 59 61
27 31 61 91 95
27 42 43 44 59
27 57 59 61 91
27 72 75 78 123
27 87 91 95 155
28 30 45 60 62
28 43 44 45 60
28 58 60 62 92
28 73 76 79 124
29 31 46 61 63
29 44 45 46 61
29 59 61 63 93
30 45 46 47 62
32 34 49 64 66
32 36 66 96 100
32 38 83 128 134
32 40 100 160 168
32 42 117 192 202
32 44 134 224 236
33 35 50 65 67
33 37 67 97 101
33 39 84 129 135
33 41 101 161 169
33 43 118 193 203
33 45 135 225 237
33 48 49 50 65
34 36 51 66 68
34 38 68 98 102
34 40 85 130 136
34 42 102 162 170
34 44 119 194 204
34 46 136 226 238
34 49 50 51 66
34 64 66 68 98
35 37 52 67 69
35 39 69 99 103
35 41 86 131 137
35 43 103 163 171
35 45 120 195 205
35 47 137 227 239
35 50 51 52 67
35 65 67 69 99
35 80 83 86 131
36 38 53 68 70
36 40 70 100 104
36 42 87 132 138
36 44 104 164 172
36 46 121 196 206
36 51 52 53 68
36 66 68 70 100
36 81 84 87 132
36 96 100 104 164
37 39 54 69 71
37 41 71 101 105
37 43 88 133 139
37 45 105 165 173
37 47 122 197 207
37 52 53 54 69
37 67 69 71 101
37 82 85 88 133
37 97 101 105 165
37 112 117 122 197
38 40 55 70 72
38 42 72 102 106
38 44 89 134 140
38 46 106 166 174
38 53 54 55 70
38 68 70 72 102
38 83 86 89 134
38 98 102 106 166
38 113 118 123 198
38 128 134 140 230
39 41 56 71 73
39 43 73 103 107
39 45 90 135 141
39 47 107 167 175
39 54 55 56 71
39 69 71 73 103
39 84 87 90 135
39 99 103 107 167
39 114 119 124 199
39 129 135 141 231
40 42 57 72 74
40 44 74 104 108
40 46 91 136 142
40 55 56 57 72
40 70 72 74 104
40 85 88 91 136
40 100 104 108 168
40 115 120 125 200
40 130 136 142 232
41 43 58 73 75
41 45 75 105 109
41 47 92 137 143
41 56 57 58 73
41 71 73 75 105
41 86 89 92 137
41 101 105 109 169
41 116 121 126 201
41 131 137 143 233
42 44 59 74 76
42 46 76 106 110
42 57 58 59 74
42 72 74 76 106
42 87 90 93 138
42 102 106 110 170
42 117 122 127 202
43 45 60 75 77
43 47 77 107 111
43 58 59 60 75
43 73 75 77 107
43 88 91 94 139
43 103 107 111 171
44 46 61 76 78
44 59 60 61 76
44 74 76 78 108
44 89 92 95 140
45 47 62 77 79
45 60 61 62 77
45 75 77 79 109
46 61 62 63 78
48 50 65 80 82
48 52 82 112 116
48 54 99 144 150
48 56 116 176 184
48 58 133 208 218
48 60 150 240 252
49 51 66 81 83
49 53 83 113 117
49 55 100 145 151
49 57 117 177 185
49 59 134 209 219
49 61 151 241 253
49 64 65 66 81
50 52 67 82 84
50 54 84 114 118
50 56 101 146 152
50 58 118 178 186
50 60 135 210 220
50 62 152 242 254
50 65 66 67 82
50 80 82 84 114
51 53 68 83 85
51 55 85 115 119
51 57 102 147 153
51 59 119 179 187
51 61 136 211 221
51 63 153 243 255
51 66 67 68 83
51 81 83 85 115
51 96 99 102 147
52 54 69 84 86
52 56 86 116 120
52 58 103 148 154
52 60 120 180 188
52 62 137 212 222
52 67 68 69 84
52 82 84 86 116
52 97 100 103 148
52 112 116 120 180
53 55 70 85 87
53 57 87 117 121
53 59 104 149 155
53 61 121 181 189
53 63 138 213 223
53 68 69 70 85
53 83 85 87 117
53 98 101 104 149
53 113 117 121 181
53 128 133 138 213
54 56 71 86 88
54 58 88 118 122
54 60 105 150 156
54 62 122 182 190
54 69 70 71 86
54 84 86 88 118
54 99 102 105 150
54 114 118 122 182
54 129 134 139 214
54 144 150 156 246
55 57 72 87 89
55 59 89 119 123
55 61 106 151 157
55 63 123 183 191
55 70 71 72 87
55 85 87 89 119
55 100 103 106 151
55 115 119 123 183
55 130 135 140 215
55 145 151 157 247
56 58 73 88 90
56 60 90 120 124
56 62 107 152 158
56 71 72 73 88
56 86 88 90 120
56 101 104 107 152
56 116 120 124 184
56 131 136 141 216
56 146 152 158 248
57 59 74 89 91
57 61 91 121 125
57 63 108 153 159
57 72 73 74 89
57 87 89 91 121
57 102 105 108 153
57 117 121 125 185
57 132 137 142 217
57 147 153 159 249
58 60 75 90 92
58 62 92 122 126
58 73 74 75 90
58 88 90 92 122
58 103 106 109 154
58 118 122 126 186
58 133 138 143 218
59 61 76 91 93
59 63 93 123 127
59 74 75 76 91
59 89 91 93 123
59 104 107 110 155
59 119 123 127 187
60 62 77 92 94
60 75 76 77 92
60 90 92 94 124
60 105 108 111 156
61 63 78 93 95
61 76 77 78 93
61 91 93 95 125
62 77 78 79 94
64 66 81 96 98
64 68 98 128 132
64 70 115 160 166
64 72 132 192 200
64 74 149 224 234
65 67 82 97 99
65 69 99 129 133
65 71 116 161 167
65 73 133 193 201
65 75 150 225 235
65 80 81 82 97
66 68 83 98 100
66 70 100 130 134
66 72 117 162 168
66 74 134 194 202
66 76 151 226 236
66 81 82 83 98
66 96 98 100 130
67 69 84 99 101
67 71 101 131 135
67 73 118 163 169
67 75 135 195 203
67 77 152 227 237
67 82 83 84 99
67 97 99 101 131
67 112 115 118 163
68 70 85 100 102
68 72 102 132 136
68 74 119 164 170
68 76 136 196 204
68 78 153 228 238
68 83 84 85 100
68 98 100 102 132
68 113 116 119 164
68 128 132 136 196
69 71 86 101 103
69 73 103 133 137
69 75 120 165 171
69 77 137 197 205
69 79 154 229 239
69 84 85 86 101
69 99 101 103 133
69 114 117 120 165
69 129 133 137 197
69 144 149 154 229
70 72 87 102 104
70 74 104 134 138
70 76 121 166 172
70 78 138 198 206
70 85 86 87 102
70 100 102 104 134
70 115 118 121 166
70 130 134 138 198
70 145 150 155 230
71 73 88 103 105
71 75 105 135 139
71 77 122 167 173
71 79 139 199 207
71 86 87 88 103
71 101 103 105 135
71 116 119 122 167
71 131 135 139 199
71 146 151 156 231
72 74 89 104 106
72 76 106 136 140
72 78 123 168 174
72 87 88 89 104
72 102 104 106 136
72 117 120 123 168
72 132 136 140 200
72 147 152 157 232
73 75 90 105 107
73 77 107 137 141
73 79 124 169 175
73 88 89 90 105
73 103 105 107 137
73 118 121 124 169
73 133 137 141 201
73 148 153 158 233
74 76 91 106 108
74 78 108 138 142
74 89 90 91 106
74 104 106 108 138
74 119 122 125 170
74 134 138 142 202
74 149 154 159 234
75 77 92 107 109
75 79 109 139 143
75 90 91 92 107
75 105 107 109 139
75 120 123 126 171
75 135 139 143 203
76 78 93 108 110
76 91 92 93 108
76 106 108 110 140
76 121 124 127 172
77 79 94 109 111
77 92 93 94 109
77 107 109 111 141
78 93 94 95 110
80 82 97 112 114
80 84 114 144 148
80 86 131 176 182
80 88 148 208 216
80 90 165 240 250
81 83 98 113 115
81 85 115 145 149
81 87 132 177 183
81 89 149 209 217
81 91 166 241 251
81 96 97 98 113
82 84 99 114 116
82 86 116 146 150
82 88 133 178 184
82 90 150 210 218
82 92 167 242 252
82 97 98 99 114
82 112 114 116 146
83 85 100 115 117
83 87 117 147 151
83 89 134 179 185
83 91 151 211 219
83 93 168 243 253
83 98 99 100 115
83 113 115 117 147
83 128 131 134 179
84 86 101 116 118
84 88 118 148 152
84 90 135 180 186
84 92 152 212 220
84 94 169 244 254
84 99 100 101 116
84 114 116 118 148
84 129 132 135 180
84 144 148 152 212
85 87 102 117 119
85 89 119 149 153
85 91 136 181 187
85 93 153 213 221
85 95 170 245 255
85 100 101 102 117
85 115 117 119 149
85 130 133 136 181
85 145 149 153 213
85 160 165 170 245
86 88 103 118 120
86 90 120 150 154
86 92 137 182 188
86 94 154 214 222
86 101 102 103 118
86 116 118 120 150
86 131 134 137 182
86 146 150 154 214
86 161 166 171 246
87 89 104 119 121
87 91 121 151 155
87 93 138 183 189
87 95 155 215 223
87 102 103 104 119
87 117 119 121 151
87 132 135 138 183
87 147 151 155 215
87 162 167 172 247
88 90 105 120 122
88 92 122 152 156
88 94 139 184 190
88 103 104 105 120
88 118 120 122 152
88 133 136 139 184
88 148 152 156 216
88 163 168 173 248
89 91 106 121 123
89 93 123 153 157
89 95 140 185 191
89 104 105 106 121
89 119 121 123 153
89 134 137 140 185
89 149 153 157 217
89 164 169 174 249
90 92 107 122 124
90 94 124 154 158
90 105 106 107 122
90 120 122 124 154
90 135 138 141 186
90 150 154 158 218
90 165 170 175 250
91 93 108 123 125
91 95 125 155 159
91 106 107 108 123
91 121 123 125 155
91 136 139 142 187
91 151 155 159 219
92 94 109 124 126
92 107 108 109 124
92 122 124 126 156
92 137 140 143 188
93 95 110 125 127
93 108 109 110 125
93 123 125 127 157
94 109 110 111 126
96 98 113 128 130
96 100 130 160 164
96 102 147 192 198
96 104 164 224 232
97 99 114 129 131
97 101 131 161 165
97 103 148 193 199
97 105 165 225 233
97 112 113 114 129
98 100 115 130 132
98 102 132 162 166
98 104 149 194 200
98 106 166 226 234
98 113 114 115 130
98 128 130 132 162
99 101 116 131 133
99 103 133 163 167
99 105 150 195 201
99 107 167 227 235
99 114 115 116 131
99 129 131 133 163
99 144 147 150 195
100 102 117 132 134
100 104 134 164 168
100 106 151 196 202
100 108 168 228 236
100 115 116 117 132
100 130 132 134 164
100 145 148 151 196
100 160 164 168 228
101 103 118 133 135
101 105 135 165 169
101 107 152 197 203
101 109 169 229 237
101 116 117 118 133
101 131 133 135 165
101 146 149 152 197
101 161 165 169 229
102 104 119 134 136
102 106 136 166 170
102 108 153 198 204
102 110 170 230 238
102 117 118 119 134
102 132 134 136 166
102 147 150 153 198
102 162 166 170 230
103 105 120 135 137
103 107 137 167 171
103 109 154 199 205
103 111 171 231 239
103 118 119 120 135
103 133 135 137 167
103 148 151 154 199
103 163 167 171 231
104 106 121 136 138
104 108 138 168 172
104 110 155 200 206
104 119 120 121 136
104 134 136 138 168
104 149 152 155 200
104 164 168 172 232
105 107 122 137 139
105 109 139 169 173
105 111 156 201 207
105 120 121 122 137
105 135 137 139 169
105 150 153 156 201
105 165 169 173 233
106 108 123 138 140
106 110 140 170 174
106 121 122 123 138
106 136 138 140 170
106 151 154 157 202
106 166 170 174 234
107 109 124 139 141
107 111 141 171 175
107 122 123 124 139
107 137 139 141 171
107 152 155 158 203
107 167 171 175 235
108 110 125 140 142
108 123 124 125 140
108 138 140 142 172
108 153 156 159 204
109 111 126 141 143
109 124 125 126 141
109 139 141 143 173
110 125 126 127 142
112 114 129 144 146
112 116 146 176 180
112 118 163 208 214
112 120 180 240 248
113 115 130 145 147
113 117 147 177 181
113 119 164 209 215
113 121 181 241 249
113 128 129 130 145
114 116 131 146 148
114 118 148 178 182
114 120 165 210 216
114 122 182 242 250
114 129 130 131 146
114 144 146 148 178
115 117 132 147 149
115 119 149 179 183
115 121 166 211 217
115 123 183 243 251
115 130 131 132 147
115 145 147 149 179
115 160 163 166 211
116 118 133 148 150
116 120 150 180 184
116 122 167 212 218
116 124 184 244 252
116 131 132 133 148
116 146 148 150 180
116 161 164 167 212
116 176 180 184 244
117 119 134 149 151
117 121 151 181 185
117 123 168 213 219
117 125 185 245 253
117 132 133 134 149
117 147 149 151 181
117 162 165 168 213
117 177 181 185 245
118 120 135 150 152
118 122 152 182 186
118 124 169 214 220
118 126 186 246 254
118 133 134 135 150
118 148 150 152 182
118 163 166 169 214
118 178 182 186 246
119 121 136 151 153
119 123 153 183 187
119 125 170 215 221
119 127 187 247 255
119 134 135 136 151
119 149 151 153 183
119 164 167 170 215
119 179 183 187 247
120 122 137 152 154
120 124 154 184 188
120 126 171 216 222
120 135 136 137 152
120 150 152 154 184
120 165 168 171 216
120 180 184 188 248
121 123 138 153 155
121 125 155 185 189
121 127 172 217 223
121 136 137 138 153
121 151 153 155 185
121 166 169 172 217
121 181 185 189 249
122 124 139 154 156
122 126 156 186 190
122 137 138 139 154
122 152 154 156 186
122 167 170 173 218
122 182 186 190 250
123 125 140 155 157
123 127 157 187 191
123 138 139 140 155
123 153 155 157 187
123 168 171 174 219
123 183 187 191 251
124 126 141 156 158
124 139 140 141 156
124 154 156 158 188
124 169 172 175 220
125 127 142 157 159
125 140 141 142 157
125 155 157 159 189
126 141 142 143 158
128 130 145 160 162
128 132 162 192 196
128 134 179 224 230
129 131 146 161 163
129 133 163 193 197
129 135 180 225 231
129 144 145 146 161
130 132 147 162 164
130 134 164 194 198
130 136 181 226 232
130 145 146 147 162
130 160 162 164 194
131 133 148 163 165
131 135 165 195 199
131 137 182 227 233
131 146 147 148 163
131 161 163 165 195
131 176 179 182 227
132 134 149 164 166
132 136 166 196 200
132 138 183 228 234
132 147 148 149 164
132 162 164 166 196
132 177 180 183 228
133 135 150 165 167
133 137 167 197 201
133 139 184 229 235
133 148 149 150 165
133 163 165 167 197
133 178 181 184 229
134 136 151 166 168
134 138 168 198 202
134 140 185 230 236
134 149 150 151 166
134 164 166 168 198
134 179 182 185 230
135 137 152 167 169
135 139 169 199 203
135 141 186 231 237
135 150 151 152 167
135 165 167 169 199
135 180 183 186 231
136 138 153 168 170
136 140 170 200 204
136 142 187 232 238
136 151 152 153 168
136 166 168 170 200
136 181 184 187 232
137 139 154 169 171
137 141 171 201 205
137 143 188 233 239
137 152 153 154 169
137 167 169 171 201
137 182 185 188 233
138 140 155 170 172
138 142 172 202 206
138 153 154 155 170
138 168 170 172 202
138 183 186 189 234
139 141 156 171 173
139 143 173 203 207
139 154 155 156 171
139 169 171 173 203
139 184 187 190 235
140 142 157 172 174
140 155 156 157 172
140 170 172 174 204
140 185 188 191 236
141 143 158 173 175
141 156 157 158 173
141 171 173 175 205
142 157 158 159 174
144 146 161 176 178
144 148 178 208 212
144 150 195 240 246
145 147 162 177 179
145 149 179 209 213
145 151 196 241 247
145 160 161 162 177
146 148 163 178 180
146 150 180 210 214
146 152 197 242 248
146 161 162 163 178
146 176 178 180 210
147 149 164 179 181
147 151 181 211 215
147 153 198 243 249
147 162 163 164 179
147 177 179 181 211
147 192 195 198 243
148 150 165 180 182
148 152 182 212 216
148 154 199 244 250
148 163 164 165 180
148 178 180 182 212
148 193 196 199 244
149 151 166 181 183
149 153 183 213 217
149 155 200 245 251
149 164 165 166 181
149 179 181 183 213
149 194 197 200 245
150 152 167 182 184
150 154 184 214 218
150 156 201 246 252
150 165 166 167 182
150 180 182 184 214
150 195 198 201 246
151 153 168 183 185
151 155 185 215 219
151 157 202 247 253
151 166 167 168 183
151 181 183 185 215
151 196 199 202 247
152 154 169 184 186
152 156 186 216 220
152 158 203 248 254
152 167 168 169 184
152 182 184 186 216
152 197 200 203 248
153 155 170 185 187
153 157 187 217 221
153 159 204 249 255
153 168 169 170 185
153 183 185 187 217
153 198 201 204 249
154 156 171 186 188
154 158 188 218 222
154 169 170 171 186
154 184 186 188 218
154 199 202 205 250
155 157 172 187 189
155 159 189 219 223
155 170 171 172 187
155 185 187 189 219
155 200 203 206 251
156 158 173 188 190
156 171 172 173 188
156 186 188 190 220
156 201 204 207 252
157 159 174 189 191
157 172 173 174 189
157 187 189 191 221
158 173 174 175 190
160 162 177 192 194
160 164 194 224 228
161 163 178 193 195
161 165 195 225 229
161 176 177 178 193
162 164 179 194 196
162 166 196 226 230
162 177 178 179 194
162 192 194 196 226
163 165 180 195 197
163 167 197 227 231
163 178 179 180 195
163 193 195 197 227
164 166 181 196 198
164 168 198 228 232
164 179 180 181 196
164 194 196 198 228
165 167 182 197 199
165 169 199 229 233
165 180 181 182 197
165 195 197 199 229
166 168 183 198 200
166 170 200 230 234
166 181 182 183 198
166 196 198 200 230
167 169 184 199 201
167 171 201 231 235
167 182 183 184 199
167 197 199 201 231
168 170 185 200 202
168 172 202 232 236
168 183 184 185 200
168 198 200 202 232
169 171 186 201 203
169 173 203 233 237
169 184 185 186 201
169 199 201 203 233
170 172 187 202 204
170 174 204 234 238
170 185 186 187 202
170 200 202 204 234
171 173 188 203 205
171 175 205 235 239
171 186 187 188 203
171 201 203 205 235
172 174 189 204 206
172 187 188 189 204
172 202 204 206 236
173 175 190 205 207
173 188 189 190 205
173 203 205 207 237
174 189 190 191 206
176 178 193 208 210
176 180 210 240 244
176 193 210 227 244
177 179 194 209 211
177 181 211 241 245
177 192 193 194 209
178 180 195 210 212
178 182 212 242 246
178 193 194 195 210
178 208 210 212 242
179 181 196 211 213
179 183 213 243 247
179 194 195 196 211
179 209 211 213 243
180 182 197 212 214
180 184 214 244 248
180 195 196 197 212
180 210 212 214 244
181 183 198 213 215
181 185 215 245 249
181 196 197 198 213
181 211 213 215 245
182 184 199 214 216
182 186 216 246 250
182 197 198 199 214
182 212 214 216 246
183 185 200 215 217
183 187 217 247 251
183 198 199 200 215
183 213 215 217 247
184 186 201 216 218
184 188 218 248 252
184 199 200 201 216
184 214 216 218 248
185 187 202 217 219
185 189 219 249 253
185 200 201 202 217
185 215 217 219 249
186 188 203 218 220
186 190 220 250 254
186 201 202 203 218
186 216 218 220 250
187 189 204 219 221
187 191 221 251 255
187 202 203 204 219
187 217 219 221 251
188 190 205 220 222
188 203 204 205 220
188 218 220 222 252
189 191 206 221 223
189 204 205 206 221
189 219 221 223 253
190 205 206 207 222
191 206 221 236 251
192 194 209 224 226
193 195 210 225 227
193 208 209 210 225
194 196 211 226 228
194 209 210 211 226
195 197 212 227 229
195 210 211 212 227
196 198 213 228 230
196 211 212 213 228
197 199 214 229 231
197 212 213 214 229
198 200 215 230 232
198 213 214 215 230
199 201 216 231 233
199 214 215 216 231
200 202 217 232 234
200 215 216 217 232
201 203 218 233 235
201 216 217 218 233
202 204 219 234 236
202 217 218 219 234
203 205 220 235 237
203 218 219 220 235
204 206 221 236 238
204 219 220 221 236
205 207 222 237 239
205 220 221 222 237
206 221 222 223 238
208 210 225 240 242
209 211 226 241 243
209 224 225 226 241
210 212 227 242 244
210 225 226 227 242
211 213 228 243 245
211 226 227 228 243
212 214 229 244 246
212 227 228 229 244
213 215 230 245 247
213 228 229 230 245
214 216 231 246 248
214 229 230 231 246
215 217 232 247 249
215 230 231 232 247
216 218 233 248 250
216 231 232 233 248
217 219 234 249 251
217 232 233 234 249
218 220 235 250 252
218 233 234 235 250
219 221 236 251 253
219 234 235 236 251
220 222 237 252 254
220 235 236 237 252
221 223 238 253 255
221 236 237 238 253
222 237 238 239 254
0 1 2 17
0 1 16 17
0 2 4 34
0 3 6 51
0 3 48 51
0 4 8 68
0 5 10 85
0 5 80 85
0 6 12 102
0 7 14 119
0 7 112 119
0 9 144 153
0 11 176 187
0 13 208 221
0 15 240 255
0 16 17 32
0 32 34 64
0 48 51 96
0 64 68 128
0 80 85 160
0 96 102 192
0 112 119 224
1 2 3 18
1 2 17 18
1 3 5 35
1 4 7 52
1 4 49 52
1 5 9 69
1 6 11 86
1 6 81 86
1 7 13 103
1 8 15 120
1 8 113 120
1 10 145 154
1 12 177 188
1 14 209 222
1 33 35 65
1 49 52 97
1 65 69 129
1 81 86 161
1 97 103 193
1 113 120 225
2 3 4 19
2 3 18 19
2 4 6 36
2 5 8 53
2 5 50 53
2 6 10 70
2 7 12 87
2 7 82 87
2 8 14 104
2 9 114 121
2 11 146 155
2 13 178 189
2 15 210 223
2 50 53 98
2 66 70 130
2 82 87 162
2 98 104 194
2 114 121 226
3 4 5 20
3 4 19 20
3 5 7 37
3 6 9 54
3 6 51 54
3 7 11 71
3 8 13 88
3 8 83 88
3 9 15 105
3 10 115 122
3 12 147 156
3 14 179 190
3 18 33 48
3 67 71 131
3 83 88 163
3 99 105 195
3 115 122 227
4 5 6 21
4 5 20 21
4 6 8 38
4 7 10 55
4 7 52 55
4 8 12 72
4 9 14 89
4 9 84 89
4 11 116 123
4 13 148 157
4 15 180 191
4 84 89 164
4 100 106 196
4 116 123 228
5 6 7 22
5 6 21 22
5 7 9 39
5 8 11 56
5 8 53 56
5 9 13 73
5 10 15 90
5 10 85 90
5 12 117 124
5 14 149 158
5 101 107 197
5 117 124 229
6 7 8 23
6 7 22 23
6 8 10 40
6 9 12 57
6 9 54 57
6 10 14 74
6 11 86 91
6 13 118 125
6 15 150 159
6 118 125 230
7 8 9 24
7 8 23 24
7 9 11 41
7 10 13 58
7 10 55 58
7 11 15 75
7 12 87 92
7 14 119 126
8 9 10 25
8 9 24 25
8 10 12 42
8 11 14 59
8 11 56 59
8 13 88 93
8 15 120 127
9 10 11 26
9 10 25 26
9 11 13 43
9 12 15 60
9 12 57 60
9 14 89 94
9 114 121 233
10 11 12 27
10 11 26 27
10 12 14 44
10 13 58 61
10 15 90 95
10 100 106 202
10 115 122 234
11 12 13 28
11 12 27 28
11 13 15 45
11 14 59 62
11 86 91 171
11 101 107 203
11 116 123 235
12 13 14 29
12 13 28 29
12 15 60 63
12 29 46 63
12 72 76 140
12 87 92 172
12 102 108 204
12 117 124 236
13 14 15 30
13 14 29 30
13 58 61 109
13 73 77 141
13 88 93 173
13 103 109 205
13 118 125 237
14 15 30 31
14 44 46 78
14 59 62 110
14 74 78 142
14 89 94 174
14 104 110 206
14 119 126 238
15 30 31 47
15 45 47 79
15 60 63 111
15 75 79 143
15 90 95 175
15 105 111 207
15 120 127 239
16 17 32 33
16 18 20 50
16 19 22 67
16 19 64 67
16 20 24 84
16 21 26 101
16 21 96 101
16 22 28 118
16 23 30 135
16 23 128 135
16 25 160 169
16 27 192 203
16 29 224 237
16 32 33 48
16 48 50 80
16 64 67 112
16 80 84 144
16 96 101 176
16 112 118 208
16 128 135 240
17 18 33 34
17 19 21 51
17 20 23 68
17 20 65 68
17 21 25 85
17 22 27 102
17 22 97 102
17 23 29 119
17 24 31 136
17 24 129 136
17 26 161 170
17 28 193 204
17 30 225 238
17 49 51 81
17 65 68 113
17 81 85 145
17 97 102 177
17 113 119 209
17 129 136 241
18 19 34 35
18 20 22 52
18 21 24 69
18 21 66 69
18 22 26 86
18 23 28 103
18 23 98 103
18 24 30 120
18 25 130 137
18 27 162 171
18 29 194 205
18 31 226 239
18 66 69 114
18 82 86 146
18 98 103 178
18 114 120 210
18 130 137 242
19 20 35 36
19 21 23 53
19 22 25 70
19 22 67 70
19 23 27 87
19 24 29 104
19 24 99 104
19 25 31 121
19 26 131 138
19 28 163 172
19 30 195 206
19 83 87 147
19 99 104 179
19 115 121 211
19 131 138 243
20 21 36 37
20 22 24 54
20 23 26 71
20 23 68 71
20 24 28 88
20 25 30 105
20 25 100 105
20 27 132 139
20 29 164 173
20 31 196 207
20 100 105 180
20 116 122 212
20 132 139 244
21 22 37 38
21 23 25 55
21 24 27 72
21 24 69 72
21 25 29 89
21 26 31 106
21 26 101 106
21 28 133 140
21 30 165 174
21 117 123 213
21 133 140 245
22 23 38 39
22 24 26 56
22 25 28 73
22 25 70 73
22 26 30 90
22 27 102 107
22 29 134 141
22 31 166 175
22 134 141 246
23 24 39 40
23 25 27 57
23 26 29 74
23 26 71 74
23 27 31 91
23 28 103 108
23 30 135 142
24 25 40 41
24 26 28 58
24 27 30 75
24 27 72 75
24 29 104 109
24 31 136 143
25 26 41 42
25 27 29 59
25 28 31 76
25 28 73 76
25 30 105 110
25 130 137 249
26 27 42 43
26 28 30 60
26 29 74 77
26 31 106 111
26 116 122 218
26 131 138 250
27 28 43 44
27 29 31 61
27 30 75 78
27 102 107 187
27 117 123 219
27 132 139 251
28 29 44 45
28 31 76 79
28 88 92 156
28 103 108 188
28 118 124 220
28 133 140 252
29 30 45 46
29 74 77 125
29 89 93 157
29 104 109 189
29 119 125 221
29 134 141 253
30 31 46 47
30 60 62 94
30 75 78 126
30 90 94 158
30 105 110 190
30 120 126 222
30 135 142 254
31 46 47 63
31 61 63 95
31 76 79 127
31 91 95 159
31 106 111 191
31 121 127 223
31 136 143 255
32 33 48 49
32 35 38 83
32 35 80 83
32 36 40 100
32 37 42 117
32 37 112 117
32 38 44 134
32 39 46 151
32 39 144 151
32 41 176 185
32 43 208 219
32 45 240 253
32 48 49 64
32 64 66 96
32 80 83 128
32 96 100 160
32 112 117 192
32 128 134 224
33 34 49 50
33 36 39 84
33 36 81 84
33 37 41 101
33 38 43 118
33 38 113 118
33 39 45 135
33 40 47 152
33 40 145 152
33 42 177 186
33 44 209 220
33 46 241 254
33 65 67 97
33 81 84 129
33 97 101 161
33 113 118 193
33 129 135 225
34 35 50 51
34 37 40 85
34 37 82 85
34 38 42 102
34 39 44 119
34 39 114 119
34 40 46 136
34 41 146 153
34 43 178 187
34 45 210 221
34 47 242 255
34 82 85 130
34 98 102 162
34 114 119 194
34 130 136 226
35 36 51 52
35 38 41 86
35 38 83 86
35 39 43 103
35 40 45 120
35 40 115 120
35 41 47 137
35 42 147 154
35 44 179 188
35 46 211 222
35 99 103 163
35 115 120 195
35 131 137 227
36 37 52 53
36 39 42 87
36 39 84 87
36 40 44 104
36 41 46 121
36 41 116 121
36 43 148 155
36 45 180 189
36 47 212 223
36 116 121 196
36 132 138 228
37 38 53 54
37 40 43 88
37 40 85 88
37 41 45 105
37 42 47 122
37 42 117 122
37 44 149 156
37 46 181 190
37 133 139 229
38 39 54 55
38 41 44 89
38 41 86 89
38 42 46 106
38 43 118 123
38 45 150 157
38 47 182 191
39 40 55 56
39 42 45 90
39 42 87 90
39 43 47 107
39 44 119 124
39 46 151 158
39 144 151 158
40 41 56 57
40 43 46 91
40 43 88 91
40 45 120 125
40 47 152 159
40 145 152 159
41 42 57 58
41 44 47 92
41 44 89 92
41 46 121 126
42 43 58 59
42 45 90 93
42 47 122 127
42 132 138 234
43 44 59 60
43 46 91 94
43 118 123 203
43 133 139 235
44 45 60 61
44 47 92 95
44 104 108 172
44 119 124 204
44 134 140 236
45 46 61 62
45 90 93 141
45 105 109 173
45 120 125 205
45 135 141 237
46 47 62 63
46 76 78 110
46 91 94 142
46 106 110 174
46 121 126 206
46 136 142 238
47 62 63 79
47 77 79 111
47 92 95 143
47 107 111 175
47 122 127 207
47 137 143 239
48 49 64 65
48 51 96 99
48 52 56 116
48 53 58 133
48 53 128 133
48 54 60 150
48 55 62 167
48 55 160 167
48 57 192 201
48 59 224 235
48 64 65 80
48 80 82 112
48 96 99 144
48 112 116 176
48 128 133 208
48 144 150 240
49 50 65 66
49 52 97 100
49 53 57 117
49 54 59 134
49 54 129 134
49 55 61 151
49 56 63 168
49 56 161 168
49 58 193 202
49 60 225 236
49 81 83 113
49 97 100 145
49 113 117 177
49 129 134 209
49 145 151 241
50 51 66 67
50 53 98 101
50 54 58 118
50 55 60 135
50 55 130 135
50 56 62 152
50 57 162 169
50 59 194 203
50 61 226 237
50 98 101 146
50 114 118 178
50 130 135 210
50 146 152 242
51 52 67 68
51 54 99 102
51 55 59 119
51 56 61 136
51 56 131 136
51 57 63 153
51 58 163 170
51 60 195 204
51 62 227 238
51 115 119 179
51 131 136 211
51 147 153 243
52 53 68 69
52 55 100 103
52 56 60 120
52 57 62 137
52 57 132 137
52 59 164 171
52 61 196 205
52 63 228 239
52 132 137 212
52 148 154 244
53 54 69 70
53 56 101 104
53 57 61 121
53 58 63 138
53 58 133 138
53 60 165 172
53 62 197 206
53 149 155 245
54 55 70 71
54 57 102 105
54 58 62 122
54 59 134 139
54 61 166 173
54 63 198 207
55 56 71 72
55 58 103 106
55 59 63 123
55 60 135 140
55 62 167 174
55 160 167 174
56 57 72 73
56 59 104 107
56 61 136 141
56 63 168 175
56 161 168 175
57 58 73 74
57 60 105 108
57 62 137 142
58 59 74 75
58 61 106 109
58 63 138 143
58 148 154 250
59 60 75 76
59 62 107 110
59 134 139 219
59 149 155 251
60 61 76 77
60 63 108 111
60 120 124 188
60 135 140 220
60 150 156 252
61 62 77 78
61 106 109 157
61 121 125 189
61 136 141 221
61 151 157 253
62 63 78 79
62 92 94 126
62 107 110 158
62 122 126 190
62 137 142 222
62 152 158 254
63 78 79 95
63 93 95 127
63 108 111 159
63 123 127 191
63 138 143 223
63 153 159 255
64 65 80 81
64 67 112 115
64 69 74 149
64 69 144 149
64 70 76 166
64 71 78 183
64 71 176 183
64 73 208 217
64 75 240 251
64 80 81 96
64 96 98 128
64 112 115 160
64 128 132 192
64 144 149 224
65 66 81 82
65 68 113 116
65 70 75 150
65 70 145 150
65 71 77 167
65 72 79 184
65 72 177 184
65 74 209 218
65 76 241 252
65 97 99 129
65 113 116 161
65 129 133 193
65 145 150 225
66 67 82 83
66 69 114 117
66 71 76 151
66 71 146 151
66 72 78 168
66 73 178 185
66 75 210 219
66 77 242 253
66 114 117 162
66 130 134 194
66 146 151 226
67 68 83 84
67 70 115 118
67 72 77 152
67 72 147 152
67 73 79 169
67 74 179 186
67 76 211 220
67 78 243 254
67 131 135 195
67 147 152 227
68 69 84 85
68 71 116 119
68 73 78 153
68 73 148 153
68 75 180 187
68 77 212 221
68 79 244 255
68 148 153 228
69 70 85 86
69 72 117 120
69 74 79 154
69 74 149 154
69 76 181 188
69 78 213 222
70 71 86 87
70 73 118 121
70 75 150 155
70 77 182 189
70 79 214 223
70 160 166 172
71 72 87 88
71 74 119 122
71 76 151 156
71 78 183 190
71 161 167 173
71 176 183 190
72 73 88 89
72 75 120 123
72 77 152 157
72 79 184 191
72 162 168 174
72 177 184 191
73 74 89 90
73 76 121 124
73 78 153 158
73 163 169 175
74 75 90 91
74 77 122 125
74 79 154 159
75 76 91 92
75 78 123 126
75 150 155 235
76 77 92 93
76 79 124 127
76 136 140 204
76 151 156 236
77 78 93 94
77 122 125 173
77 137 141 205
77 152 157 237
78 79 94 95
78 108 110 142
78 123 126 174
78 138 142 206
78 153 158 238
79 94 95 111
79 109 111 143
79 124 127 175
79 139 143 207
79 154 159 239
80 81 96 97
80 83 128 131
80 85 160 165
80 86 92 182
80 87 94 199
80 87 192 199
80 89 224 233
80 96 97 112
80 112 114 144
80 128 131 176
80 144 148 208
80 160 165 240
81 82 97 98
81 84 129 132
81 86 161 166
81 87 93 183
81 88 95 200
81 88 193 200
81 90 225 234
81 113 115 145
81 129 132 177
81 145 149 209
81 161 166 241
82 83 98 99
82 85 130 133
82 87 162 167
82 88 94 184
82 89 194 201
82 91 226 235
82 130 133 178
82 146 150 210
82 162 167 242
83 84 99 100
83 86 131 134
83 88 163 168
83 89 95 185
83 90 195 202
83 92 227 236
83 147 151 211
83 163 168 243
84 85 100 101
84 87 132 135
84 89 164 169
84 91 196 203
84 93 228 237
84 164 169 244
85 86 101 102
85 88 133 136
85 90 165 170
85 92 197 204
85 94 229 238
86 87 102 103
86 89 134 137
86 91 166 171
86 93 198 205
86 95 230 239
86 176 182 188
87 88 103 104
87 90 135 138
87 92 167 172
87 94 199 206
87 177 183 189
87 192 199 206
88 89 104 105
88 91 136 139
88 93 168 173
88 95 200 207
88 178 184 190
88 193 200 207
89 90 105 106
89 92 137 140
89 94 169 174
89 179 185 191
90 91 106 107
90 93 138 141
90 95 170 175
91 92 107 108
91 94 139 142
91 166 171 251
92 93 108 109
92 95 140 143
92 152 156 220
92 167 172 252
93 94 109 110
93 138 141 189
93 153 157 221
93 168 173 253
94 95 110 111
94 124 126 158
94 139 142 190
94 154 158 222
94 169 174 254
95 110 111 127
95 125 127 159
95 140 143 191
95 155 159 223
95 170 175 255
96 97 112 113
96 99 144 147
96 101 176 181
96 103 110 215
96 103 208 215
96 105 240 249
96 112 113 128
96 128 130 160
96 144 147 192
96 160 164 224
97 98 113 114
97 100 145 148
97 102 177 182
97 104 111 216
97 104 209 216
97 106 241 250
97 129 131 161
97 145 148 193
97 161 165 225
98 99 114 115
98 101 146 149
98 103 178 183
98 105 210 217
98 107 242 251
98 146 149 194
98 162 166 226
99 100 115 116
99 102 147 150
99 104 179 184
99 106 211 218
99 108 243 252
99 163 167 227
100 101 116 117
100 103 148 151
100 105 180 185
100 107 212 219
100 109 244 253
101 102 117 118
101 104 149 152
101 106 181 186
101 108 213 220
101 110 245 254
101 176 181 186
102 103 118 119
102 105 150 153
102 107 182 187
102 109 214 221
102 111 246 255
102 177 182 187
102 192 198 204
103 104 119 120
103 106 151 154
103 108 183 188
103 110 215 222
103 178 183 188
103 193 199 205
103 208 215 222
104 105 120 121
104 107 152 155
104 109 184 189
104 111 216 223
104 179 184 189
104 194 200 206
104 209 216 223
105 106 121 122
105 108 153 156
105 110 185 190
105 180 185 190
105 195 201 207
106 107 122 123
106 109 154 157
106 111 186 191
106 181 186 191
107 108 123 124
107 110 155 158
108 109 124 125
108 111 156 159
108 168 172 236
109 110 125 126
109 154 157 205
109 169 173 237
110 111 126 127
110 140 142 174
110 155 158 206
110 170 174 238
111 126 127 143
111 141 143 175
111 156 159 207
111 171 175 239
112 113 128 129
112 115 160 163
112 117 192 197
112 119 224 231
112 128 129 144
112 144 146 176
112 160 163 208
112 176 180 240
113 114 129 130
113 116 161 164
113 118 193 198
113 120 225 232
113 145 147 177
113 161 164 209
113 177 181 241
114 115 130 131
114 117 162 165
114 119 194 199
114 121 226 233
114 162 165 210
114 178 182 242
115 116 131 132
115 118 163 166
115 120 195 200
115 122 227 234
115 179 183 243
116 117 132 133
116 119 164 167
116 121 196 201
116 123 228 235
117 118 133 134
117 120 165 168
117 122 197 202
117 124 229 236
117 192 197 202
118 119 134 135
118 121 166 169
118 123 198 203
118 125 230 237
118 193 198 203
118 208 214 220
119 120 135 136
119 122 167 170
119 124 199 204
119 126 231 238
119 194 199 204
119 209 215 221
119 224 231 238
120 121 136 137
120 123 168 171
120 125 200 205
120 127 232 239
120 195 200 205
120 210 216 222
120 225 232 239
121 122 137 138
121 124 169 172
121 126 201 206
121 196 201 206
121 211 217 223
122 123 138 139
122 125 170 173
122 127 202 207
122 197 202 207
123 124 139 140
123 126 171 174
124 125 140 141
124 127 172 175
124 184 188 252
125 126 141 142
125 170 173 221
125 185 189 253
126 127 142 143
126 156 158 190
126 171 174 222
126 186 190 254
127 142 143 159
127 157 159 191
127 172 175 223
127 187 191 255
128 129 144 145
128 131 176 179
128 133 208 213
128 135 240 247
128 144 145 160
128 160 162 192
128 176 179 224
129 130 145 146
129 132 177 180
129 134 209 214
129 136 241 248
129 161 163 193
129 177 180 225
130 131 146 147
130 133 178 181
130 135 210 215
130 137 242 249
130 178 181 226
131 132 147 148
131 134 179 182
131 136 211 216
131 138 243 250
132 133 148 149
132 135 180 183
132 137 212 217
132 139 244 251
132 192 196 200
133 134 149 150
133 136 181 184
133 138 213 218
133 140 245 252
133 193 197 201
133 208 213 218
134 135 150 151
134 137 182 185
134 139 214 219
134 141 246 253
134 194 198 202
134 209 214 219
134 224 230 236
135 136 151 152
135 138 183 186
135 140 215 220
135 142 247 254
135 195 199 203
135 210 215 220
135 225 231 237
135 240 247 254
136 137 152 153
136 139 184 187
136 141 216 221
136 143 248 255
136 196 200 204
136 211 216 221
136 226 232 238
136 241 248 255
137 138 153 154
137 140 185 188
137 142 217 222
137 197 201 205
137 212 217 222
137 227 233 239
138 139 154 155
138 141 186 189
138 143 218 223
138 198 202 206
138 213 218 223
139 140 155 156
139 142 187 190
139 199 203 207
140 141 156 157
140 143 188 191
141 142 157 158
141 186 189 237
142 143 158 159
142 172 174 206
142 187 190 238
143 158 159 175
143 173 175 207
143 188 191 239
144 145 160 161
144 147 192 195
144 149 224 229
144 160 161 176
144 176 178 208
144 192 195 240
145 146 161 162
145 148 193 196
145 150 225 230
145 177 179 209
145 193 196 241
146 147 162 163
146 149 194 197
146 151 226 231
146 194 197 242
147 148 163 164
147 150 195 198
147 152 227 232
148 149 164 165
148 151 196 199
148 153 228 233
148 208 212 216
149 150 165 166
149 152 197 200
149 154 229 234
149 209 213 217
149 224 229 234
150 151 166 167
150 153 198 201
150 155 230 235
150 210 214 218
150 225 230 235
150 240 246 252
151 152 167 168
151 154 199 202
151 156 231 236
151 211 215 219
151 226 231 236
151 241 247 253
152 153 168 169
152 155 200 203
152 157 232 237
152 212 216 220
152 227 232 237
152 242 248 254
153 154 169 170
153 156 201 204
153 158 233 238
153 213 217 221
153 228 233 238
153 243 249 255
154 155 170 171
154 157 202 205
154 159 234 239
154 214 218 222
154 229 234 239
155 156 171 172
155 158 203 206
155 215 219 223
156 157 172 173
156 159 204 207
157 158 173 174
157 202 205 253
158 159 174 175
158 188 190 222
158 203 206 254
159 174 175 191
159 189 191 223
159 204 207 255
160 161 176 177
160 163 208 211
160 165 240 245
160 176 177 192
160 192 194 224
161 162 177 178
161 164 209 212
161 166 241 246
161 193 195 225
162 163 178 179
162 165 210 213
162 167 242 247
163 164 179 180
163 166 211 214
163 168 243 248
163 208 211 214
164 165 180 181
164 167 212 215
164 169 244 249
164 209 212 215
164 224 228 232
165 166 181 182
165 168 213 216
165 170 245 250
165 210 213 216
165 225 229 233
165 240 245 250
166 167 182 183
166 169 214 217
166 171 246 251
166 211 214 217
166 226 230 234
166 241 246 251
167 168 183 184
167 170 215 218
167 172 247 252
167 212 215 218
167 227 231 235
167 242 247 252
168 169 184 185
168 171 216 219
168 173 248 253
168 213 216 219
168 228 232 236
168 243 248 253
169 170 185 186
169 172 217 220
169 174 249 254
169 214 217 220
169 229 233 237
169 244 249 254
170 171 186 187
170 173 218 221
170 175 250 255
170 215 218 221
170 230 234 238
170 245 250 255
171 172 187 188
171 174 219 222
171 216 219 222
171 231 235 239
172 173 188 189
172 175 220 223
172 217 220 223
173 174 189 190
174 175 190 191
174 204 206 238
175 190 191 207
175 205 207 239
176 177 192 193
176 179 224 227
176 192 193 208
176 208 210 240
177 178 193 194
177 180 225 228
177 209 211 241
178 179 194 195
178 181 226 229
179 180 195 196
179 182 227 230
179 224 227 230
180 181 196 197
180 183 228 231
180 225 228 231
180 240 244 248
181 182 197 198
181 184 229 232
181 226 229 232
181 241 245 249
182 183 198 199
182 185 230 233
182 227 230 233
182 242 246 250
183 184 199 200
183 186 231 234
183 228 231 234
183 243 247 251
184 185 200 201
184 187 232 235
184 229 232 235
184 244 248 252
185 186 201 202
185 188 233 236
185 230 233 236
185 245 249 253
186 187 202 203
186 189 234 237
186 231 234 237
186 246 250 254
187 188 203 204
187 190 235 238
187 232 235 238
187 247 251 255
188 189 204 205
188 191 236 239
188 233 236 239
189 190 205 206
190 191 206 207
190 220 222 254
191 206 207 223
191 221 223 255
192 193 208 209
192 195 240 243
192 208 209 224
192 209 226 243
193 194 209 210
193 196 241 244
194 195 210 211
194 197 242 245
194 224 226 228
195 196 211 212
195 198 243 246
195 225 227 229
195 240 243 246
196 197 212 213
196 199 244 247
196 226 228 230
196 241 244 247
197 198 213 214
197 200 245 248
197 227 229 231
197 242 245 248
198 199 214 215
198 201 246 249
198 228 230 232
198 243 246 249
199 200 215 216
199 202 247 250
199 229 231 233
199 244 247 250
200 201 216 217
200 203 248 251
200 230 232 234
200 245 248 251
201 202 217 218
201 204 249 252
201 231 233 235
201 246 249 252
202 203 218 219
202 205 250 253
202 232 234 236
202 247 250 253
203 204 219 220
203 206 251 254
203 233 235 237
203 248 251 254
204 205 220 221
204 207 252 255
204 234 236 238
204 249 252 255
205 206 221 222
205 235 237 239
206 207 222 223
207 222 223 239
207 222 237 252
208 209 224 225
208 224 225 240
209 210 225 226
210 211 226 227
210 240 242 244
211 212 227 228
211 241 243 245
212 213 228 229
212 242 244 246
213 214 229 230
213 243 245 247
214 215 230 231
214 244 246 248
215 216 231 232
215 245 247 249
216 217 232 233
216 246 248 250
217 218 233 234
217 247 249 251
218 219 234 235
218 248 250 252
219 220 235 236
219 249 251 253
220 221 236 237
220 250 252 254
221 222 237 238
221 251 253 255
222 223 238 239
223 238 239 255
224 225 240 241
225 226 241 242
225 240 241 242
226 227 242 243
226 241 242 243
227 228 243 244
227 242 243 244
228 229 244 245
228 243 244 245
229 230 245 246
229 244 245 246
230 231 246 247
230 245 246 247
231 232 247 248
231 246 247 248
232 233 248 249
232 247 248 249
233 234 249 250
233 248 249 250
234 235 250 251
234 249 250 251
235 236 251 252
235 250 251 252
236 237 252 253
236 251 252 253
237 238 253 254
237 252 253 254
238 239 254 255
238 253 254 255
