0 1 2 3 4 5 6 7
0 8 16 24 32 40 48 56
0 9 18 27 36 45 54 63
1 9 17 25 33 41 49 57
2 10 18 26 34 42 50 58
3 11 19 27 35 43 51 59
4 12 20 28 36 44 52 60
5 13 21 29 37 45 53 61
6 14 22 30 38 46 54 62
7 14 21 28 35 42 49 56
7 15 23 31 39 47 55 63
8 9 10 11 12 13 14 15
16 17 18 19 20 21 22 23
24 25 26 27 28 29 30 31
32 33 34 35 36 37 38 39
40 41 42 43 44 45 46 47
48 49 50 51 52 53 54 55
56 57 58 59 60 61 62 63
1 10 19 28 37 46 55
6 13 20 27 34 41 48
8 17 26 35 44 53 62
15 22 29 36 43 50 57
2 11 20 29 38 47
5 12 19 26 33 40
16 25 34 43 52 61
23 30 37 44 51 58
0 2 9 16 18
0 4 18 32 36
0 6 27 48 54
1 3 10 17 19
1 5 19 33 37
1 7 28 49 55
1 8 9 10 17
2 4 11 18 20
2 6 20 34 38
2 9 10 11 18
2 16 18 20 34
3 5 12 19 21
3 7 21 35 39
3 10 11 12 19
3 12 21 30 39
3 17 19 21 35
3 24 27 30 51
4 6 13 20 22
4 11 12 13 20
4 11 18 25 32
4 18 20 22 36
4 25 28 31 52
5 7 14 21 23
5 12 13 14 21
5 19 21 23 37
6 13 14 15 22
8 10 17 24 26
8 12 26 40 44
8 14 35 56 62
9 11 18 25 27
9 13 27 41 45
9 15 36 57 63
9 16 17 18 25
10 12 19 26 28
10 14 28 42 46
10 17 18 19 26
10 24 26 28 42
11 13 20 27 29
11 15 29 43 47
11 18 19 20 27
11 25 27 29 43
11 32 35 38 59
12 14 21 28 30
12 19 20 21 28
12 26 28 30 44
12 33 36 39 60
13 15 22 29 31
13 20 21 22 29
13 27 29 31 45
14 21 22 23 30
16 18 25 32 34
16 20 34 48 52
17 19 26 33 35
17 21 35 49 53
17 24 25 26 33
18 20 27 34 36
18 22 36 50 54
18 25 26 27 34
18 32 34 36 50
19 21 28 35 37
19 23 37 51 55
19 26 27 28 35
19 33 35 37 51
20 22 29 36 38
20 27 28 29 36
20 34 36 38 52
21 23 30 37 39
21 28 29 30 37
21 35 37 39 53
22 29 30 31 38
24 26 33 40 42
24 28 42 56 60
24 33 42 51 60
25 27 34 41 43
25 29 43 57 61
25 32 33 34 41
26 28 35 42 44
26 30 44 58 62
26 33 34 35 42
26 40 42 44 58
27 29 36 43 45
27 31 45 59 63
27 34 35 36 43
27 41 43 45 59
28 30 37 44 46
28 35 36 37 44
28 42 44 46 60
29 31 38 45 47
29 36 37 38 45
29 43 45 47 61
30 37 38 39 46
31 38 45 52 59
32 34 41 48 50
33 35 42 49 51
33 40 41 42 49
34 36 43 50 52
34 41 42 43 50
35 37 44 51 53
35 42 43 44 51
36 38 45 52 54
36 43 44 45 52
37 39 46 53 55
37 44 45 46 53
38 45 46 47 54
40 42 49 56 58
41 43 50 57 59
41 48 49 50 57
42 44 51 58 60
42 49 50 51 58
43 45 52 59 61
43 50 51 52 59
44 46 53 60 62
44 51 52 53 60
45 47 54 61 63
45 52 53 54 61
46 53 54 55 62
0 1 2 9
0 1 8 9
0 2 4 18
0 3 6 27
0 3 24 27
0 5 40 45
0 7 56 63
0 8 9 16
0 16 18 32
0 24 27 48
1 2 3 10
1 2 9 10
1 3 5 19
1 4 7 28
1 4 25 28
1 6 41 46
1 17 19 33
1 25 28 49
2 3 4 11
2 3 10 11
2 4 6 20
2 5 26 29
2 7 42 47
2 26 29 50
3 4 5 12
3 4 11 12
3 5 7 21
3 6 27 30
3 10 17 24
4 5 6 13
4 5 12 13
4 7 28 31
4 13 22 31
5 6 7 14
5 6 13 14
5 26 29 53
6 7 14 15
6 20 22 38
6 27 30 54
7 14 15 23
7 21 23 39
7 28 31 55
8 9 16 17
8 10 12 26
8 11 14 35
8 11 32 35
8 13 48 53
8 16 17 24
8 24 26 40
8 32 35 56
9 10 17 18
9 11 13 27
9 12 15 36
9 12 33 36
9 14 49 54
9 25 27 41
9 33 36 57
10 11 18 19
10 12 14 28
10 13 34 37
10 15 50 55
10 34 37 58
11 12 19 20
11 13 15 29
11 14 35 38
12 13 20 21
12 15 36 39
13 14 21 22
13 34 37 61
14 15 22 23
14 28 30 46
14 35 38 62
15 22 23 31
15 29 31 47
15 36 39 63
16 17 24 25
16 19 22 43
16 19 40 43
16 21 56 61
16 24 25 32
16 32 34 48
17 18 25 26
17 20 23 44
17 20 41 44
17 22 57 62
17 33 35 49
18 19 26 27
18 21 42 45
18 23 58 63
19 20 27 28
19 22 43 46
19 40 43 46
20 21 28 29
20 23 44 47
20 41 44 47
21 22 29 30
22 23 30 31
22 36 38 54
23 30 31 39
23 37 39 55
24 25 32 33
24 27 48 51
24 32 33 40
24 40 42 56
25 26 33 34
25 28 49 52
25 41 43 57
26 27 34 35
26 29 50 53
27 28 35 36
27 30 51 54
27 48 51 54
28 29 36 37
28 31 52 55
28 49 52 55
29 30 37 38
30 31 38 39
30 44 46 62
31 38 39 47
31 45 47 63
32 33 40 41
32 35 56 59
32 40 41 48
32 41 50 59
33 34 41 42
33 36 57 60
34 35 42 43
34 37 58 61
34 48 50 52
35 36 43 44
35 38 59 62
35 49 51 53
35 56 59 62
36 37 44 45
36 39 60 63
36 50 52 54
36 57 60 63
37 38 45 46
37 51 53 55
38 39 46 47
39 46 47 55
39 46 53 60
40 41 48 49
40 48 49 56
41 42 49 50
42 43 50 51
42 56 58 60
43 44 51 52
43 57 59 61
44 45 52 53
44 58 60 62
45 46 53 54
45 59 61 63
46 47 54 55
47 54 55 63
48 49 56 57
49 50 57 58
49 56 57 58
50 51 58 59
50 57 58 59
51 52 59 60
51 58 59 60
52 53 60 61
52 59 60 61
53 54 61 62
53 60 61 62
54 55 62 63
54 61 62 63
