0 1 2 3 4 5 6 7 8 9 10 11 12 13
0 14 28 42 56 70 84 98 112 126 140 154 168 182
0 15 30 45 60 75 90 105 120 135 150 165 180 195
1 15 29 43 57 71 85 99 113 127 141 155 169 183
2 16 30 44 58 72 86 100 114 128 142 156 170 184
3 17 31 45 59 73 87 101 115 129 143 157 171 185
4 18 32 46 60 74 88 102 116 130 144 158 172 186
5 19 33 47 61 75 89 103 117 131 145 159 173 187
6 20 34 48 62 76 90 104 118 132 146 160 174 188
7 21 35 49 63 77 91 105 119 133 147 161 175 189
8 22 36 50 64 78 92 106 120 134 148 162 176 190
9 23 37 51 65 79 93 107 121 135 149 163 177 191
10 24 38 52 66 80 94 108 122 136 150 164 178 192
11 25 39 53 67 81 95 109 123 137 151 165 179 193
12 26 40 54 68 82 96 110 124 138 152 166 180 194
13 26 39 52 65 78 91 104 117 130 143 156 169 182
13 27 41 55 69 83 97 111 125 139 153 167 181 195
14 15 16 17 18 19 20 21 22 23 24 25 26 27
28 29 30 31 32 33 34 35 36 37 38 39 40 41
42 43 44 45 46 47 48 49 50 51 52 53 54 55
56 57 58 59 60 61 62 63 64 65 66 67 68 69
70 71 72 73 74 75 76 77 78 79 80 81 82 83
84 85 86 87 88 89 90 91 92 93 94 95 96 97
98 99 100 101 102 103 104 105 106 107 108 109 110 111
112 113 114 115 116 117 118 119 120 121 122 123 124 125
126 127 128 129 130 131 132 133 134 135 136 137 138 139
140 141 142 143 144 145 146 147 148 149 150 151 152 153
154 155 156 157 158 159 160 161 162 163 164 165 166 167
168 169 170 171 172 173 174 175 176 177 178 179 180 181
182 183 184 185 186 187 188 189 190 191 192 193 194 195
1 16 31 46 61 76 91 106 121 136 151 166 181
12 25 38 51 64 77 90 103 116 129 142 155 168
14 29 44 59 74 89 104 119 134 149 164 179 194
27 40 53 66 79 92 105 118 131 144 157 170 183
2 17 32 47 62 77 92 107 122 137 152 167
11 24 37 50 63 76 89 102 115 128 141 154
28 43 58 73 88 103 118 133 148 163 178 193
41 54 67 80 93 106 119 132 145 158 171 184
3 18 33 48 63 78 93 108 123 138 153
10 23 36 49 62 75 88 101 114 127 140
42 57 72 87 102 117 132 147 162 177 192
55 68 81 94 107 120 133 146 159 172 185
4 19 34 49 64 79 94 109 124 139
9 22 35 48 61 74 87 100 113 126
56 71 86 101 116 131 146 161 176 191
69 82 95 108 121 134 147 160 173 186
5 20 35 50 65 80 95 110 125
8 21 34 47 60 73 86 99 112
70 85 100 115 130 145 160 175 190
83 96 109 122 135 148 161 174 187
6 21 36 51 66 81 96 111
7 20 33 46 59 72 85 98
84 99 114 129 144 159 174 189
97 110 123 136 149 162 175 188
6 19 32 45 58 71 84
7 22 37 52 67 82 97
98 113 128 143 158 173 188
111 124 137 150 163 176 189
5 18 31 44 57 70
8 23 38 53 68 83
112 127 142 157 172 187
125 138 151 164 177 190
0 2 15 28 30
0 4 30 56 60
0 6 45 84 90
0 8 60 112 120
0 10 75 140 150
0 12 90 168 180
1 3 16 29 31
1 5 31 57 61
1 7 46 85 91
1 9 61 113 121
1 11 76 141 151
1 13 91 169 181
1 14 15 16 29
2 4 17 30 32
2 6 32 58 62
2 8 47 86 92
2 10 62 114 122
2 12 77 142 152
2 15 16 17 30
2 28 30 32 58
3 5 18 31 33
3 7 33 59 63
3 9 48 87 93
3 11 63 115 123
3 13 78 143 153
3 16 17 18 31
3 29 31 33 59
3 42 45 48 87
4 6 19 32 34
4 8 34 60 64
4 10 49 88 94
4 12 64 116 124
4 17 18 19 32
4 17 30 43 56
4 30 32 34 60
4 43 46 49 88
4 56 60 64 116
5 7 20 33 35
5 9 35 61 65
5 11 50 89 95
5 13 65 117 125
5 18 19 20 33
5 31 33 35 61
5 44 47 50 89
5 57 61 65 117
5 70 75 80 145
6 8 21 34 36
6 10 36 62 66
6 12 51 90 96
6 19 20 21 34
6 32 34 36 62
6 45 48 51 90
6 58 62 66 118
6 71 76 81 146
6 84 90 96 174
7 9 22 35 37
7 11 37 63 67
7 13 52 91 97
7 20 21 22 35
7 33 35 37 63
7 46 49 52 91
7 59 63 67 119
7 72 77 82 147
7 85 91 97 175
8 10 23 36 38
8 12 38 64 68
8 21 22 23 36
8 34 36 38 64
8 47 50 53 92
8 60 64 68 120
8 73 78 83 148
9 11 24 37 39
9 13 39 65 69
9 22 23 24 37
9 24 39 54 69
9 35 37 39 65
9 48 51 54 93
9 61 65 69 121
10 12 25 38 40
10 23 24 25 38
10 36 38 40 66
10 49 52 55 94
11 13 26 39 41
11 24 25 26 39
11 37 39 41 67
12 25 26 27 40
14 16 29 42 44
14 18 44 70 74
14 20 59 98 104
14 22 74 126 134
14 24 89 154 164
14 26 104 182 194
15 17 30 43 45
15 19 45 71 75
15 21 60 99 105
15 23 75 127 135
15 25 90 155 165
15 27 105 183 195
15 28 29 30 43
16 18 31 44 46
16 20 46 72 76
16 22 61 100 106
16 24 76 128 136
16 26 91 156 166
16 29 30 31 44
16 42 44 46 72
17 19 32 45 47
17 21 47 73 77
17 23 62 101 107
17 25 77 129 137
17 27 92 157 167
17 30 31 32 45
17 43 45 47 73
17 56 59 62 101
18 20 33 46 48
18 22 48 74 78
18 24 63 102 108
18 26 78 130 138
18 31 32 33 46
18 44 46 48 74
18 57 60 63 102
18 70 74 78 130
19 21 34 47 49
19 23 49 75 79
19 25 64 103 109
19 27 79 131 139
19 32 33 34 47
19 45 47 49 75
19 58 61 64 103
19 71 75 79 131
19 84 89 94 159
20 22 35 48 50
20 24 50 76 80
20 26 65 104 110
20 33 34 35 48
20 46 48 50 76
20 59 62 65 104
20 72 76 80 132
20 85 90 95 160
20 98 104 110 188
21 23 36 49 51
21 25 51 77 81
21 27 66 105 111
21 34 35 36 49
21 47 49 51 77
21 60 63 66 105
21 73 77 81 133
21 86 91 96 161
21 99 105 111 189
22 24 37 50 52
22 26 52 78 82
22 35 36 37 50
22 48 50 52 78
22 61 64 67 106
22 74 78 82 134
22 87 92 97 162
23 25 38 51 53
23 27 53 79 83
23 36 37 38 51
23 49 51 53 79
23 62 65 68 107
23 75 79 83 135
24 26 39 52 54
24 37 38 39 52
24 50 52 54 80
24 63 66 69 108
25 27 40 53 55
25 38 39 40 53
25 51 53 55 81
26 39 40 41 54
28 30 43 56 58
28 32 58 84 88
28 34 73 112 118
28 36 88 140 148
28 38 103 168 178
29 31 44 57 59
29 33 59 85 89
29 35 74 113 119
29 37 89 141 149
29 39 104 169 179
29 42 43 44 57
30 32 45 58 60
30 34 60 86 90
30 36 75 114 120
30 38 90 142 150
30 40 105 170 180
30 43 44 45 58
30 56 58 60 86
31 33 46 59 61
31 35 61 87 91
31 37 76 115 121
31 39 91 143 151
31 41 106 171 181
31 44 45 46 59
31 57 59 61 87
31 70 73 76 115
32 34 47 60 62
32 36 62 88 92
32 38 77 116 122
32 40 92 144 152
32 45 46 47 60
32 58 60 62 88
32 71 74 77 116
32 84 88 92 144
33 35 48 61 63
33 37 63 89 93
33 39 78 117 123
33 41 93 145 153
33 46 47 48 61
33 59 61 63 89
33 72 75 78 117
33 85 89 93 145
33 98 103 108 173
34 36 49 62 64
34 38 64 90 94
34 40 79 118 124
34 47 48 49 62
34 60 62 64 90
34 73 76 79 118
34 86 90 94 146
34 99 104 109 174
35 37 50 63 65
35 39 65 91 95
35 41 80 119 125
35 48 49 50 63
35 61 63 65 91
35 74 77 80 119
35 87 91 95 147
35 100 105 110 175
36 38 51 64 66
36 40 66 92 96
36 49 50 51 64
36 62 64 66 92
36 75 78 81 120
36 88 92 96 148
36 101 106 111 176
37 39 52 65 67
37 41 67 93 97
37 50 51 52 65
37 63 65 67 93
37 76 79 82 121
37 89 93 97 149
38 40 53 66 68
38 51 52 53 66
38 64 66 68 94
38 77 80 83 122
39 41 54 67 69
39 52 53 54 67
39 65 67 69 95
40 53 54 55 68
42 44 57 70 72
42 46 72 98 102
42 48 87 126 132
42 50 102 154 162
42 52 117 182 192
43 45 58 71 73
43 47 73 99 103
43 49 88 127 133
43 51 103 155 163
43 53 118 183 193
43 56 57 58 71
44 46 59 72 74
44 48 74 100 104
44 50 89 128 134
44 52 104 156 164
44 54 119 184 194
44 57 58 59 72
44 70 72 74 100
45 47 60 73 75
45 49 75 101 105
45 51 90 129 135
45 53 105 157 165
45 55 120 185 195
45 58 59 60 73
45 71 73 75 101
45 84 87 90 129
46 48 61 74 76
46 50 76 102 106
46 52 91 130 136
46 54 106 158 166
46 59 60 61 74
46 72 74 76 102
46 85 88 91 130
46 98 102 106 158
47 49 62 75 77
47 51 77 103 107
47 53 92 131 137
47 55 107 159 167
47 60 61 62 75
47 73 75 77 103
47 86 89 92 131
47 99 103 107 159
47 112 117 122 187
48 50 63 76 78
48 52 78 104 108
48 54 93 132 138
48 61 62 63 76
48 74 76 78 104
48 87 90 93 132
48 100 104 108 160
48 113 118 123 188
49 51 64 77 79
49 53 79 105 109
49 55 94 133 139
49 62 63 64 77
49 75 77 79 105
49 88 91 94 133
49 101 105 109 161
49 114 119 124 189
50 52 65 78 80
50 54 80 106 110
50 63 64 65 78
50 76 78 80 106
50 89 92 95 134
50 102 106 110 162
50 115 120 125 190
51 53 66 79 81
51 55 81 107 111
51 64 65 66 79
51 77 79 81 107
51 90 93 96 135
51 103 107 111 163
52 54 67 80 82
52 65 66 67 80
52 78 80 82 108
52 91 94 97 136
53 55 68 81 83
53 66 67 68 81
53 79 81 83 109
54 67 68 69 82
56 58 71 84 86
56 60 86 112 116
56 62 101 140 146
56 64 116 168 176
57 59 72 85 87
57 61 87 113 117
57 63 102 141 147
57 65 117 169 177
57 70 71 72 85
58 60 73 86 88
58 62 88 114 118
58 64 103 142 148
58 66 118 170 178
58 71 72 73 86
58 84 86 88 114
59 61 74 87 89
59 63 89 115 119
59 65 104 143 149
59 67 119 171 179
59 72 73 74 87
59 85 87 89 115
59 98 101 104 143
60 62 75 88 90
60 64 90 116 120
60 66 105 144 150
60 68 120 172 180
60 73 74 75 88
60 86 88 90 116
60 99 102 105 144
60 112 116 120 172
61 63 76 89 91
61 65 91 117 121
61 67 106 145 151
61 69 121 173 181
61 74 75 76 89
61 87 89 91 117
61 100 103 106 145
61 113 117 121 173
62 64 77 90 92
62 66 92 118 122
62 68 107 146 152
62 75 76 77 90
62 88 90 92 118
62 101 104 107 146
62 114 118 122 174
63 65 78 91 93
63 67 93 119 123
63 69 108 147 153
63 76 77 78 91
63 89 91 93 119
63 102 105 108 147
63 115 119 123 175
64 66 79 92 94
64 68 94 120 124
64 77 78 79 92
64 90 92 94 120
64 103 106 109 148
64 116 120 124 176
65 67 80 93 95
65 69 95 121 125
65 78 79 80 93
65 91 93 95 121
65 104 107 110 149
65 117 121 125 177
66 68 81 94 96
66 79 80 81 94
66 92 94 96 122
66 105 108 111 150
67 69 82 95 97
67 80 81 82 95
67 93 95 97 123
68 81 82 83 96
70 72 85 98 100
70 74 100 126 130
70 76 115 154 160
70 78 130 182 190
71 73 86 99 101
71 75 101 127 131
71 77 116 155 161
71 79 131 183 191
71 84 85 86 99
72 74 87 100 102
72 76 102 128 132
72 78 117 156 162
72 80 132 184 192
72 85 86 87 100
72 98 100 102 128
73 75 88 101 103
73 77 103 129 133
73 79 118 157 163
73 81 133 185 193
73 86 87 88 101
73 99 101 103 129
73 112 115 118 157
74 76 89 102 104
74 78 104 130 134
74 80 119 158 164
74 82 134 186 194
74 87 88 89 102
74 100 102 104 130
74 113 116 119 158
74 126 130 134 186
75 77 90 103 105
75 79 105 131 135
75 81 120 159 165
75 83 135 187 195
75 88 89 90 103
75 101 103 105 131
75 114 117 120 159
75 127 131 135 187
76 78 91 104 106
76 80 106 132 136
76 82 121 160 166
76 89 90 91 104
76 102 104 106 132
76 115 118 121 160
76 128 132 136 188
77 79 92 105 107
77 81 107 133 137
77 83 122 161 167
77 90 91 92 105
77 103 105 107 133
77 116 119 122 161
77 129 133 137 189
78 80 93 106 108
78 82 108 134 138
78 91 92 93 106
78 104 106 108 134
78 117 120 123 162
78 130 134 138 190
79 81 94 107 109
79 83 109 135 139
79 92 93 94 107
79 105 107 109 135
79 118 121 124 163
79 131 135 139 191
80 82 95 108 110
80 93 94 95 108
80 106 108 110 136
80 119 122 125 164
81 83 96 109 111
81 94 95 96 109
81 107 109 111 137
82 95 96 97 110
84 86 99 112 114
84 88 114 140 144
84 90 129 168 174
85 87 100 113 115
85 89 115 141 145
85 91 130 169 175
85 98 99 100 113
86 88 101 114 116
86 90 116 142 146
86 92 131 170 176
86 99 100 101 114
86 112 114 116 142
87 89 102 115 117
87 91 117 143 147
87 93 132 171 177
87 100 101 102 115
87 113 115 117 143
87 126 129 132 171
88 90 103 116 118
88 92 118 144 148
88 94 133 172 178
88 101 102 103 116
88 114 116 118 144
88 127 130 133 172
89 91 104 117 119
89 93 119 145 149
89 95 134 173 179
89 102 103 104 117
89 115 117 119 145
89 128 131 134 173
90 92 105 118 120
90 94 120 146 150
90 96 135 174 180
90 103 104 105 118
90 116 118 120 146
90 129 132 135 174
91 93 106 119 121
91 95 121 147 151
91 97 136 175 181
91 104 105 106 119
91 117 119 121 147
91 130 133 136 175
92 94 107 120 122
92 96 122 148 152
92 105 106 107 120
92 118 120 122 148
92 131 134 137 176
93 95 108 121 123
93 97 123 149 153
93 106 107 108 121
93 119 121 123 149
93 132 135 138 177
94 96 109 122 124
94 107 108 109 122
94 120 122 124 150
94 133 136 139 178
95 97 110 123 125
95 108 109 110 123
95 121 123 125 151
96 109 110 111 124
98 100 113 126 128
98 102 128 154 158
98 104 143 182 188
99 101 114 127 129
99 103 129 155 159
99 105 144 183 189
99 112 113 114 127
100 102 115 128 130
100 104 130 156 160
100 106 145 184 190
100 113 114 115 128
100 126 128 130 156
101 103 116 129 131
101 105 131 157 161
101 107 146 185 191
101 114 115 116 129
101 127 129 131 157
101 140 143 146 185
102 104 117 130 132
102 106 132 158 162
102 108 147 186 192
102 115 116 117 130
102 128 130 132 158
102 141 144 147 186
103 105 118 131 133
103 107 133 159 163
103 109 148 187 193
103 116 117 118 131
103 129 131 133 159
103 142 145 148 187
104 106 119 132 134
104 108 134 160 164
104 110 149 188 194
104 117 118 119 132
104 130 132 134 160
104 143 146 149 188
105 107 120 133 135
105 109 135 161 165
105 111 150 189 195
105 118 119 120 133
105 131 133 135 161
105 144 147 150 189
106 108 121 134 136
106 110 136 162 166
106 119 120 121 134
106 132 134 136 162
106 145 148 151 190
107 109 122 135 137
107 111 137 163 167
107 120 121 122 135
107 133 135 137 163
107 146 149 152 191
108 110 123 136 138
108 121 122 123 136
108 134 136 138 164
108 147 150 153 192
109 111 124 137 139
109 122 123 124 137
109 135 137 139 165
110 123 124 125 138
112 114 127 140 142
112 116 142 168 172
113 115 128 141 143
113 117 143 169 173
113 126 127 128 141
114 116 129 142 144
114 118 144 170 174
114 127 128 129 142
114 140 142 144 170
115 117 130 143 145
115 119 145 171 175
115 128 129 130 143
115 141 143 145 171
116 118 131 144 146
116 120 146 172 176
116 129 130 131 144
116 142 144 146 172
117 119 132 145 147
117 121 147 173 177
117 130 131 132 145
117 143 145 147 173
118 120 133 146 148
118 122 148 174 178
118 131 132 133 146
118 144 146 148 174
119 121 134 147 149
119 123 149 175 179
119 132 133 134 147
119 145 147 149 175
120 122 135 148 150
120 124 150 176 180
120 133 134 135 148
120 146 148 150 176
121 123 136 149 151
121 125 151 177 181
121 134 135 136 149
121 147 149 151 177
122 124 137 150 152
122 135 136 137 150
122 148 150 152 178
123 125 138 151 153
123 136 137 138 151
123 149 151 153 179
124 137 138 139 152
126 128 141 154 156
126 130 156 182 186
126 141 156 171 186
127 129 142 155 157
127 131 157 183 187
127 140 141 142 155
128 130 143 156 158
128 132 158 184 188
128 141 142 143 156
128 154 156 158 184
129 131 144 157 159
129 133 159 185 189
129 142 143 144 157
129 155 157 159 185
130 132 145 158 160
130 134 160 186 190
130 143 144 145 158
130 156 158 160 186
131 133 146 159 161
131 135 161 187 191
131 144 145 146 159
131 157 159 161 187
132 134 147 160 162
132 136 162 188 192
132 145 146 147 160
132 158 160 162 188
133 135 148 161 163
133 137 163 189 193
133 146 147 148 161
133 159 161 163 189
134 136 149 162 164
134 138 164 190 194
134 147 148 149 162
134 160 162 164 190
135 137 150 163 165
135 139 165 191 195
135 148 149 150 163
135 161 163 165 191
136 138 151 164 166
136 149 150 151 164
136 162 164 166 192
137 139 152 165 167
137 150 151 152 165
137 163 165 167 193
138 151 152 153 166
139 152 165 178 191
140 142 155 168 170
141 143 156 169 171
141 154 155 156 169
142 144 157 170 172
142 155 156 157 170
143 145 158 171 173
143 156 157 158 171
144 146 159 172 174
144 157 158 159 172
145 147 160 173 175
145 158 159 160 173
146 148 161 174 176
146 159 160 161 174
147 149 162 175 177
147 160 161 162 175
148 150 163 176 178
148 161 162 163 176
149 151 164 177 179
149 162 163 164 177
150 152 165 178 180
150 163 164 165 178
151 153 166 179 181
151 164 165 166 179
152 165 166 167 180
154 156 169 182 184
155 157 170 183 185
155 168 169 170 183
156 158 171 184 186
156 169 170 171 184
157 159 172 185 187
157 170 171 172 185
158 160 173 186 188
158 171 172 173 186
159 161 174 187 189
159 172 173 174 187
160 162 175 188 190
160 173 174 175 188
161 163 176 189 191
161 174 175 176 189
162 164 177 190 192
162 175 176 177 190
163 165 178 191 193
163 176 177 178 191
164 166 179 192 194
164 177 178 179 192
165 167 180 193 195
165 178 179 180 193
166 179 180 181 194
0 1 2 15
0 1 14 15
0 2 4 30
0 3 6 45
0 3 42 45
0 4 8 60
0 5 10 75
0 5 70 75
0 6 12 90
0 7 98 105
0 9 126 135
0 11 154 165
0 13 182 195
0 14 15 28
0 28 30 56
0 42 45 84
0 56 60 112
0 70 75 140
0 84 90 168
1 2 3 16
1 2 15 16
1 3 5 31
1 4 7 46
1 4 43 46
1 5 9 61
1 6 11 76
1 6 71 76
1 7 13 91
1 8 99 106
1 10 127 136
1 12 155 166
1 29 31 57
1 43 46 85
1 57 61 113
1 71 76 141
1 85 91 169
2 3 4 17
2 3 16 17
2 4 6 32
2 5 8 47
2 5 44 47
2 6 10 62
2 7 12 77
2 7 72 77
2 9 100 107
2 11 128 137
2 13 156 167
2 44 47 86
2 58 62 114
2 72 77 142
2 86 92 170
3 4 5 18
3 4 17 18
3 5 7 33
3 6 9 48
3 6 45 48
3 7 11 63
3 8 13 78
3 8 73 78
3 10 101 108
3 12 129 138
3 16 29 42
3 59 63 115
3 73 78 143
3 87 93 171
4 5 6 19
4 5 18 19
4 6 8 34
4 7 10 49
4 7 46 49
4 8 12 64
4 9 74 79
4 11 102 109
4 13 130 139
4 74 79 144
4 88 94 172
5 6 7 20
5 6 19 20
5 7 9 35
5 8 11 50
5 8 47 50
5 9 13 65
5 10 75 80
5 12 103 110
5 89 95 173
6 7 8 21
6 7 20 21
6 8 10 36
6 9 12 51
6 9 48 51
6 11 76 81
6 13 104 111
7 8 9 22
7 8 21 22
7 9 11 37
7 10 13 52
7 10 49 52
7 12 77 82
8 9 10 23
8 9 22 23
8 10 12 38
8 11 50 53
8 13 78 83
8 86 92 176
9 10 11 24
9 10 23 24
9 11 13 39
9 12 51 54
9 74 79 149
9 87 93 177
10 11 12 25
10 11 24 25
10 13 52 55
10 25 40 55
10 62 66 122
10 75 80 150
10 88 94 178
11 12 13 26
11 12 25 26
11 50 53 95
11 63 67 123
11 76 81 151
11 89 95 179
12 13 26 27
12 38 40 68
12 51 54 96
12 64 68 124
12 77 82 152
12 90 96 180
13 26 27 41
13 39 41 69
13 52 55 97
13 65 69 125
13 78 83 153
13 91 97 181
14 15 28 29
14 16 18 44
14 17 20 59
14 17 56 59
14 18 22 74
14 19 24 89
14 19 84 89
14 20 26 104
14 21 112 119
14 23 140 149
14 25 168 179
14 28 29 42
14 42 44 70
14 56 59 98
14 70 74 126
14 84 89 154
14 98 104 182
15 16 29 30
15 17 19 45
15 18 21 60
15 18 57 60
15 19 23 75
15 20 25 90
15 20 85 90
15 21 27 105
15 22 113 120
15 24 141 150
15 26 169 180
15 43 45 71
15 57 60 99
15 71 75 127
15 85 90 155
15 99 105 183
16 17 30 31
16 18 20 46
16 19 22 61
16 19 58 61
16 20 24 76
16 21 26 91
16 21 86 91
16 23 114 121
16 25 142 151
16 27 170 181
16 58 61 100
16 72 76 128
16 86 91 156
16 100 106 184
17 18 31 32
17 19 21 47
17 20 23 62
17 20 59 62
17 21 25 77
17 22 27 92
17 22 87 92
17 24 115 122
17 26 143 152
17 73 77 129
17 87 92 157
17 101 107 185
18 19 32 33
18 20 22 48
18 21 24 63
18 21 60 63
18 22 26 78
18 23 88 93
18 25 116 123
18 27 144 153
18 88 93 158
18 102 108 186
19 20 33 34
19 21 23 49
19 22 25 64
19 22 61 64
19 23 27 79
19 24 89 94
19 26 117 124
19 103 109 187
20 21 34 35
20 22 24 50
20 23 26 65
20 23 62 65
20 25 90 95
20 27 118 125
21 22 35 36
21 23 25 51
21 24 27 66
21 24 63 66
21 26 91 96
22 23 36 37
22 24 26 52
22 25 64 67
22 27 92 97
22 100 106 190
23 24 37 38
23 25 27 53
23 26 65 68
23 88 93 163
23 101 107 191
24 25 38 39
24 27 66 69
24 76 80 136
24 89 94 164
24 102 108 192
25 26 39 40
25 64 67 109
25 77 81 137
25 90 95 165
25 103 109 193
26 27 40 41
26 52 54 82
26 65 68 110
26 78 82 138
26 91 96 166
26 104 110 194
27 40 41 55
27 53 55 83
27 66 69 111
27 79 83 139
27 92 97 167
27 105 111 195
28 29 42 43
28 31 34 73
28 31 70 73
28 32 36 88
28 33 38 103
28 33 98 103
28 34 40 118
28 35 126 133
28 37 154 163
28 39 182 193
28 42 43 56
28 56 58 84
28 70 73 112
28 84 88 140
28 98 103 168
29 30 43 44
29 32 35 74
29 32 71 74
29 33 37 89
29 34 39 104
29 34 99 104
29 35 41 119
29 36 127 134
29 38 155 164
29 40 183 194
29 57 59 85
29 71 74 113
29 85 89 141
29 99 104 169
30 31 44 45
30 33 36 75
30 33 72 75
30 34 38 90
30 35 40 105
30 35 100 105
30 37 128 135
30 39 156 165
30 41 184 195
30 72 75 114
30 86 90 142
30 100 105 170
31 32 45 46
31 34 37 76
31 34 73 76
31 35 39 91
31 36 41 106
31 36 101 106
31 38 129 136
31 40 157 166
31 87 91 143
31 101 106 171
32 33 46 47
32 35 38 77
32 35 74 77
32 36 40 92
32 37 102 107
32 39 130 137
32 41 158 167
32 102 107 172
33 34 47 48
33 36 39 78
33 36 75 78
33 37 41 93
33 38 103 108
33 40 131 138
34 35 48 49
34 37 40 79
34 37 76 79
34 39 104 109
34 41 132 139
34 112 118 124
35 36 49 50
35 38 41 80
35 38 77 80
35 40 105 110
35 113 119 125
36 37 50 51
36 39 78 81
36 41 106 111
37 38 51 52
37 40 79 82
37 102 107 177
38 39 52 53
38 41 80 83
38 90 94 150
38 103 108 178
39 40 53 54
39 78 81 123
39 91 95 151
39 104 109 179
40 41 54 55
40 66 68 96
40 79 82 124
40 92 96 152
40 105 110 180
41 54 55 69
41 67 69 97
41 80 83 125
41 93 97 153
41 106 111 181
42 43 56 57
42 45 84 87
42 46 50 102
42 47 52 117
42 47 112 117
42 48 54 132
42 49 140 147
42 51 168 177
42 56 57 70
42 70 72 98
42 84 87 126
42 98 102 154
42 112 117 182
43 44 57 58
43 46 85 88
43 47 51 103
43 48 53 118
43 48 113 118
43 49 55 133
43 50 141 148
43 52 169 178
43 71 73 99
43 85 88 127
43 99 103 155
43 113 118 183
44 45 58 59
44 47 86 89
44 48 52 104
44 49 54 119
44 49 114 119
44 51 142 149
44 53 170 179
44 86 89 128
44 100 104 156
44 114 119 184
45 46 59 60
45 48 87 90
45 49 53 105
45 50 55 120
45 50 115 120
45 52 143 150
45 54 171 180
45 101 105 157
45 115 120 185
46 47 60 61
46 49 88 91
46 50 54 106
46 51 116 121
46 53 144 151
46 55 172 181
46 116 121 186
47 48 61 62
47 50 89 92
47 51 55 107
47 52 117 122
47 54 145 152
48 49 62 63
48 51 90 93
48 53 118 123
48 55 146 153
48 126 132 138
49 50 63 64
49 52 91 94
49 54 119 124
49 127 133 139
50 51 64 65
50 53 92 95
50 55 120 125
51 52 65 66
51 54 93 96
51 116 121 191
52 53 66 67
52 55 94 97
52 104 108 164
52 117 122 192
53 54 67 68
53 92 95 137
53 105 109 165
53 118 123 193
54 55 68 69
54 80 82 110
54 93 96 138
54 106 110 166
54 119 124 194
55 68 69 83
55 81 83 111
55 94 97 139
55 107 111 167
55 120 125 195
56 57 70 71
56 59 98 101
56 61 66 131
56 61 126 131
56 62 68 146
56 63 154 161
56 65 182 191
56 70 71 84
56 84 86 112
56 98 101 140
56 112 116 168
57 58 71 72
57 60 99 102
57 62 67 132
57 62 127 132
57 63 69 147
57 64 155 162
57 66 183 192
57 85 87 113
57 99 102 141
57 113 117 169
58 59 72 73
58 61 100 103
58 63 68 133
58 63 128 133
58 65 156 163
58 67 184 193
58 100 103 142
58 114 118 170
59 60 73 74
59 62 101 104
59 64 69 134
59 64 129 134
59 66 157 164
59 68 185 194
59 115 119 171
60 61 74 75
60 63 102 105
60 65 130 135
60 67 158 165
60 69 186 195
61 62 75 76
61 64 103 106
61 66 131 136
61 68 159 166
61 126 131 136
62 63 76 77
62 65 104 107
62 67 132 137
62 69 160 167
62 127 132 137
62 140 146 152
63 64 77 78
63 66 105 108
63 68 133 138
63 128 133 138
63 141 147 153
64 65 78 79
64 67 106 109
64 69 134 139
64 129 134 139
65 66 79 80
65 68 107 110
66 67 80 81
66 69 108 111
66 118 122 178
67 68 81 82
67 106 109 151
67 119 123 179
68 69 82 83
68 94 96 124
68 107 110 152
68 120 124 180
69 82 83 97
69 95 97 125
69 108 111 153
69 121 125 181
70 71 84 85
70 73 112 115
70 75 140 145
70 76 82 160
70 77 168 175
70 84 85 98
70 98 100 126
70 112 115 154
70 126 130 182
71 72 85 86
71 74 113 116
71 76 141 146
71 77 83 161
71 78 169 176
71 99 101 127
71 113 116 155
71 127 131 183
72 73 86 87
72 75 114 117
72 77 142 147
72 79 170 177
72 114 117 156
72 128 132 184
73 74 87 88
73 76 115 118
73 78 143 148
73 80 171 178
73 129 133 185
74 75 88 89
74 77 116 119
74 79 144 149
74 81 172 179
75 76 89 90
75 78 117 120
75 80 145 150
75 82 173 180
75 140 145 150
76 77 90 91
76 79 118 121
76 81 146 151
76 83 174 181
76 141 146 151
76 154 160 166
77 78 91 92
77 80 119 122
77 82 147 152
77 142 147 152
77 155 161 167
78 79 92 93
78 81 120 123
78 83 148 153
78 143 148 153
79 80 93 94
79 82 121 124
80 81 94 95
80 83 122 125
80 132 136 192
81 82 95 96
81 120 123 165
81 133 137 193
82 83 96 97
82 108 110 138
82 121 124 166
82 134 138 194
83 96 97 111
83 109 111 139
83 122 125 167
83 135 139 195
84 85 98 99
84 87 126 129
84 89 154 159
84 91 182 189
84 98 99 112
84 112 114 140
84 126 129 168
85 86 99 100
85 88 127 130
85 90 155 160
85 92 183 190
85 113 115 141
85 127 130 169
86 87 100 101
86 89 128 131
86 91 156 161
86 93 184 191
86 128 131 170
87 88 101 102
87 90 129 132
87 92 157 162
87 94 185 192
88 89 102 103
88 91 130 133
88 93 158 163
88 95 186 193
88 140 144 148
89 90 103 104
89 92 131 134
89 94 159 164
89 96 187 194
89 141 145 149
89 154 159 164
90 91 104 105
90 93 132 135
90 95 160 165
90 97 188 195
90 142 146 150
90 155 160 165
90 168 174 180
91 92 105 106
91 94 133 136
91 96 161 166
91 143 147 151
91 156 161 166
91 169 175 181
92 93 106 107
92 95 134 137
92 97 162 167
92 144 148 152
92 157 162 167
93 94 107 108
93 96 135 138
93 145 149 153
94 95 108 109
94 97 136 139
95 96 109 110
95 134 137 179
96 97 110 111
96 122 124 152
96 135 138 180
97 110 111 125
97 123 125 153
97 136 139 181
98 99 112 113
98 101 140 143
98 103 168 173
98 112 113 126
98 126 128 154
98 140 143 182
99 100 113 114
99 102 141 144
99 104 169 174
99 127 129 155
99 141 144 183
100 101 114 115
100 103 142 145
100 105 170 175
100 142 145 184
101 102 115 116
101 104 143 146
101 106 171 176
102 103 116 117
102 105 144 147
102 107 172 177
102 154 158 162
103 104 117 118
103 106 145 148
103 108 173 178
103 155 159 163
103 168 173 178
104 105 118 119
104 107 146 149
104 109 174 179
104 156 160 164
104 169 174 179
104 182 188 194
105 106 119 120
105 108 147 150
105 110 175 180
105 157 161 165
105 170 175 180
105 183 189 195
106 107 120 121
106 109 148 151
106 111 176 181
106 158 162 166
106 171 176 181
107 108 121 122
107 110 149 152
107 159 163 167
108 109 122 123
108 111 150 153
109 110 123 124
109 148 151 193
110 111 124 125
110 136 138 166
110 149 152 194
111 124 125 139
111 137 139 167
111 150 153 195
112 113 126 127
112 115 154 157
112 117 182 187
112 126 127 140
112 140 142 168
113 114 127 128
113 116 155 158
113 118 183 188
113 141 143 169
114 115 128 129
114 117 156 159
114 119 184 189
115 116 129 130
115 118 157 160
115 120 185 190
115 154 157 160
116 117 130 131
116 119 158 161
116 121 186 191
116 155 158 161
116 168 172 176
117 118 131 132
117 120 159 162
117 122 187 192
117 156 159 162
117 169 173 177
117 182 187 192
118 119 132 133
118 121 160 163
118 123 188 193
118 157 160 163
118 170 174 178
118 183 188 193
119 120 133 134
119 122 161 164
119 124 189 194
119 158 161 164
119 171 175 179
119 184 189 194
120 121 134 135
120 123 162 165
120 125 190 195
120 159 162 165
120 172 176 180
120 185 190 195
121 122 135 136
121 124 163 166
121 160 163 166
121 173 177 181
122 123 136 137
122 125 164 167
122 161 164 167
123 124 137 138
124 125 138 139
124 150 152 180
125 138 139 153
125 151 153 181
126 127 140 141
126 129 168 171
126 140 141 154
126 154 156 182
127 128 141 142
127 130 169 172
127 155 157 183
128 129 142 143
128 131 170 173
129 130 143 144
129 132 171 174
129 168 171 174
130 131 144 145
130 133 172 175
130 169 172 175
130 182 186 190
131 132 145 146
131 134 173 176
131 170 173 176
131 183 187 191
132 133 146 147
132 135 174 177
132 171 174 177
132 184 188 192
133 134 147 148
133 136 175 178
133 172 175 178
133 185 189 193
134 135 148 149
134 137 176 179
134 173 176 179
134 186 190 194
135 136 149 150
135 138 177 180
135 174 177 180
135 187 191 195
136 137 150 151
136 139 178 181
136 175 178 181
137 138 151 152
138 139 152 153
138 164 166 194
139 152 153 167
139 165 167 195
140 141 154 155
140 143 182 185
140 154 155 168
140 155 170 185
141 142 155 156
141 144 183 186
142 143 156 157
142 145 184 187
142 168 170 172
143 144 157 158
143 146 185 188
143 169 171 173
143 182 185 188
144 145 158 159
144 147 186 189
144 170 172 174
144 183 186 189
145 146 159 160
145 148 187 190
145 171 173 175
145 184 187 190
146 147 160 161
146 149 188 191
146 172 174 176
146 185 188 191
147 148 161 162
147 150 189 192
147 173 175 177
147 186 189 192
148 149 162 163
148 151 190 193
148 174 176 178
148 187 190 193
149 150 163 164
149 152 191 194
149 175 177 179
149 188 191 194
150 151 164 165
150 153 192 195
150 176 178 180
150 189 192 195
151 152 165 166
151 177 179 181
152 153 166 167
153 166 167 181
153 166 179 192
154 155 168 169
154 168 169 182
155 156 169 170
156 157 170 171
156 182 184 186
157 158 171 172
157 183 185 187
158 159 172 173
158 184 186 188
159 160 173 174
159 185 187 189
160 161 174 175
160 186 188 190
161 162 175 176
161 187 189 191
162 163 176 177
162 188 190 192
163 164 177 178
163 189 191 193
164 165 178 179
164 190 192 194
165 166 179 180
165 191 193 195
166 167 180 181
167 180 181 195
168 169 182 183
169 170 183 184
169 182 183 184
170 171 184 185
170 183 184 185
171 172 185 186
171 184 185 186
172 173 186 187
172 185 186 187
173 174 187 188
173 186 187 188
174 175 188 189
174 187 188 189
175 176 189 190
175 188 189 190
176 177 190 191
176 189 190 191
177 178 191 192
177 190 191 192
178 179 192 193
178 191 192 193
179 180 193 194
179 192 193 194
180 181 194 195
180 193 194 195
