0 1 2 3 4 5 6 7 8 9 10 11
0 12 24 36 48 60 72 84 96 108 120 132
0 13 26 39 52 65 78 91 104 117 130 143
1 13 25 37 49 61 73 85 97 109 121 133
2 14 26 38 50 62 74 86 98 110 122 134
3 15 27 39 51 63 75 87 99 111 123 135
4 16 28 40 52 64 76 88 100 112 124 136
5 17 29 41 53 65 77 89 101 113 125 137
6 18 30 42 54 66 78 90 102 114 126 138
7 19 31 43 55 67 79 91 103 115 127 139
8 20 32 44 56 68 80 92 104 116 128 140
9 21 33 45 57 69 81 93 105 117 129 141
10 22 34 46 58 70 82 94 106 118 130 142
11 22 33 44 55 66 77 88 99 110 121 132
11 23 35 47 59 71 83 95 107 119 131 143
12 13 14 15 16 17 18 19 20 21 22 23
24 25 26 27 28 29 30 31 32 33 34 35
36 37 38 39 40 41 42 43 44 45 46 47
48 49 50 51 52 53 54 55 56 57 58 59
60 61 62 63 64 65 66 67 68 69 70 71
72 73 74 75 76 77 78 79 80 81 82 83
84 85 86 87 88 89 90 91 92 93 94 95
96 97 98 99 100 101 102 103 104 105 106 107
108 109 110 111 112 113 114 115 116 117 118 119
120 121 122 123 124 125 126 127 128 129 130 131
132 133 134 135 136 137 138 139 140 141 142 143
1 14 27 40 53 66 79 92 105 118 131
10 21 32 43 54 65 76 87 98 109 120
12 25 38 51 64 77 90 103 116 129 142
23 34 45 56 67 78 89 100 111 122 133
2 15 28 41 54 67 80 93 106 119
9 20 31 42 53 64 75 86 97 108
24 37 50 63 76 89 102 115 128 141
35 46 57 68 79 90 101 112 123 134
3 16 29 42 55 68 81 94 107
8 19 30 41 52 63 74 85 96
36 49 62 75 88 101 114 127 140
47 58 69 80 91 102 113 124 135
4 17 30 43 56 69 82 95
7 18 29 40 51 62 73 84
48 61 74 87 100 113 126 139
59 70 81 92 103 114 125 136
5 18 31 44 57 70 83
6 17 28 39 50 61 72
60 73 86 99 112 125 138
71 82 93 104 115 126 137
5 16 27 38 49 60
6 19 32 45 58 71
72 85 98 111 124 137
83 94 105 116 127 138
0 2 13 24 26
0 4 26 48 52
0 6 39 72 78
0 8 52 96 104
0 10 65 120 130
1 3 14 25 27
1 5 27 49 53
1 7 40 73 79
1 9 53 97 105
1 11 66 121 131
1 12 13 14 25
2 4 15 26 28
2 6 28 50 54
2 8 41 74 80
2 10 54 98 106
2 13 14 15 26
2 24 26 28 50
3 5 16 27 29
3 7 29 51 55
3 9 42 75 81
3 11 55 99 107
3 14 15 16 27
3 25 27 29 51
3 36 39 42 75
4 6 17 28 30
4 8 30 52 56
4 10 43 76 82
4 15 16 17 28
4 15 26 37 48
4 26 28 30 52
4 37 40 43 76
4 48 52 56 100
5 7 18 29 31
5 9 31 53 57
5 11 44 77 83
5 16 17 18 29
5 27 29 31 53
5 38 41 44 77
5 49 53 57 101
5 60 65 70 125
6 8 19 30 32
6 10 32 54 58
6 17 18 19 30
6 28 30 32 54
6 39 42 45 78
6 50 54 58 102
6 61 66 71 126
7 9 20 31 33
7 11 33 55 59
7 18 19 20 31
7 20 33 46 59
7 29 31 33 55
7 40 43 46 79
7 51 55 59 103
8 10 21 32 34
8 19 20 21 32
8 30 32 34 56
8 41 44 47 80
9 11 22 33 35
9 20 21 22 33
9 31 33 35 57
10 21 22 23 34
12 14 25 36 38
12 16 38 60 64
12 18 51 84 90
12 20 64 108 116
12 22 77 132 142
13 15 26 37 39
13 17 39 61 65
13 19 52 85 91
13 21 65 109 117
13 23 78 133 143
13 24 25 26 37
14 16 27 38 40
14 18 40 62 66
14 20 53 86 92
14 22 66 110 118
14 25 26 27 38
14 36 38 40 62
15 17 28 39 41
15 19 41 63 67
15 21 54 87 93
15 23 67 111 119
15 26 27 28 39
15 37 39 41 63
15 48 51 54 87
16 18 29 40 42
16 20 42 64 68
16 22 55 88 94
16 27 28 29 40
16 38 40 42 64
16 49 52 55 88
16 60 64 68 112
17 19 30 41 43
17 21 43 65 69
17 23 56 89 95
17 28 29 30 41
17 39 41 43 65
17 50 53 56 89
17 61 65 69 113
17 72 77 82 137
18 20 31 42 44
18 22 44 66 70
18 29 30 31 42
18 40 42 44 66
18 51 54 57 90
18 62 66 70 114
18 73 78 83 138
19 21 32 43 45
19 23 45 67 71
19 30 31 32 43
19 41 43 45 67
19 52 55 58 91
19 63 67 71 115
20 22 33 44 46
20 31 32 33 44
20 42 44 46 68
20 53 56 59 92
21 23 34 45 47
21 32 33 34 45
21 43 45 47 69
22 33 34 35 46
24 26 37 48 50
24 28 50 72 76
24 30 63 96 102
24 32 76 120 128
25 27 38 49 51
25 29 51 73 77
25 31 64 97 103
25 33 77 121 129
25 36 37 38 49
26 28 39 50 52
26 30 52 74 78
26 32 65 98 104
26 34 78 122 130
26 37 38 39 50
26 48 50 52 74
27 29 40 51 53
27 31 53 75 79
27 33 66 99 105
27 35 79 123 131
27 38 39 40 51
27 49 51 53 75
27 60 63 66 99
28 30 41 52 54
28 32 54 76 80
28 34 67 100 106
28 39 40 41 52
28 50 52 54 76
28 61 64 67 100
28 72 76 80 124
29 31 42 53 55
29 33 55 77 81
29 35 68 101 107
29 40 41 42 53
29 51 53 55 77
29 62 65 68 101
29 73 77 81 125
30 32 43 54 56
30 34 56 78 82
30 41 42 43 54
30 52 54 56 78
30 63 66 69 102
30 74 78 82 126
31 33 44 55 57
31 35 57 79 83
31 42 43 44 55
31 53 55 57 79
31 64 67 70 103
31 75 79 83 127
32 34 45 56 58
32 43 44 45 56
32 54 56 58 80
32 65 68 71 104
33 35 46 57 59
33 44 45 46 57
33 55 57 59 81
34 45 46 47 58
36 38 49 60 62
36 40 62 84 88
36 42 75 108 114
36 44 88 132 140
37 39 50 61 63
37 41 63 85 89
37 43 76 109 115
37 45 89 133 141
37 48 49 50 61
38 40 51 62 64
38 42 64 86 90
38 44 77 110 116
38 46 90 134 142
38 49 50 51 62
38 60 62 64 86
39 41 52 63 65
39 43 65 87 91
39 45 78 111 117
39 47 91 135 143
39 50 51 52 63
39 61 63 65 87
39 72 75 78 111
40 42 53 64 66
40 44 66 88 92
40 46 79 112 118
40 51 52 53 64
40 62 64 66 88
40 73 76 79 112
40 84 88 92 136
41 43 54 65 67
41 45 67 89 93
41 47 80 113 119
41 52 53 54 65
41 63 65 67 89
41 74 77 80 113
41 85 89 93 137
42 44 55 66 68
42 46 68 90 94
42 53 54 55 66
42 64 66 68 90
42 75 78 81 114
42 86 90 94 138
43 45 56 67 69
43 47 69 91 95
43 54 55 56 67
43 65 67 69 91
43 76 79 82 115
43 87 91 95 139
44 46 57 68 70
44 55 56 57 68
44 66 68 70 92
44 77 80 83 116
45 47 58 69 71
45 56 57 58 69
45 67 69 71 93
46 57 58 59 70
48 50 61 72 74
48 52 74 96 100
48 54 87 120 126
49 51 62 73 75
49 53 75 97 101
49 55 88 121 127
49 60 61 62 73
50 52 63 74 76
50 54 76 98 102
50 56 89 122 128
50 61 62 63 74
50 72 74 76 98
51 53 64 75 77
51 55 77 99 103
51 57 90 123 129
51 62 63 64 75
51 73 75 77 99
51 84 87 90 123
52 54 65 76 78
52 56 78 100 104
52 58 91 124 130
52 63 64 65 76
52 74 76 78 100
52 85 88 91 124
53 55 66 77 79
53 57 79 101 105
53 59 92 125 131
53 64 65 66 77
53 75 77 79 101
53 86 89 92 125
54 56 67 78 80
54 58 80 102 106
54 65 66 67 78
54 76 78 80 102
54 87 90 93 126
55 57 68 79 81
55 59 81 103 107
55 66 67 68 79
55 77 79 81 103
55 88 91 94 127
56 58 69 80 82
56 67 68 69 80
56 78 80 82 104
56 89 92 95 128
57 59 70 81 83
57 68 69 70 81
57 79 81 83 105
58 69 70 71 82
60 62 73 84 86
60 64 86 108 112
60 66 99 132 138
61 63 74 85 87
61 65 87 109 113
61 67 100 133 139
61 72 73 74 85
62 64 75 86 88
62 66 88 110 114
62 68 101 134 140
62 73 74 75 86
62 84 86 88 110
63 65 76 87 89
63 67 89 111 115
63 69 102 135 141
63 74 75 76 87
63 85 87 89 111
63 96 99 102 135
64 66 77 88 90
64 68 90 112 116
64 70 103 136 142
64 75 76 77 88
64 86 88 90 112
64 97 100 103 136
65 67 78 89 91
65 69 91 113 117
65 71 104 137 143
65 76 77 78 89
65 87 89 91 113
65 98 101 104 137
66 68 79 90 92
66 70 92 114 118
66 77 78 79 90
66 88 90 92 114
66 99 102 105 138
67 69 80 91 93
67 71 93 115 119
67 78 79 80 91
67 89 91 93 115
67 100 103 106 139
68 70 81 92 94
68 79 80 81 92
68 90 92 94 116
68 101 104 107 140
69 71 82 93 95
69 80 81 82 93
69 91 93 95 117
70 81 82 83 94
72 74 85 96 98
72 76 98 120 124
73 75 86 97 99
73 77 99 121 125
73 84 85 86 97
74 76 87 98 100
74 78 100 122 126
74 85 86 87 98
74 96 98 100 122
75 77 88 99 101
75 79 101 123 127
75 86 87 88 99
75 97 99 101 123
76 78 89 100 102
76 80 102 124 128
76 87 88 89 100
76 98 100 102 124
77 79 90 101 103
77 81 103 125 129
77 88 89 90 101
77 99 101 103 125
78 80 91 102 104
78 82 104 126 130
78 89 90 91 102
78 100 102 104 126
79 81 92 103 105
79 83 105 127 131
79 90 91 92 103
79 101 103 105 127
80 82 93 104 106
80 91 92 93 104
80 102 104 106 128
81 83 94 105 107
81 92 93 94 105
81 103 105 107 129
82 93 94 95 106
84 86 97 108 110
84 88 110 132 136
84 97 110 123 136
85 87 98 109 111
85 89 111 133 137
85 96 97 98 109
86 88 99 110 112
86 90 112 134 138
86 97 98 99 110
86 108 110 112 134
87 89 100 111 113
87 91 113 135 139
87 98 99 100 111
87 109 111 113 135
88 90 101 112 114
88 92 114 136 140
88 99 100 101 112
88 110 112 114 136
89 91 102 113 115
89 93 115 137 141
89 100 101 102 113
89 111 113 115 137
90 92 103 114 116
90 94 116 138 142
90 101 102 103 114
90 112 114 116 138
91 93 104 115 117
91 95 117 139 143
91 102 103 104 115
91 113 115 117 139
92 94 105 116 118
92 103 104 105 116
92 114 116 118 140
93 95 106 117 119
93 104 105 106 117
93 115 117 119 141
94 105 106 107 118
95 106 117 128 139
96 98 109 120 122
97 99 110 121 123
97 108 109 110 121
98 100 111 122 124
98 109 110 111 122
99 101 112 123 125
99 110 111 112 123
100 102 113 124 126
100 111 112 113 124
101 103 114 125 127
101 112 113 114 125
102 104 115 126 128
102 113 114 115 126
103 105 116 127 129
103 114 115 116 127
104 106 117 128 130
104 115 116 117 128
105 107 118 129 131
105 116 117 118 129
106 117 118 119 130
108 110 121 132 134
109 111 122 133 135
109 120 121 122 133
110 112 123 134 136
110 121 122 123 134
111 113 124 135 137
111 122 123 124 135
112 114 125 136 138
112 123 124 125 136
113 115 126 137 139
113 124 125 126 137
114 116 127 138 140
114 125 126 127 138
115 117 128 139 141
115 126 127 128 139
116 118 129 140 142
116 127 128 129 140
117 119 130 141 143
117 128 129 130 141
118 129 130 131 142
0 1 2 13
0 1 12 13
0 2 4 26
0 3 6 39
0 3 36 39
0 4 8 52
0 5 10 65
0 5 60 65
0 7 84 91
0 9 108 117
0 11 132 143
0 12 13 24
0 24 26 48
0 36 39 72
0 48 52 96
0 60 65 120
1 2 3 14
1 2 13 14
1 3 5 27
1 4 7 40
1 4 37 40
1 5 9 53
1 6 11 66
1 6 61 66
1 8 85 92
1 10 109 118
1 25 27 49
1 37 40 73
1 49 53 97
1 61 66 121
2 3 4 15
2 3 14 15
2 4 6 28
2 5 8 41
2 5 38 41
2 6 10 54
2 7 62 67
2 9 86 93
2 11 110 119
2 38 41 74
2 50 54 98
2 62 67 122
3 4 5 16
3 4 15 16
3 5 7 29
3 6 9 42
3 6 39 42
3 7 11 55
3 8 63 68
3 10 87 94
3 14 25 36
3 51 55 99
3 63 68 123
4 5 6 17
4 5 16 17
4 6 8 30
4 7 10 43
4 7 40 43
4 9 64 69
4 11 88 95
4 64 69 124
5 6 7 18
5 6 17 18
5 7 9 31
5 8 11 44
5 8 41 44
5 10 65 70
6 7 8 19
6 7 18 19
6 8 10 32
6 9 42 45
6 11 66 71
7 8 9 20
7 8 19 20
7 9 11 33
7 10 43 46
7 62 67 127
8 9 10 21
8 9 20 21
8 11 44 47
8 21 34 47
8 52 56 104
8 63 68 128
9 10 11 22
9 10 21 22
9 42 45 81
9 53 57 105
9 64 69 129
10 11 22 23
10 32 34 58
10 43 46 82
10 54 58 106
10 65 70 130
11 22 23 35
11 33 35 59
11 44 47 83
11 55 59 107
11 66 71 131
12 13 24 25
12 14 16 38
12 15 18 51
12 15 48 51
12 16 20 64
12 17 22 77
12 17 72 77
12 19 96 103
12 21 120 129
12 24 25 36
12 36 38 60
12 48 51 84
12 60 64 108
12 72 77 132
13 14 25 26
13 15 17 39
13 16 19 52
13 16 49 52
13 17 21 65
13 18 23 78
13 18 73 78
13 20 97 104
13 22 121 130
13 37 39 61
13 49 52 85
13 61 65 109
13 73 78 133
14 15 26 27
14 16 18 40
14 17 20 53
14 17 50 53
14 18 22 66
14 19 74 79
14 21 98 105
14 23 122 131
14 50 53 86
14 62 66 110
14 74 79 134
15 16 27 28
15 17 19 41
15 18 21 54
15 18 51 54
15 19 23 67
15 20 75 80
15 22 99 106
15 63 67 111
15 75 80 135
16 17 28 29
16 18 20 42
16 19 22 55
16 19 52 55
16 21 76 81
16 23 100 107
16 76 81 136
17 18 29 30
17 19 21 43
17 20 23 56
17 20 53 56
17 22 77 82
18 19 30 31
18 20 22 44
18 21 54 57
18 23 78 83
19 20 31 32
19 21 23 45
19 22 55 58
19 74 79 139
20 21 32 33
20 23 56 59
20 64 68 116
20 75 80 140
21 22 33 34
21 54 57 93
21 65 69 117
21 76 81 141
22 23 34 35
22 44 46 70
22 55 58 94
22 66 70 118
22 77 82 142
23 34 35 47
23 45 47 71
23 56 59 95
23 67 71 119
23 78 83 143
24 25 36 37
24 27 30 63
24 27 60 63
24 28 32 76
24 29 34 89
24 29 84 89
24 31 108 115
24 33 132 141
24 36 37 48
24 48 50 72
24 60 63 96
24 72 76 120
25 26 37 38
25 28 31 64
25 28 61 64
25 29 33 77
25 30 35 90
25 30 85 90
25 32 109 116
25 34 133 142
25 49 51 73
25 61 64 97
25 73 77 121
26 27 38 39
26 29 32 65
26 29 62 65
26 30 34 78
26 31 86 91
26 33 110 117
26 35 134 143
26 62 65 98
26 74 78 122
27 28 39 40
27 30 33 66
27 30 63 66
27 31 35 79
27 32 87 92
27 34 111 118
27 75 79 123
28 29 40 41
28 31 34 67
28 31 64 67
28 33 88 93
28 35 112 119
29 30 41 42
29 32 35 68
29 32 65 68
29 34 89 94
29 84 89 94
30 31 42 43
30 33 66 69
30 35 90 95
30 85 90 95
31 32 43 44
31 34 67 70
32 33 44 45
32 35 68 71
32 76 80 128
33 34 45 46
33 66 69 105
33 77 81 129
34 35 46 47
34 56 58 82
34 67 70 106
34 78 82 130
35 46 47 59
35 57 59 83
35 68 71 107
35 79 83 131
36 37 48 49
36 39 72 75
36 40 44 88
36 41 46 101
36 41 96 101
36 43 120 127
36 48 49 60
36 60 62 84
36 72 75 108
36 84 88 132
37 38 49 50
37 40 73 76
37 41 45 89
37 42 47 102
37 42 97 102
37 44 121 128
37 61 63 85
37 73 76 109
37 85 89 133
38 39 50 51
38 41 74 77
38 42 46 90
38 43 98 103
38 45 122 129
38 74 77 110
38 86 90 134
39 40 51 52
39 42 75 78
39 43 47 91
39 44 99 104
39 46 123 130
39 87 91 135
40 41 52 53
40 43 76 79
40 45 100 105
40 47 124 131
41 42 53 54
41 44 77 80
41 46 101 106
41 96 101 106
42 43 54 55
42 45 78 81
42 47 102 107
42 97 102 107
43 44 55 56
43 46 79 82
44 45 56 57
44 47 80 83
44 88 92 140
45 46 57 58
45 78 81 117
45 89 93 141
46 47 58 59
46 68 70 94
46 79 82 118
46 90 94 142
47 58 59 71
47 69 71 95
47 80 83 119
47 91 95 143
48 49 60 61
48 51 84 87
48 53 58 113
48 53 108 113
48 55 132 139
48 60 61 72
48 72 74 96
48 84 87 120
49 50 61 62
49 52 85 88
49 54 59 114
49 54 109 114
49 56 133 140
49 73 75 97
49 85 88 121
50 51 62 63
50 53 86 89
50 55 110 115
50 57 134 141
50 86 89 122
51 52 63 64
51 54 87 90
51 56 111 116
51 58 135 142
52 53 64 65
52 55 88 91
52 57 112 117
52 59 136 143
52 96 100 104
53 54 65 66
53 56 89 92
53 58 113 118
53 97 101 105
53 108 113 118
54 55 66 67
54 57 90 93
54 59 114 119
54 98 102 106
54 109 114 119
55 56 67 68
55 58 91 94
55 99 103 107
56 57 68 69
56 59 92 95
57 58 69 70
57 90 93 129
58 59 70 71
58 80 82 106
58 91 94 130
59 70 71 83
59 81 83 107
59 92 95 131
60 61 72 73
60 63 96 99
60 65 120 125
60 72 73 84
60 84 86 108
60 96 99 132
61 62 73 74
61 64 97 100
61 66 121 126
61 85 87 109
61 97 100 133
62 63 74 75
62 65 98 101
62 67 122 127
62 98 101 134
63 64 75 76
63 66 99 102
63 68 123 128
64 65 76 77
64 67 100 103
64 69 124 129
64 108 112 116
65 66 77 78
65 68 101 104
65 70 125 130
65 109 113 117
65 120 125 130
66 67 78 79
66 69 102 105
66 71 126 131
66 110 114 118
66 121 126 131
67 68 79 80
67 70 103 106
67 111 115 119
68 69 80 81
68 71 104 107
69 70 81 82
69 102 105 141
70 71 82 83
70 92 94 118
70 103 106 142
71 82 83 95
71 93 95 119
71 104 107 143
72 73 84 85
72 75 108 111
72 77 132 137
72 84 85 96
72 96 98 120
73 74 85 86
73 76 109 112
73 78 133 138
73 97 99 121
74 75 86 87
74 77 110 113
74 79 134 139
75 76 87 88
75 78 111 114
75 80 135 140
75 108 111 114
76 77 88 89
76 79 112 115
76 81 136 141
76 109 112 115
76 120 124 128
77 78 89 90
77 80 113 116
77 82 137 142
77 110 113 116
77 121 125 129
77 132 137 142
78 79 90 91
78 81 114 117
78 83 138 143
78 111 114 117
78 122 126 130
78 133 138 143
79 80 91 92
79 82 115 118
79 112 115 118
79 123 127 131
80 81 92 93
80 83 116 119
80 113 116 119
81 82 93 94
82 83 94 95
82 104 106 130
83 94 95 107
83 105 107 131
84 85 96 97
84 87 120 123
84 96 97 108
84 108 110 132
85 86 97 98
85 88 121 124
85 109 111 133
86 87 98 99
86 89 122 125
87 88 99 100
87 90 123 126
87 120 123 126
88 89 100 101
88 91 124 127
88 121 124 127
88 132 136 140
89 90 101 102
89 92 125 128
89 122 125 128
89 133 137 141
90 91 102 103
90 93 126 129
90 123 126 129
90 134 138 142
91 92 103 104
91 94 127 130
91 124 127 130
91 135 139 143
92 93 104 105
92 95 128 131
92 125 128 131
93 94 105 106
94 95 106 107
94 116 118 142
95 106 107 119
95 117 119 143
96 97 108 109
96 99 132 135
96 108 109 120
96 109 122 135
97 98 109 110
97 100 133 136
98 99 110 111
98 101 134 137
98 120 122 124
99 100 111 112
99 102 135 138
99 121 123 125
99 132 135 138
100 101 112 113
100 103 136 139
100 122 124 126
100 133 136 139
101 102 113 114
101 104 137 140
101 123 125 127
101 134 137 140
102 103 114 115
102 105 138 141
102 124 126 128
102 135 138 141
103 104 115 116
103 106 139 142
103 125 127 129
103 136 139 142
104 105 116 117
104 107 140 143
104 126 128 130
104 137 140 143
105 106 117 118
105 127 129 131
106 107 118 119
107 118 119 131
107 118 129 140
108 109 120 121
108 120 121 132
109 110 121 122
110 111 122 123
110 132 134 136
111 112 123 124
111 133 135 137
112 113 124 125
112 134 136 138
113 114 125 126
113 135 137 139
114 115 126 127
114 136 138 140
115 116 127 128
115 137 139 141
116 117 128 129
116 138 140 142
117 118 129 130
117 139 141 143
118 119 130 131
119 130 131 143
120 121 132 133
121 122 133 134
121 132 133 134
122 123 134 135
122 133 134 135
123 124 135 136
123 134 135 136
124 125 136 137
124 135 136 137
125 126 137 138
125 136 137 138
126 127 138 139
126 137 138 139
127 128 139 140
127 138 139 140
128 129 140 141
128 139 140 141
129 130 141 142
129 140 141 142
130 131 142 143
130 141 142 143
