0 1 2 3 4 5 6 7 8 9 10
0 11 22 33 44 55 66 77 88 99 110
0 12 24 36 48 60 72 84 96 108 120
1 12 23 34 45 56 67 78 89 100 111
2 13 24 35 46 57 68 79 90 101 112
3 14 25 36 47 58 69 80 91 102 113
4 15 26 37 48 59 70 81 92 103 114
5 16 27 38 49 60 71 82 93 104 115
6 17 28 39 50 61 72 83 94 105 116
7 18 29 40 51 62 73 84 95 106 117
8 19 30 41 52 63 74 85 96 107 118
9 20 31 42 53 64 75 86 97 108 119
10 20 30 40 50 60 70 80 90 100 110
10 21 32 43 54 65 76 87 98 109 120
11 12 13 14 15 16 17 18 19 20 21
22 23 24 25 26 27 28 29 30 31 32
33 34 35 36 37 38 39 40 41 42 43
44 45 46 47 48 49 50 51 52 53 54
55 56 57 58 59 60 61 62 63 64 65
66 67 68 69 70 71 72 73 74 75 76
77 78 79 80 81 82 83 84 85 86 87
88 89 90 91 92 93 94 95 96 97 98
99 100 101 102 103 104 105 106 107 108 109
110 111 112 113 114 115 116 117 118 119 120
1 13 25 37 49 61 73 85 97 109
9 19 29 39 49 59 69 79 89 99
11 23 35 47 59 71 83 95 107 119
21 31 41 51 61 71 81 91 101 111
2 14 26 38 50 62 74 86 98
8 18 28 38 48 58 68 78 88
22 34 46 58 70 82 94 106 118
32 42 52 62 72 82 92 102 112
3 15 27 39 51 63 75 87
7 17 27 37 47 57 67 77
33 45 57 69 81 93 105 117
43 53 63 73 83 93 103 113
4 16 28 40 52 64 76
6 16 26 36 46 56 66
44 56 68 80 92 104 116
54 64 74 84 94 104 114
5 15 25 35 45 55
5 17 29 41 53 65
55 67 79 91 103 115
65 75 85 95 105 115
0 2 12 22 24
0 4 24 44 48
0 6 36 66 72
0 8 48 88 96
0 10 60 110 120
1 3 13 23 25
1 5 25 45 49
1 7 37 67 73
1 9 49 89 97
1 11 12 13 23
2 4 14 24 26
2 6 26 46 50
2 8 38 68 74
2 10 50 90 98
2 12 13 14 24
2 22 24 26 46
3 5 15 25 27
3 7 27 47 51
3 9 39 69 75
3 13 14 15 25
3 23 25 27 47
3 33 36 39 69
4 6 16 26 28
4 8 28 48 52
4 10 40 70 76
4 14 15 16 26
4 14 24 34 44
4 24 26 28 48
4 34 37 40 70
4 44 48 52 92
5 7 17 27 29
5 9 29 49 53
5 15 16 17 27
5 25 27 29 49
5 35 38 41 71
5 45 49 53 93
5 55 60 65 115
6 8 18 28 30
6 10 30 50 54
6 16 17 18 28
6 18 30 42 54
6 26 28 30 50
6 36 39 42 72
6 46 50 54 94
7 9 19 29 31
7 17 18 19 29
7 27 29 31 51
7 37 40 43 73
8 10 20 30 32
8 18 19 20 30
8 28 30 32 52
9 19 20 21 31
11 13 23 33 35
11 15 35 55 59
11 17 47 77 83
11 19 59 99 107
12 14 24 34 36
12 16 36 56 60
12 18 48 78 84
12 20 60 100 108
12 22 23 24 34
13 15 25 35 37
13 17 37 57 61
13 19 49 79 85
13 21 61 101 109
13 23 24 25 35
13 33 35 37 57
14 16 26 36 38
14 18 38 58 62
14 20 50 80 86
14 24 25 26 36
14 34 36 38 58
14 44 47 50 80
15 17 27 37 39
15 19 39 59 63
15 21 51 81 87
15 25 26 27 37
15 35 37 39 59
15 45 48 51 81
15 55 59 63 103
16 18 28 38 40
16 20 40 60 64
16 26 27 28 38
16 36 38 40 60
16 46 49 52 82
16 56 60 64 104
17 19 29 39 41
17 21 41 61 65
17 27 28 29 39
17 37 39 41 61
17 47 50 53 83
17 57 61 65 105
18 20 30 40 42
18 28 29 30 40
18 38 40 42 62
18 48 51 54 84
19 21 31 41 43
19 29 30 31 41
19 39 41 43 63
20 30 31 32 42
22 24 34 44 46
22 26 46 66 70
22 28 58 88 94
22 30 70 110 118
23 25 35 45 47
23 27 47 67 71
23 29 59 89 95
23 31 71 111 119
23 33 34 35 45
24 26 36 46 48
24 28 48 68 72
24 30 60 90 96
24 32 72 112 120
24 34 35 36 46
24 44 46 48 68
25 27 37 47 49
25 29 49 69 73
25 31 61 91 97
25 35 36 37 47
25 45 47 49 69
25 55 58 61 91
26 28 38 48 50
26 30 50 70 74
26 32 62 92 98
26 36 37 38 48
26 46 48 50 70
26 56 59 62 92
26 66 70 74 114
27 29 39 49 51
27 31 51 71 75
27 37 38 39 49
27 47 49 51 71
27 57 60 63 93
27 67 71 75 115
28 30 40 50 52
28 32 52 72 76
28 38 39 40 50
28 48 50 52 72
28 58 61 64 94
28 68 72 76 116
29 31 41 51 53
29 39 40 41 51
29 49 51 53 73
29 59 62 65 95
30 32 42 52 54
30 40 41 42 52
30 50 52 54 74
31 41 42 43 53
33 35 45 55 57
33 37 57 77 81
33 39 69 99 105
34 36 46 56 58
34 38 58 78 82
34 40 70 100 106
34 44 45 46 56
35 37 47 57 59
35 39 59 79 83
35 41 71 101 107
35 45 46 47 57
35 55 57 59 79
36 38 48 58 60
36 40 60 80 84
36 42 72 102 108
36 46 47 48 58
36 56 58 60 80
36 66 69 72 102
37 39 49 59 61
37 41 61 81 85
37 43 73 103 109
37 47 48 49 59
37 57 59 61 81
37 67 70 73 103
38 40 50 60 62
38 42 62 82 86
38 48 49 50 60
38 58 60 62 82
38 68 71 74 104
39 41 51 61 63
39 43 63 83 87
39 49 50 51 61
39 59 61 63 83
39 69 72 75 105
40 42 52 62 64
40 50 51 52 62
40 60 62 64 84
40 70 73 76 106
41 43 53 63 65
41 51 52 53 63
41 61 63 65 85
42 52 53 54 64
44 46 56 66 68
44 48 68 88 92
44 50 80 110 116
45 47 57 67 69
45 49 69 89 93
45 51 81 111 117
45 55 56 57 67
46 48 58 68 70
46 50 70 90 94
46 52 82 112 118
46 56 57 58 68
46 66 68 70 90
47 49 59 69 71
47 51 71 91 95
47 53 83 113 119
47 57 58 59 69
47 67 69 71 91
47 77 80 83 113
48 50 60 70 72
48 52 72 92 96
48 54 84 114 120
48 58 59 60 70
48 68 70 72 92
48 78 81 84 114
49 51 61 71 73
49 53 73 93 97
49 59 60 61 71
49 69 71 73 93
49 79 82 85 115
50 52 62 72 74
50 54 74 94 98
50 60 61 62 72
50 70 72 74 94
50 80 83 86 116
51 53 63 73 75
51 61 62 63 73
51 71 73 75 95
51 81 84 87 117
52 54 64 74 76
52 62 63 64 74
52 72 74 76 96
53 63 64 65 75
55 57 67 77 79
55 59 79 99 103
56 58 68 78 80
56 60 80 100 104
56 66 67 68 78
57 59 69 79 81
57 61 81 101 105
57 67 68 69 79
57 77 79 81 101
58 60 70 80 82
58 62 82 102 106
58 68 69 70 80
58 78 80 82 102
59 61 71 81 83
59 63 83 103 107
59 69 70 71 81
59 79 81 83 103
60 62 72 82 84
60 64 84 104 108
60 70 71 72 82
60 80 82 84 104
61 63 73 83 85
61 65 85 105 109
61 71 72 73 83
61 81 83 85 105
62 64 74 84 86
62 72 73 74 84
62 82 84 86 106
63 65 75 85 87
63 73 74 75 85
63 83 85 87 107
64 74 75 76 86
66 68 78 88 90
66 70 90 110 114
66 78 90 102 114
67 69 79 89 91
67 71 91 111 115
67 77 78 79 89
68 70 80 90 92
68 72 92 112 116
68 78 79 80 90
68 88 90 92 112
69 71 81 91 93
69 73 93 113 117
69 79 80 81 91
69 89 91 93 113
70 72 82 92 94
70 74 94 114 118
70 80 81 82 92
70 90 92 94 114
71 73 83 93 95
71 75 95 115 119
71 81 82 83 93
71 91 93 95 115
72 74 84 94 96
72 76 96 116 120
72 82 83 84 94
72 92 94 96 116
73 75 85 95 97
73 83 84 85 95
73 93 95 97 117
74 76 86 96 98
74 84 85 86 96
74 94 96 98 118
75 85 86 87 97
76 86 96 106 116
77 79 89 99 101
78 80 90 100 102
78 88 89 90 100
79 81 91 101 103
79 89 90 91 101
80 82 92 102 104
80 90 91 92 102
81 83 93 103 105
81 91 92 93 103
82 84 94 104 106
82 92 93 94 104
83 85 95 105 107
83 93 94 95 105
84 86 96 106 108
84 94 95 96 106
85 87 97 107 109
85 95 96 97 107
86 96 97 98 108
88 90 100 110 112
89 91 101 111 113
89 99 100 101 111
90 92 102 112 114
90 100 101 102 112
91 93 103 113 115
91 101 102 103 113
92 94 104 114 116
92 102 103 104 114
93 95 105 115 117
93 103 104 105 115
94 96 106 116 118
94 104 105 106 116
95 97 107 117 119
95 105 106 107 117
96 98 108 118 120
96 106 107 108 118
97 107 108 109 119
0 1 2 12
0 1 11 12
0 2 4 24
0 3 6 36
0 3 33 36
0 4 8 48
0 5 10 60
0 5 55 60
0 7 77 84
0 9 99 108
0 11 12 22
0 22 24 44
0 33 36 66
0 44 48 88
0 55 60 110
1 2 3 13
1 2 12 13
1 3 5 25
1 4 7 37
1 4 34 37
1 5 9 49
1 6 56 61
1 8 78 85
1 10 100 109
1 23 25 45
1 34 37 67
1 45 49 89
1 56 61 111
2 3 4 14
2 3 13 14
2 4 6 26
2 5 8 38
2 5 35 38
2 6 10 50
2 7 57 62
2 9 79 86
2 35 38 68
2 46 50 90
2 57 62 112
3 4 5 15
3 4 14 15
3 5 7 27
3 6 9 39
3 6 36 39
3 8 58 63
3 10 80 87
3 13 23 33
3 47 51 91
3 58 63 113
4 5 6 16
4 5 15 16
4 6 8 28
4 7 10 40
4 7 37 40
4 9 59 64
4 59 64 114
5 6 7 17
5 6 16 17
5 7 9 29
5 8 38 41
5 10 60 65
6 7 8 18
6 7 17 18
6 8 10 30
6 9 39 42
6 56 61 116
7 8 9 19
7 8 18 19
7 10 40 43
7 19 31 43
7 47 51 95
7 57 62 117
8 9 10 20
8 9 19 20
8 38 41 74
8 48 52 96
8 58 63 118
9 10 20 21
9 29 31 53
9 39 42 75
9 49 53 97
9 59 64 119
10 20 21 32
10 30 32 54
10 40 43 76
10 50 54 98
10 60 65 120
11 12 22 23
11 13 15 35
11 14 17 47
11 14 44 47
11 15 19 59
11 16 21 71
11 16 66 71
11 18 88 95
11 20 110 119
11 22 23 33
11 33 35 55
11 44 47 77
11 55 59 99
12 13 23 24
12 14 16 36
12 15 18 48
12 15 45 48
12 16 20 60
12 17 67 72
12 19 89 96
12 21 111 120
12 34 36 56
12 45 48 78
12 56 60 100
13 14 24 25
13 15 17 37
13 16 19 49
13 16 46 49
13 17 21 61
13 18 68 73
13 20 90 97
13 46 49 79
13 57 61 101
14 15 25 26
14 16 18 38
14 17 20 50
14 17 47 50
14 19 69 74
14 21 91 98
14 58 62 102
15 16 26 27
15 17 19 39
15 18 21 51
15 18 48 51
15 20 70 75
16 17 27 28
16 18 20 40
16 19 49 52
16 21 71 76
16 66 71 76
17 18 28 29
17 19 21 41
17 20 50 53
18 19 29 30
18 21 51 54
18 58 62 106
19 20 30 31
19 49 52 85
19 59 63 107
20 21 31 32
20 40 42 64
20 50 53 86
20 60 64 108
21 31 32 43
21 41 43 65
21 51 54 87
21 61 65 109
22 23 33 34
22 25 28 58
22 25 55 58
22 26 30 70
22 27 32 82
22 27 77 82
22 29 99 106
22 33 34 44
22 44 46 66
22 55 58 88
22 66 70 110
23 24 34 35
23 26 29 59
23 26 56 59
23 27 31 71
23 28 78 83
23 30 100 107
23 45 47 67
23 56 59 89
23 67 71 111
24 25 35 36
24 27 30 60
24 27 57 60
24 28 32 72
24 29 79 84
24 31 101 108
24 57 60 90
24 68 72 112
25 26 36 37
25 28 31 61
25 28 58 61
25 30 80 85
25 32 102 109
25 69 73 113
26 27 37 38
26 29 32 62
26 29 59 62
26 31 81 86
27 28 38 39
27 30 60 63
27 32 82 87
27 77 82 87
28 29 39 40
28 31 61 64
29 30 40 41
29 32 62 65
29 69 73 117
30 31 41 42
30 60 63 96
30 70 74 118
31 32 42 43
31 51 53 75
31 61 64 97
31 71 75 119
32 42 43 54
32 52 54 76
32 62 65 98
32 72 76 120
33 34 44 45
33 36 66 69
33 37 41 81
33 38 43 93
33 38 88 93
33 40 110 117
33 44 45 55
33 55 57 77
33 66 69 99
34 35 45 46
34 37 67 70
34 38 42 82
34 39 89 94
34 41 111 118
34 56 58 78
34 67 70 100
35 36 46 47
35 38 68 71
35 39 43 83
35 40 90 95
35 42 112 119
35 68 71 101
36 37 47 48
36 39 69 72
36 41 91 96
36 43 113 120
37 38 48 49
37 40 70 73
37 42 92 97
37 77 81 85
38 39 49 50
38 41 71 74
38 43 93 98
38 78 82 86
38 88 93 98
39 40 50 51
39 42 72 75
39 79 83 87
40 41 51 52
40 43 73 76
41 42 52 53
41 71 74 107
42 43 53 54
42 62 64 86
42 72 75 108
43 53 54 65
43 63 65 87
43 73 76 109
44 45 55 56
44 47 77 80
44 49 54 104
44 49 99 104
44 55 56 66
44 66 68 88
44 77 80 110
45 46 56 57
45 48 78 81
45 50 100 105
45 67 69 89
45 78 81 111
46 47 57 58
46 49 79 82
46 51 101 106
46 79 82 112
47 48 58 59
47 50 80 83
47 52 102 107
48 49 59 60
48 51 81 84
48 53 103 108
48 88 92 96
49 50 60 61
49 52 82 85
49 54 104 109
49 89 93 97
49 99 104 109
50 51 61 62
50 53 83 86
50 90 94 98
51 52 62 63
51 54 84 87
52 53 63 64
52 82 85 118
53 54 64 65
53 73 75 97
53 83 86 119
54 64 65 76
54 74 76 98
54 84 87 120
55 56 66 67
55 58 88 91
55 60 110 115
55 66 67 77
55 77 79 99
56 57 67 68
56 59 89 92
56 61 111 116
56 78 80 100
57 58 68 69
57 60 90 93
57 62 112 117
58 59 69 70
58 61 91 94
58 63 113 118
58 88 91 94
59 60 70 71
59 62 92 95
59 64 114 119
59 89 92 95
59 99 103 107
60 61 71 72
60 63 93 96
60 65 115 120
60 90 93 96
60 100 104 108
60 110 115 120
61 62 72 73
61 64 94 97
61 91 94 97
61 101 105 109
62 63 73 74
62 65 95 98
62 92 95 98
63 64 74 75
64 65 75 76
64 84 86 108
65 75 76 87
65 85 87 109
66 67 77 78
66 69 99 102
66 77 78 88
66 88 90 110
67 68 78 79
67 70 100 103
67 89 91 111
68 69 79 80
68 71 101 104
69 70 80 81
69 72 102 105
69 99 102 105
70 71 81 82
70 73 103 106
70 100 103 106
70 110 114 118
71 72 82 83
71 74 104 107
71 101 104 107
71 111 115 119
72 73 83 84
72 75 105 108
72 102 105 108
72 112 116 120
73 74 84 85
73 76 106 109
73 103 106 109
74 75 85 86
75 76 86 87
75 95 97 119
76 86 87 98
76 96 98 120
77 78 88 89
77 80 110 113
77 88 89 99
77 89 101 113
78 79 89 90
78 81 111 114
79 80 90 91
79 82 112 115
79 99 101 103
80 81 91 92
80 83 113 116
80 100 102 104
80 110 113 116
81 82 92 93
81 84 114 117
81 101 103 105
81 111 114 117
82 83 93 94
82 85 115 118
82 102 104 106
82 112 115 118
83 84 94 95
83 86 116 119
83 103 105 107
83 113 116 119
84 85 95 96
84 87 117 120
84 104 106 108
84 114 117 120
85 86 96 97
85 105 107 109
86 87 97 98
87 97 98 109
87 97 107 117
88 89 99 100
88 99 100 110
89 90 100 101
90 91 101 102
90 110 112 114
91 92 102 103
91 111 113 115
92 93 103 104
92 112 114 116
93 94 104 105
93 113 115 117
94 95 105 106
94 114 116 118
95 96 106 107
95 115 117 119
96 97 107 108
96 116 118 120
97 98 108 109
98 108 109 120
99 100 110 111
100 101 111 112
100 110 111 112
101 102 112 113
101 111 112 113
102 103 113 114
102 112 113 114
103 104 114 115
103 113 114 115
104 105 115 116
104 114 115 116
105 106 116 117
105 115 116 117
106 107 117 118
106 116 117 118
107 108 118 119
107 117 118 119
108 109 119 120
108 118 119 120
