0 1 2 3 4 5 6 7 8 9 10 11 12
0 13 26 39 52 65 78 91 104 117 130 143 156
0 14 28 42 56 70 84 98 112 126 140 154 168
1 14 27 40 53 66 79 92 105 118 131 144 157
2 15 28 41 54 67 80 93 106 119 132 145 158
3 16 29 42 55 68 81 94 107 120 133 146 159
4 17 30 43 56 69 82 95 108 121 134 147 160
5 18 31 44 57 70 83 96 109 122 135 148 161
6 19 32 45 58 71 84 97 110 123 136 149 162
7 20 33 46 59 72 85 98 111 124 137 150 163
8 21 34 47 60 73 86 99 112 125 138 151 164
9 22 35 48 61 74 87 100 113 126 139 152 165
10 23 36 49 62 75 88 101 114 127 140 153 166
11 24 37 50 63 76 89 102 115 128 141 154 167
12 24 36 48 60 72 84 96 108 120 132 144 156
12 25 38 51 64 77 90 103 116 129 142 155 168
13 14 15 16 17 18 19 20 21 22 23 24 25
26 27 28 29 30 31 32 33 34 35 36 37 38
39 40 41 42 43 44 45 46 47 48 49 50 51
52 53 54 55 56 57 58 59 60 61 62 63 64
65 66 67 68 69 70 71 72 73 74 75 76 77
78 79 80 81 82 83 84 85 86 87 88 89 90
91 92 93 94 95 96 97 98 99 100 101 102 103
104 105 106 107 108 109 110 111 112 113 114 115 116
117 118 119 120 121 122 123 124 125 126 127 128 129
130 131 132 133 134 135 136 137 138 139 140 141 142
143 144 145 146 147 148 149 150 151 152 153 154 155
156 157 158 159 160 161 162 163 164 165 166 167 168
1 15 29 43 57 71 85 99 113 127 141 155
11 23 35 47 59 71 83 95 107 119 131 143
13 27 41 55 69 83 97 111 125 139 153 167
25 37 49 61 73 85 97 109 121 133 145 157
2 16 30 44 58 72 86 100 114 128 142
10 22 34 46 58 70 82 94 106 118 130
26 40 54 68 82 96 110 124 138 152 166
38 50 62 74 86 98 110 122 134 146 158
3 17 31 45 59 73 87 101 115 129
9 21 33 45 57 69 81 93 105 117
39 53 67 81 95 109 123 137 151 165
51 63 75 87 99 111 123 135 147 159
4 18 32 46 60 74 88 102 116
8 20 32 44 56 68 80 92 104
52 66 80 94 108 122 136 150 164
64 76 88 100 112 124 136 148 160
5 19 33 47 61 75 89 103
7 19 31 43 55 67 79 91
65 79 93 107 121 135 149 163
77 89 101 113 125 137 149 161
6 18 30 42 54 66 78
6 20 34 48 62 76 90
78 92 106 120 134 148 162
90 102 114 126 138 150 162
5 17 29 41 53 65
7 21 35 49 63 77
91 105 119 133 147 161
103 115 127 139 151 163
0 2 14 26 28
0 4 28 52 56
0 6 42 78 84
0 8 56 104 112
0 10 70 130 140
0 12 84 156 168
1 3 15 27 29
1 5 29 53 57
1 7 43 79 85
1 9 57 105 113
1 11 71 131 141
1 13 14 15 27
2 4 16 28 30
2 6 30 54 58
2 8 44 80 86
2 10 58 106 114
2 12 72 132 142
2 14 15 16 28
2 26 28 30 54
3 5 17 29 31
3 7 31 55 59
3 9 45 81 87
3 11 59 107 115
3 15 16 17 29
3 27 29 31 55
3 39 42 45 81
4 6 18 30 32
4 8 32 56 60
4 10 46 82 88
4 12 60 108 116
4 16 17 18 30
4 16 28 40 52
4 28 30 32 56
4 40 43 46 82
4 52 56 60 108
5 7 19 31 33
5 9 33 57 61
5 11 47 83 89
5 17 18 19 31
5 29 31 33 57
5 41 44 47 83
5 53 57 61 109
5 65 70 75 135
6 8 20 32 34
6 10 34 58 62
6 12 48 84 90
6 18 19 20 32
6 30 32 34 58
6 42 45 48 84
6 54 58 62 110
6 66 71 76 136
6 78 84 90 162
7 9 21 33 35
7 11 35 59 63
7 19 20 21 33
7 31 33 35 59
7 43 46 49 85
7 55 59 63 111
7 67 72 77 137
8 10 22 34 36
8 12 36 60 64
8 20 21 22 34
8 22 36 50 64
8 32 34 36 60
8 44 47 50 86
8 56 60 64 112
9 11 23 35 37
9 21 22 23 35
9 33 35 37 61
9 45 48 51 87
10 12 24 36 38
10 22 23 24 36
10 34 36 38 62
11 23 24 25 37
13 15 27 39 41
13 17 41 65 69
13 19 55 91 97
13 21 69 117 125
13 23 83 143 153
14 16 28 40 42
14 18 42 66 70
14 20 56 92 98
14 22 70 118 126
14 24 84 144 154
14 26 27 28 40
15 17 29 41 43
15 19 43 67 71
15 21 57 93 99
15 23 71 119 127
15 25 85 145 155
15 27 28 29 41
15 39 41 43 67
16 18 30 42 44
16 20 44 68 72
16 22 58 94 100
16 24 72 120 128
16 28 29 30 42
16 40 42 44 68
16 52 55 58 94
17 19 31 43 45
17 21 45 69 73
17 23 59 95 101
17 25 73 121 129
17 29 30 31 43
17 41 43 45 69
17 53 56 59 95
17 65 69 73 121
18 20 32 44 46
18 22 46 70 74
18 24 60 96 102
18 30 31 32 44
18 42 44 46 70
18 54 57 60 96
18 66 70 74 122
18 78 83 88 148
19 21 33 45 47
19 23 47 71 75
19 25 61 97 103
19 31 32 33 45
19 43 45 47 71
19 55 58 61 97
19 67 71 75 123
19 79 84 89 149
20 22 34 46 48
20 24 48 72 76
20 32 33 34 46
20 44 46 48 72
20 56 59 62 98
20 68 72 76 124
20 80 85 90 150
21 23 35 47 49
21 25 49 73 77
21 33 34 35 47
21 45 47 49 73
21 57 60 63 99
21 69 73 77 125
22 24 36 48 50
22 34 35 36 48
22 46 48 50 74
22 58 61 64 100
23 25 37 49 51
23 35 36 37 49
23 47 49 51 75
24 36 37 38 50
26 28 40 52 54
26 30 54 78 82
26 32 68 104 110
26 34 82 130 138
26 36 96 156 166
27 29 41 53 55
27 31 55 79 83
27 33 69 105 111
27 35 83 131 139
27 37 97 157 167
27 39 40 41 53
28 30 42 54 56
28 32 56 80 84
28 34 70 106 112
28 36 84 132 140
28 38 98 158 168
28 40 41 42 54
28 52 54 56 80
29 31 43 55 57
29 33 57 81 85
29 35 71 107 113
29 37 85 133 141
29 41 42 43 55
29 53 55 57 81
29 65 68 71 107
30 32 44 56 58
30 34 58 82 86
30 36 72 108 114
30 38 86 134 142
30 42 43 44 56
30 54 56 58 82
30 66 69 72 108
30 78 82 86 134
31 33 45 57 59
31 35 59 83 87
31 37 73 109 115
31 43 44 45 57
31 55 57 59 83
31 67 70 73 109
31 79 83 87 135
31 91 96 101 161
32 34 46 58 60
32 36 60 84 88
32 38 74 110 116
32 44 45 46 58
32 56 58 60 84
32 68 71 74 110
32 80 84 88 136
32 92 97 102 162
33 35 47 59 61
33 37 61 85 89
33 45 46 47 59
33 57 59 61 85
33 69 72 75 111
33 81 85 89 137
33 93 98 103 163
34 36 48 60 62
34 38 62 86 90
34 46 47 48 60
34 58 60 62 86
34 70 73 76 112
34 82 86 90 138
35 37 49 61 63
35 47 48 49 61
35 59 61 63 87
35 71 74 77 113
36 38 50 62 64
36 48 49 50 62
36 60 62 64 88
37 49 50 51 63
39 41 53 65 67
39 43 67 91 95
39 45 81 117 123
39 47 95 143 151
40 42 54 66 68
40 44 68 92 96
40 46 82 118 124
40 48 96 144 152
40 52 53 54 66
41 43 55 67 69
41 45 69 93 97
41 47 83 119 125
41 49 97 145 153
41 53 54 55 67
41 65 67 69 93
42 44 56 68 70
42 46 70 94 98
42 48 84 120 126
42 50 98 146 154
42 54 55 56 68
42 66 68 70 94
42 78 81 84 120
43 45 57 69 71
43 47 71 95 99
43 49 85 121 127
43 51 99 147 155
43 55 56 57 69
43 67 69 71 95
43 79 82 85 121
43 91 95 99 147
44 46 58 70 72
44 48 72 96 100
44 50 86 122 128
44 56 57 58 70
44 68 70 72 96
44 80 83 86 122
44 92 96 100 148
45 47 59 71 73
45 49 73 97 101
45 51 87 123 129
45 57 58 59 71
45 69 71 73 97
45 81 84 87 123
45 93 97 101 149
46 48 60 72 74
46 50 74 98 102
46 58 59 60 72
46 70 72 74 98
46 82 85 88 124
46 94 98 102 150
47 49 61 73 75
47 51 75 99 103
47 59 60 61 73
47 71 73 75 99
47 83 86 89 125
47 95 99 103 151
48 50 62 74 76
48 60 61 62 74
48 72 74 76 100
48 84 87 90 126
49 51 63 75 77
49 61 62 63 75
49 73 75 77 101
50 62 63 64 76
52 54 66 78 80
52 56 80 104 108
52 58 94 130 136
52 60 108 156 164
53 55 67 79 81
53 57 81 105 109
53 59 95 131 137
53 61 109 157 165
53 65 66 67 79
54 56 68 80 82
54 58 82 106 110
54 60 96 132 138
54 62 110 158 166
54 66 67 68 80
54 78 80 82 106
55 57 69 81 83
55 59 83 107 111
55 61 97 133 139
55 63 111 159 167
55 67 68 69 81
55 79 81 83 107
55 91 94 97 133
56 58 70 82 84
56 60 84 108 112
56 62 98 134 140
56 64 112 160 168
56 68 69 70 82
56 80 82 84 108
56 92 95 98 134
56 104 108 112 160
57 59 71 83 85
57 61 85 109 113
57 63 99 135 141
57 69 70 71 83
57 81 83 85 109
57 93 96 99 135
57 105 109 113 161
58 60 72 84 86
58 62 86 110 114
58 64 100 136 142
58 70 71 72 84
58 82 84 86 110
58 94 97 100 136
58 106 110 114 162
59 61 73 85 87
59 63 87 111 115
59 71 72 73 85
59 83 85 87 111
59 95 98 101 137
59 107 111 115 163
60 62 74 86 88
60 64 88 112 116
60 72 73 74 86
60 84 86 88 112
60 96 99 102 138
60 108 112 116 164
61 63 75 87 89
61 73 74 75 87
61 85 87 89 113
61 97 100 103 139
62 64 76 88 90
62 74 75 76 88
62 86 88 90 114
63 75 76 77 89
65 67 79 91 93
65 69 93 117 121
65 71 107 143 149
66 68 80 92 94
66 70 94 118 122
66 72 108 144 150
66 78 79 80 92
67 69 81 93 95
67 71 95 119 123
67 73 109 145 151
67 79 80 81 93
67 91 93 95 119
68 70 82 94 96
68 72 96 120 124
68 74 110 146 152
68 80 81 82 94
68 92 94 96 120
68 104 107 110 146
69 71 83 95 97
69 73 97 121 125
69 75 111 147 153
69 81 82 83 95
69 93 95 97 121
69 105 108 111 147
70 72 84 96 98
70 74 98 122 126
70 76 112 148 154
70 82 83 84 96
70 94 96 98 122
70 106 109 112 148
71 73 85 97 99
71 75 99 123 127
71 77 113 149 155
71 83 84 85 97
71 95 97 99 123
71 107 110 113 149
72 74 86 98 100
72 76 100 124 128
72 84 85 86 98
72 96 98 100 124
72 108 111 114 150
73 75 87 99 101
73 77 101 125 129
73 85 86 87 99
73 97 99 101 125
73 109 112 115 151
74 76 88 100 102
74 86 87 88 100
74 98 100 102 126
74 110 113 116 152
75 77 89 101 103
75 87 88 89 101
75 99 101 103 127
76 88 89 90 102
78 80 92 104 106
78 82 106 130 134
78 84 120 156 162
79 81 93 105 107
79 83 107 131 135
79 85 121 157 163
79 91 92 93 105
80 82 94 106 108
80 84 108 132 136
80 86 122 158 164
80 92 93 94 106
80 104 106 108 132
81 83 95 107 109
81 85 109 133 137
81 87 123 159 165
81 93 94 95 107
81 105 107 109 133
81 117 120 123 159
82 84 96 108 110
82 86 110 134 138
82 88 124 160 166
82 94 95 96 108
82 106 108 110 134
82 118 121 124 160
83 85 97 109 111
83 87 111 135 139
83 89 125 161 167
83 95 96 97 109
83 107 109 111 135
83 119 122 125 161
84 86 98 110 112
84 88 112 136 140
84 90 126 162 168
84 96 97 98 110
84 108 110 112 136
84 120 123 126 162
85 87 99 111 113
85 89 113 137 141
85 97 98 99 111
85 109 111 113 137
85 121 124 127 163
86 88 100 112 114
86 90 114 138 142
86 98 99 100 112
86 110 112 114 138
86 122 125 128 164
87 89 101 113 115
87 99 100 101 113
87 111 113 115 139
87 123 126 129 165
88 90 102 114 116
88 100 101 102 114
88 112 114 116 140
89 101 102 103 115
91 93 105 117 119
91 95 119 143 147
92 94 106 118 120
92 96 120 144 148
92 104 105 106 118
93 95 107 119 121
93 97 121 145 149
93 105 106 107 119
93 117 119 121 145
94 96 108 120 122
94 98 122 146 150
94 106 107 108 120
94 118 120 122 146
95 97 109 121 123
95 99 123 147 151
95 107 108 109 121
95 119 121 123 147
96 98 110 122 124
96 100 124 148 152
96 108 109 110 122
96 120 122 124 148
97 99 111 123 125
97 101 125 149 153
97 109 110 111 123
97 121 123 125 149
98 100 112 124 126
98 102 126 150 154
98 110 111 112 124
98 122 124 126 150
99 101 113 125 127
99 103 127 151 155
99 111 112 113 125
99 123 125 127 151
100 102 114 126 128
100 112 113 114 126
100 124 126 128 152
101 103 115 127 129
101 113 114 115 127
101 125 127 129 153
102 114 115 116 128
104 106 118 130 132
104 108 132 156 160
104 118 132 146 160
105 107 119 131 133
105 109 133 157 161
105 117 118 119 131
106 108 120 132 134
106 110 134 158 162
106 118 119 120 132
106 130 132 134 158
107 109 121 133 135
107 111 135 159 163
107 119 120 121 133
107 131 133 135 159
108 110 122 134 136
108 112 136 160 164
108 120 121 122 134
108 132 134 136 160
109 111 123 135 137
109 113 137 161 165
109 121 122 123 135
109 133 135 137 161
110 112 124 136 138
110 114 138 162 166
110 122 123 124 136
110 134 136 138 162
111 113 125 137 139
111 115 139 163 167
111 123 124 125 137
111 135 137 139 163
112 114 126 138 140
112 116 140 164 168
112 124 125 126 138
112 136 138 140 164
113 115 127 139 141
113 125 126 127 139
113 137 139 141 165
114 116 128 140 142
114 126 127 128 140
114 138 140 142 166
115 127 128 129 141
116 128 140 152 164
117 119 131 143 145
118 120 132 144 146
118 130 131 132 144
119 121 133 145 147
119 131 132 133 145
120 122 134 146 148
120 132 133 134 146
121 123 135 147 149
121 133 134 135 147
122 124 136 148 150
122 134 135 136 148
123 125 137 149 151
123 135 136 137 149
124 126 138 150 152
124 136 137 138 150
125 127 139 151 153
125 137 138 139 151
126 128 140 152 154
126 138 139 140 152
127 129 141 153 155
127 139 140 141 153
128 140 141 142 154
130 132 144 156 158
131 133 145 157 159
131 143 144 145 157
132 134 146 158 160
132 144 145 146 158
133 135 147 159 161
133 145 146 147 159
134 136 148 160 162
134 146 147 148 160
135 137 149 161 163
135 147 148 149 161
136 138 150 162 164
136 148 149 150 162
137 139 151 163 165
137 149 150 151 163
138 140 152 164 166
138 150 151 152 164
139 141 153 165 167
139 151 152 153 165
140 142 154 166 168
140 152 153 154 166
141 153 154 155 167
0 1 2 14
0 1 13 14
0 2 4 28
0 3 6 42
0 3 39 42
0 4 8 56
0 5 10 70
0 5 65 70
0 6 12 84
0 7 91 98
0 9 117 126
0 11 143 154
0 13 14 26
0 26 28 52
0 39 42 78
0 52 56 104
0 65 70 130
0 78 84 156
1 2 3 15
1 2 14 15
1 3 5 29
1 4 7 43
1 4 40 43
1 5 9 57
1 6 11 71
1 6 66 71
1 8 92 99
1 10 118 127
1 12 144 155
1 27 29 53
1 40 43 79
1 53 57 105
1 66 71 131
1 79 85 157
2 3 4 16
2 3 15 16
2 4 6 30
2 5 8 44
2 5 41 44
2 6 10 58
2 7 12 72
2 7 67 72
2 9 93 100
2 11 119 128
2 41 44 80
2 54 58 106
2 67 72 132
2 80 86 158
3 4 5 17
3 4 16 17
3 5 7 31
3 6 9 45
3 6 42 45
3 7 11 59
3 8 68 73
3 10 94 101
3 12 120 129
3 15 27 39
3 55 59 107
3 68 73 133
3 81 87 159
4 5 6 18
4 5 17 18
4 6 8 32
4 7 10 46
4 7 43 46
4 8 12 60
4 9 69 74
4 11 95 102
4 69 74 134
4 82 88 160
5 6 7 19
5 6 18 19
5 7 9 33
5 8 11 47
5 8 44 47
5 10 70 75
5 12 96 103
5 83 89 161
6 7 8 20
6 7 19 20
6 8 10 34
6 9 12 48
6 9 45 48
6 11 71 76
7 8 9 21
7 8 20 21
7 9 11 35
7 10 46 49
7 12 72 77
7 79 85 163
8 9 10 22
8 9 21 22
8 10 12 36
8 11 47 50
8 68 73 138
8 80 86 164
9 10 11 23
9 10 22 23
9 12 48 51
9 23 37 51
9 57 61 113
9 69 74 139
9 81 87 165
10 11 12 24
10 11 23 24
10 46 49 88
10 58 62 114
10 70 75 140
10 82 88 166
11 12 24 25
11 35 37 63
11 47 50 89
11 59 63 115
11 71 76 141
11 83 89 167
12 24 25 38
12 36 38 64
12 48 51 90
12 60 64 116
12 72 77 142
12 84 90 168
13 14 26 27
13 15 17 41
13 16 19 55
13 16 52 55
13 17 21 69
13 18 23 83
13 18 78 83
13 19 25 97
13 20 104 111
13 22 130 139
13 24 156 167
13 26 27 39
13 39 41 65
13 52 55 91
13 65 69 117
13 78 83 143
14 15 27 28
14 16 18 42
14 17 20 56
14 17 53 56
14 18 22 70
14 19 24 84
14 19 79 84
14 21 105 112
14 23 131 140
14 25 157 168
14 40 42 66
14 53 56 92
14 66 70 118
14 79 84 144
15 16 28 29
15 17 19 43
15 18 21 57
15 18 54 57
15 19 23 71
15 20 25 85
15 20 80 85
15 22 106 113
15 24 132 141
15 54 57 93
15 67 71 119
15 80 85 145
16 17 29 30
16 18 20 44
16 19 22 58
16 19 55 58
16 20 24 72
16 21 81 86
16 23 107 114
16 25 133 142
16 68 72 120
16 81 86 146
17 18 30 31
17 19 21 45
17 20 23 59
17 20 56 59
17 21 25 73
17 22 82 87
17 24 108 115
17 82 87 147
18 19 31 32
18 20 22 46
18 21 24 60
18 21 57 60
18 23 83 88
18 25 109 116
19 20 32 33
19 21 23 47
19 22 25 61
19 22 58 61
19 24 84 89
19 91 97 103
20 21 33 34
20 22 24 48
20 23 59 62
20 25 85 90
21 22 34 35
21 23 25 49
21 24 60 63
21 81 86 151
22 23 35 36
22 25 61 64
22 70 74 126
22 82 87 152
23 24 36 37
23 59 62 101
23 71 75 127
23 83 88 153
24 25 37 38
24 48 50 76
24 60 63 102
24 72 76 128
24 84 89 154
25 37 38 51
25 49 51 77
25 61 64 103
25 73 77 129
25 85 90 155
26 27 39 40
26 29 32 68
26 29 65 68
26 30 34 82
26 31 36 96
26 31 91 96
26 32 38 110
26 33 117 124
26 35 143 152
26 39 40 52
26 52 54 78
26 65 68 104
26 78 82 130
26 91 96 156
27 28 40 41
27 30 33 69
27 30 66 69
27 31 35 83
27 32 37 97
27 32 92 97
27 34 118 125
27 36 144 153
27 53 55 79
27 66 69 105
27 79 83 131
27 92 97 157
28 29 41 42
28 31 34 70
28 31 67 70
28 32 36 84
28 33 38 98
28 33 93 98
28 35 119 126
28 37 145 154
28 67 70 106
28 80 84 132
28 93 98 158
29 30 42 43
29 32 35 71
29 32 68 71
29 33 37 85
29 34 94 99
29 36 120 127
29 38 146 155
29 81 85 133
29 94 99 159
30 31 43 44
30 33 36 72
30 33 69 72
30 34 38 86
30 35 95 100
30 37 121 128
30 95 100 160
31 32 44 45
31 34 37 73
31 34 70 73
31 36 96 101
31 38 122 129
32 33 45 46
32 35 38 74
32 35 71 74
32 37 97 102
32 104 110 116
33 34 46 47
33 36 72 75
33 38 98 103
34 35 47 48
34 37 73 76
34 94 99 164
35 36 48 49
35 38 74 77
35 83 87 139
35 95 100 165
36 37 49 50
36 72 75 114
36 84 88 140
36 96 101 166
37 38 50 51
37 61 63 89
37 73 76 115
37 85 89 141
37 97 102 167
38 50 51 64
38 62 64 90
38 74 77 116
38 86 90 142
38 98 103 168
39 40 52 53
39 42 78 81
39 43 47 95
39 44 49 109
39 44 104 109
39 45 51 123
39 46 130 137
39 48 156 165
39 52 53 65
39 65 67 91
39 78 81 117
39 91 95 143
40 41 53 54
40 43 79 82
40 44 48 96
40 45 50 110
40 45 105 110
40 47 131 138
40 49 157 166
40 66 68 92
40 79 82 118
40 92 96 144
41 42 54 55
41 44 80 83
41 45 49 97
41 46 51 111
41 46 106 111
41 48 132 139
41 50 158 167
41 80 83 119
41 93 97 145
42 43 55 56
42 45 81 84
42 46 50 98
42 47 107 112
42 49 133 140
42 51 159 168
42 94 98 146
43 44 56 57
43 46 82 85
43 47 51 99
43 48 108 113
43 50 134 141
44 45 57 58
44 47 83 86
44 49 109 114
44 51 135 142
44 104 109 114
45 46 58 59
45 48 84 87
45 50 110 115
45 105 110 115
45 117 123 129
46 47 59 60
46 49 85 88
46 51 111 116
46 106 111 116
47 48 60 61
47 50 86 89
48 49 61 62
48 51 87 90
48 96 100 152
49 50 62 63
49 85 88 127
49 97 101 153
50 51 63 64
50 74 76 102
50 86 89 128
50 98 102 154
51 63 64 77
51 75 77 103
51 87 90 129
51 99 103 155
52 53 65 66
52 55 91 94
52 57 62 122
52 57 117 122
52 58 64 136
52 59 143 150
52 65 66 78
52 78 80 104
52 91 94 130
52 104 108 156
53 54 66 67
53 56 92 95
53 58 63 123
53 58 118 123
53 60 144 151
53 79 81 105
53 92 95 131
53 105 109 157
54 55 67 68
54 57 93 96
54 59 64 124
54 59 119 124
54 61 145 152
54 93 96 132
54 106 110 158
55 56 68 69
55 58 94 97
55 60 120 125
55 62 146 153
55 107 111 159
56 57 69 70
56 59 95 98
56 61 121 126
56 63 147 154
57 58 70 71
57 60 96 99
57 62 122 127
57 64 148 155
57 117 122 127
58 59 71 72
58 61 97 100
58 63 123 128
58 118 123 128
58 130 136 142
59 60 72 73
59 62 98 101
59 64 124 129
59 119 124 129
60 61 73 74
60 63 99 102
61 62 74 75
61 64 100 103
61 109 113 165
62 63 75 76
62 98 101 140
62 110 114 166
63 64 76 77
63 87 89 115
63 99 102 141
63 111 115 167
64 76 77 90
64 88 90 116
64 100 103 142
64 112 116 168
65 66 78 79
65 68 104 107
65 70 130 135
65 71 77 149
65 72 156 163
65 78 79 91
65 91 93 117
65 104 107 143
66 67 79 80
66 69 105 108
66 71 131 136
66 73 157 164
66 92 94 118
66 105 108 144
67 68 80 81
67 70 106 109
67 72 132 137
67 74 158 165
67 106 109 145
68 69 81 82
68 71 107 110
68 73 133 138
68 75 159 166
69 70 82 83
69 72 108 111
69 74 134 139
69 76 160 167
69 117 121 125
70 71 83 84
70 73 109 112
70 75 135 140
70 77 161 168
70 118 122 126
70 130 135 140
71 72 84 85
71 74 110 113
71 76 136 141
71 119 123 127
71 131 136 141
71 143 149 155
72 73 85 86
72 75 111 114
72 77 137 142
72 120 124 128
72 132 137 142
73 74 86 87
73 76 112 115
73 121 125 129
74 75 87 88
74 77 113 116
75 76 88 89
75 111 114 153
76 77 89 90
76 100 102 128
76 112 115 154
77 89 90 103
77 101 103 129
77 113 116 155
78 79 91 92
78 81 117 120
78 83 143 148
78 91 92 104
78 104 106 130
78 117 120 156
79 80 92 93
79 82 118 121
79 84 144 149
79 105 107 131
79 118 121 157
80 81 93 94
80 83 119 122
80 85 145 150
80 119 122 158
81 82 94 95
81 84 120 123
81 86 146 151
82 83 95 96
82 85 121 124
82 87 147 152
82 130 134 138
83 84 96 97
83 86 122 125
83 88 148 153
83 131 135 139
83 143 148 153
84 85 97 98
84 87 123 126
84 89 149 154
84 132 136 140
84 144 149 154
84 156 162 168
85 86 98 99
85 88 124 127
85 90 150 155
85 133 137 141
85 145 150 155
86 87 99 100
86 89 125 128
86 134 138 142
87 88 100 101
87 90 126 129
88 89 101 102
88 124 127 166
89 90 102 103
89 113 115 141
89 125 128 167
90 102 103 116
90 114 116 142
90 126 129 168
91 92 104 105
91 94 130 133
91 96 156 161
91 104 105 117
91 117 119 143
92 93 105 106
92 95 131 134
92 97 157 162
92 118 120 144
93 94 106 107
93 96 132 135
93 98 158 163
94 95 107 108
94 97 133 136
94 99 159 164
94 130 133 136
95 96 108 109
95 98 134 137
95 100 160 165
95 131 134 137
95 143 147 151
96 97 109 110
96 99 135 138
96 101 161 166
96 132 135 138
96 144 148 152
96 156 161 166
97 98 110 111
97 100 136 139
97 102 162 167
97 133 136 139
97 145 149 153
97 157 162 167
98 99 111 112
98 101 137 140
98 103 163 168
98 134 137 140
98 146 150 154
98 158 163 168
99 100 112 113
99 102 138 141
99 135 138 141
99 147 151 155
100 101 113 114
100 103 139 142
100 136 139 142
101 102 114 115
102 103 115 116
102 126 128 154
103 115 116 129
103 127 129 155
104 105 117 118
104 107 143 146
104 117 118 130
104 130 132 156
105 106 118 119
105 108 144 147
105 131 133 157
106 107 119 120
106 109 145 148
107 108 120 121
107 110 146 149
107 143 146 149
108 109 121 122
108 111 147 150
108 144 147 150
108 156 160 164
109 110 122 123
109 112 148 151
109 145 148 151
109 157 161 165
110 111 123 124
110 113 149 152
110 146 149 152
110 158 162 166
111 112 124 125
111 114 150 153
111 147 150 153
111 159 163 167
112 113 125 126
112 115 151 154
112 148 151 154
112 160 164 168
113 114 126 127
113 116 152 155
113 149 152 155
114 115 127 128
115 116 128 129
115 139 141 167
116 128 129 142
116 140 142 168
117 118 130 131
117 120 156 159
117 130 131 143
117 131 145 159
118 119 131 132
118 121 157 160
119 120 132 133
119 122 158 161
119 143 145 147
120 121 133 134
120 123 159 162
120 144 146 148
120 156 159 162
121 122 134 135
121 124 160 163
121 145 147 149
121 157 160 163
122 123 135 136
122 125 161 164
122 146 148 150
122 158 161 164
123 124 136 137
123 126 162 165
123 147 149 151
123 159 162 165
124 125 137 138
124 127 163 166
124 148 150 152
124 160 163 166
125 126 138 139
125 128 164 167
125 149 151 153
125 161 164 167
126 127 139 140
126 129 165 168
126 150 152 154
126 162 165 168
127 128 140 141
127 151 153 155
128 129 141 142
129 141 142 155
129 141 153 165
130 131 143 144
130 143 144 156
131 132 144 145
132 133 145 146
132 156 158 160
133 134 146 147
133 157 159 161
134 135 147 148
134 158 160 162
135 136 148 149
135 159 161 163
136 137 149 150
136 160 162 164
137 138 150 151
137 161 163 165
138 139 151 152
138 162 164 166
139 140 152 153
139 163 165 167
140 141 153 154
140 164 166 168
141 142 154 155
142 154 155 168
143 144 156 157
144 145 157 158
144 156 157 158
145 146 158 159
145 157 158 159
146 147 159 160
146 158 159 160
147 148 160 161
147 159 160 161
148 149 161 162
148 160 161 162
149 150 162 163
149 161 162 163
150 151 163 164
150 162 163 164
151 152 164 165
151 163 164 165
152 153 165 166
152 164 165 166
153 154 166 167
153 165 166 167
154 155 167 168
154 166 167 168
