0 1 2 3 4 5 6 7 8 9
0 10 20 30 40 50 60 70 80 90
0 11 22 33 44 55 66 77 88 99
1 11 21 31 41 51 61 71 81 91
2 12 22 32 42 52 62 72 82 92
3 13 23 33 43 53 63 73 83 93
4 14 24 34 44 54 64 74 84 94
5 15 25 35 45 55 65 75 85 95
6 16 26 36 46 56 66 76 86 96
7 17 27 37 47 57 67 77 87 97
8 18 28 38 48 58 68 78 88 98
9 18 27 36 45 54 63 72 81 90
9 19 29 39 49 59 69 79 89 99
10 11 12 13 14 15 16 17 18 19
20 21 22 23 24 25 26 27 28 29
30 31 32 33 34 35 36 37 38 39
40 41 42 43 44 45 46 47 48 49
50 51 52 53 54 55 56 57 58 59
60 61 62 63 64 65 66 67 68 69
70 71 72 73 74 75 76 77 78 79
80 81 82 83 84 85 86 87 88 89
90 91 92 93 94 95 96 97 98 99
1 12 23 34 45 56 67 78 89
8 17 26 35 44 53 62 71 80
10 21 32 43 54 65 76 87 98
19 28 37 46 55 64 73 82 91
2 13 24 35 46 57 68 79
7 16 25 34 43 52 61 70
20 31 42 53 64 75 86 97
29 38 47 56 65 74 83 92
3 14 25 36 47 58 69
6 15 24 33 42 51 60
30 41 52 63 74 85 96
39 48 57 66 75 84 93
4 15 26 37 48 59
5 14 23 32 41 50
40 51 62 73 84 95
49 58 67 76 85 94
0 2 11 20 22
0 4 22 40 44
0 6 33 60 66
0 8 44 80 88
1 3 12 21 23
1 5 23 41 45
1 7 34 61 67
1 9 45 81 89
1 10 11 12 21
2 4 13 22 24
2 6 24 42 46
2 8 35 62 68
2 11 12 13 22
2 20 22 24 42
3 5 14 23 25
3 7 25 43 47
3 9 36 63 69
3 12 13 14 23
3 21 23 25 43
3 30 33 36 63
4 6 15 24 26
4 8 26 44 48
4 13 14 15 24
4 13 22 31 40
4 22 24 26 44
4 31 34 37 64
4 40 44 48 84
5 7 16 25 27
5 9 27 45 49
5 14 15 16 25
5 16 27 38 49
5 23 25 27 45
5 32 35 38 65
5 41 45 49 85
6 8 17 26 28
6 15 16 17 26
6 24 26 28 46
6 33 36 39 66
7 9 18 27 29
7 16 17 18 27
7 25 27 29 47
8 17 18 19 28
10 12 21 30 32
10 14 32 50 54
10 16 43 70 76
10 18 54 90 98
11 13 22 31 33
11 15 33 51 55
11 17 44 71 77
11 19 55 91 99
11 20 21 22 31
12 14 23 32 34
12 16 34 52 56
12 18 45 72 78
12 21 22 23 32
12 30 32 34 52
13 15 24 33 35
13 17 35 53 57
13 19 46 73 79
13 22 23 24 33
13 31 33 35 53
13 40 43 46 73
14 16 25 34 36
14 18 36 54 58
14 23 24 25 34
14 32 34 36 54
14 41 44 47 74
14 50 54 58 94
15 17 26 35 37
15 19 37 55 59
15 24 25 26 35
15 33 35 37 55
15 42 45 48 75
15 51 55 59 95
16 18 27 36 38
16 25 26 27 36
16 34 36 38 56
16 43 46 49 76
17 19 28 37 39
17 26 27 28 37
17 35 37 39 57
18 27 28 29 38
20 22 31 40 42
20 24 42 60 64
20 26 53 80 86
21 23 32 41 43
21 25 43 61 65
21 27 54 81 87
21 30 31 32 41
22 24 33 42 44
22 26 44 62 66
22 28 55 82 88
22 31 32 33 42
22 40 42 44 62
23 25 34 43 45
23 27 45 63 67
23 29 56 83 89
23 32 33 34 43
23 41 43 45 63
23 50 53 56 83
24 26 35 44 46
24 28 46 64 68
24 33 34 35 44
24 42 44 46 64
24 51 54 57 84
25 27 36 45 47
25 29 47 65 69
25 34 35 36 45
25 43 45 47 65
25 52 55 58 85
26 28 37 46 48
26 35 36 37 46
26 44 46 48 66
26 53 56 59 86
27 29 38 47 49
27 36 37 38 47
27 45 47 49 67
28 37 38 39 48
30 32 41 50 52
30 34 52 70 74
30 36 63 90 96
31 33 42 51 53
31 35 53 71 75
31 37 64 91 97
31 40 41 42 51
32 34 43 52 54
32 36 54 72 76
32 38 65 92 98
32 41 42 43 52
32 50 52 54 72
33 35 44 53 55
33 37 55 73 77
33 39 66 93 99
33 42 43 44 53
33 51 53 55 73
33 60 63 66 93
34 36 45 54 56
34 38 56 74 78
34 43 44 45 54
34 52 54 56 74
34 61 64 67 94
35 37 46 55 57
35 39 57 75 79
35 44 45 46 55
35 53 55 57 75
35 62 65 68 95
36 38 47 56 58
36 45 46 47 56
36 54 56 58 76
36 63 66 69 96
37 39 48 57 59
37 46 47 48 57
37 55 57 59 77
38 47 48 49 58
40 42 51 60 62
40 44 62 80 84
41 43 52 61 63
41 45 63 81 85
41 50 51 52 61
42 44 53 62 64
42 46 64 82 86
42 51 52 53 62
42 60 62 64 82
43 45 54 63 65
43 47 65 83 87
43 52 53 54 63
43 61 63 65 83
44 46 55 64 66
44 48 66 84 88
44 53 54 55 64
44 62 64 66 84
45 47 56 65 67
45 49 67 85 89
45 54 55 56 65
45 63 65 67 85
46 48 57 66 68
46 55 56 57 66
46 64 66 68 86
47 49 58 67 69
47 56 57 58 67
47 65 67 69 87
48 57 58 59 68
50 52 61 70 72
50 54 72 90 94
50 61 72 83 94
51 53 62 71 73
51 55 73 91 95
51 60 61 62 71
52 54 63 72 74
52 56 74 92 96
52 61 62 63 72
52 70 72 74 92
53 55 64 73 75
53 57 75 93 97
53 62 63 64 73
53 71 73 75 93
54 56 65 74 76
54 58 76 94 98
54 63 64 65 74
54 72 74 76 94
55 57 66 75 77
55 59 77 95 99
55 64 65 66 75
55 73 75 77 95
56 58 67 76 78
56 65 66 67 76
56 74 76 78 96
57 59 68 77 79
57 66 67 68 77
57 75 77 79 97
58 67 68 69 78
59 68 77 86 95
60 62 71 80 82
61 63 72 81 83
61 70 71 72 81
62 64 73 82 84
62 71 72 73 82
63 65 74 83 85
63 72 73 74 83
64 66 75 84 86
64 73 74 75 84
65 67 76 85 87
65 74 75 76 85
66 68 77 86 88
66 75 76 77 86
67 69 78 87 89
67 76 77 78 87
68 77 78 79 88
70 72 81 90 92
71 73 82 91 93
71 80 81 82 91
72 74 83 92 94
72 81 82 83 92
73 75 84 93 95
73 82 83 84 93
74 76 85 94 96
74 83 84 85 94
75 77 86 95 97
75 84 85 86 95
76 78 87 96 98
76 85 86 87 96
77 79 88 97 99
77 86 87 88 97
78 87 88 89 98
0 1 2 11
0 1 10 11
0 2 4 22
0 3 6 33
0 3 30 33
0 4 8 44
0 5 50 55
0 7 70 77
0 9 90 99
0 10 11 20
0 20 22 40
0 30 33 60
0 40 44 80
1 2 3 12
1 2 11 12
1 3 5 23
1 4 7 34
1 4 31 34
1 5 9 45
1 6 51 56
1 8 71 78
1 21 23 41
1 31 34 61
1 41 45 81
2 3 4 13
2 3 12 13
2 4 6 24
2 5 8 35
2 5 32 35
2 7 52 57
2 9 72 79
2 32 35 62
2 42 46 82
3 4 5 14
3 4 13 14
3 5 7 25
3 6 9 36
3 6 33 36
3 8 53 58
3 12 21 30
3 43 47 83
4 5 6 15
4 5 14 15
4 6 8 26
4 7 34 37
4 9 54 59
5 6 7 16
5 6 15 16
5 7 9 27
5 8 35 38
6 7 8 17
6 7 16 17
6 9 36 39
6 17 28 39
6 42 46 86
7 8 9 18
7 8 17 18
7 34 37 67
7 43 47 87
8 9 18 19
8 26 28 48
8 35 38 68
8 44 48 88
9 18 19 29
9 27 29 49
9 36 39 69
9 45 49 89
10 11 20 21
10 12 14 32
10 13 16 43
10 13 40 43
10 14 18 54
10 15 60 65
10 17 80 87
10 20 21 30
10 30 32 50
10 40 43 70
10 50 54 90
11 12 21 22
11 13 15 33
11 14 17 44
11 14 41 44
11 15 19 55
11 16 61 66
11 18 81 88
11 31 33 51
11 41 44 71
11 51 55 91
12 13 22 23
12 14 16 34
12 15 18 45
12 15 42 45
12 17 62 67
12 19 82 89
12 42 45 72
12 52 56 92
13 14 23 24
13 15 17 35
13 16 19 46
13 16 43 46
13 18 63 68
13 53 57 93
14 15 24 25
14 16 18 36
14 17 44 47
14 19 64 69
15 16 25 26
15 17 19 37
15 18 45 48
16 17 26 27
16 19 46 49
16 52 56 96
17 18 27 28
17 44 47 77
17 53 57 97
18 19 28 29
18 36 38 58
18 45 48 78
18 54 58 98
19 28 29 39
19 37 39 59
19 46 49 79
19 55 59 99
20 21 30 31
20 23 26 53
20 23 50 53
20 24 28 64
20 25 70 75
20 27 90 97
20 30 31 40
20 40 42 60
20 50 53 80
21 22 31 32
21 24 27 54
21 24 51 54
21 25 29 65
21 26 71 76
21 28 91 98
21 41 43 61
21 51 54 81
22 23 32 33
22 25 28 55
22 25 52 55
22 27 72 77
22 29 92 99
22 52 55 82
23 24 33 34
23 26 29 56
23 26 53 56
23 28 73 78
24 25 34 35
24 27 54 57
24 29 74 79
24 60 64 68
25 26 35 36
25 28 55 58
25 61 65 69
26 27 36 37
26 29 56 59
27 28 37 38
27 54 57 87
28 29 38 39
28 46 48 68
28 55 58 88
29 38 39 49
29 47 49 69
29 56 59 89
30 31 40 41
30 33 60 63
30 34 38 74
30 35 80 85
30 40 41 50
30 50 52 70
30 60 63 90
31 32 41 42
31 34 61 64
31 35 39 75
31 36 81 86
31 51 53 71
31 61 64 91
32 33 42 43
32 35 62 65
32 37 82 87
32 62 65 92
33 34 43 44
33 36 63 66
33 38 83 88
34 35 44 45
34 37 64 67
34 39 84 89
34 70 74 78
35 36 45 46
35 38 65 68
35 71 75 79
36 37 46 47
36 39 66 69
37 38 47 48
37 64 67 97
38 39 48 49
38 56 58 78
38 65 68 98
39 48 49 59
39 57 59 79
39 66 69 99
40 41 50 51
40 43 70 73
40 45 90 95
40 50 51 60
40 60 62 80
41 42 51 52
41 44 71 74
41 46 91 96
41 61 63 81
42 43 52 53
42 45 72 75
42 47 92 97
43 44 53 54
43 46 73 76
43 48 93 98
43 70 73 76
44 45 54 55
44 47 74 77
44 49 94 99
44 71 74 77
44 80 84 88
45 46 55 56
45 48 75 78
45 72 75 78
45 81 85 89
46 47 56 57
46 49 76 79
46 73 76 79
47 48 57 58
48 49 58 59
48 66 68 88
49 58 59 69
49 67 69 89
50 51 60 61
50 53 80 83
50 60 61 70
50 70 72 90
51 52 61 62
51 54 81 84
51 71 73 91
52 53 62 63
52 55 82 85
53 54 63 64
53 56 83 86
53 80 83 86
54 55 64 65
54 57 84 87
54 81 84 87
54 90 94 98
55 56 65 66
55 58 85 88
55 82 85 88
55 91 95 99
56 57 66 67
56 59 86 89
56 83 86 89
57 58 67 68
58 59 68 69
58 76 78 98
59 68 69 79
59 77 79 99
60 61 70 71
60 63 90 93
60 70 71 80
60 71 82 93
61 62 71 72
61 64 91 94
62 63 72 73
62 65 92 95
62 80 82 84
63 64 73 74
63 66 93 96
63 81 83 85
63 90 93 96
64 65 74 75
64 67 94 97
64 82 84 86
64 91 94 97
65 66 75 76
65 68 95 98
65 83 85 87
65 92 95 98
66 67 76 77
66 69 96 99
66 84 86 88
66 93 96 99
67 68 77 78
67 85 87 89
68 69 78 79
69 78 79 89
69 78 87 96
70 71 80 81
70 80 81 90
71 72 81 82
72 73 82 83
72 90 92 94
73 74 83 84
73 91 93 95
74 75 84 85
74 92 94 96
75 76 85 86
75 93 95 97
76 77 86 87
76 94 96 98
77 78 87 88
77 95 97 99
78 79 88 89
79 88 89 99
80 81 90 91
81 82 91 92
81 90 91 92
82 83 92 93
82 91 92 93
83 84 93 94
83 92 93 94
84 85 94 95
84 93 94 95
85 86 95 96
85 94 95 96
86 87 96 97
86 95 96 97
87 88 97 98
87 96 97 98
88 89 98 99
88 97 98 99
