0 1 2 3 4 5 6 7 8
0 9 18 27 36 45 54 63 72
0 10 20 30 40 50 60 70 80
1 10 19 28 37 46 55 64 73
2 11 20 29 38 47 56 65 74
3 12 21 30 39 48 57 66 75
4 13 22 31 40 49 58 67 76
5 14 23 32 41 50 59 68 77
6 15 24 33 42 51 60 69 78
7 16 25 34 43 52 61 70 79
8 16 24 32 40 48 56 64 72
8 17 26 35 44 53 62 71 80
9 10 11 12 13 14 15 16 17
18 19 20 21 22 23 24 25 26
27 28 29 30 31 32 33 34 35
36 37 38 39 40 41 42 43 44
45 46 47 48 49 50 51 52 53
54 55 56 57 58 59 60 61 62
63 64 65 66 67 68 69 70 71
72 73 74 75 76 77 78 79 80
1 11 21 31 41 51 61 71
7 15 23 31 39 47 55 63
9 19 29 39 49 59 69 79
17 25 33 41 49 57 65 73
2 12 22 32 42 52 62
6 14 22 30 38 46 54
18 28 38 48 58 68 78
26 34 42 50 58 66 74
3 13 23 33 43 53
5 13 21 29 37 45
27 37 47 57 67 77
35 43 51 59 67 75
0 2 10 18 20
0 4 20 36 40
0 6 30 54 60
0 8 40 72 80
1 3 11 19 21
1 5 21 37 41
1 7 31 55 61
1 9 10 11 19
2 4 12 20 22
2 6 22 38 42
2 8 32 56 62
2 10 11 12 20
2 18 20 22 38
3 5 13 21 23
3 7 23 39 43
3 11 12 13 21
3 19 21 23 39
3 27 30 33 57
4 6 14 22 24
4 8 24 40 44
4 12 13 14 22
4 12 20 28 36
4 14 24 34 44
4 20 22 24 40
4 28 31 34 58
4 36 40 44 76
5 7 15 23 25
5 13 14 15 23
5 21 23 25 41
5 29 32 35 59
6 8 16 24 26
6 14 15 16 24
6 22 24 26 42
7 15 16 17 25
9 11 19 27 29
9 13 29 45 49
9 15 39 63 69
10 12 20 28 30
10 14 30 46 50
10 16 40 64 70
10 18 19 20 28
11 13 21 29 31
11 15 31 47 51
11 17 41 65 71
11 19 20 21 29
11 27 29 31 47
12 14 22 30 32
12 16 32 48 52
12 20 21 22 30
12 28 30 32 48
12 36 39 42 66
13 15 23 31 33
13 17 33 49 53
13 21 22 23 31
13 29 31 33 49
13 37 40 43 67
14 16 24 32 34
14 22 23 24 32
14 30 32 34 50
14 38 41 44 68
15 17 25 33 35
15 23 24 25 33
15 31 33 35 51
16 24 25 26 34
18 20 28 36 38
18 22 38 54 58
18 24 48 72 78
19 21 29 37 39
19 23 39 55 59
19 25 49 73 79
19 27 28 29 37
20 22 30 38 40
20 24 40 56 60
20 26 50 74 80
20 28 29 30 38
20 36 38 40 56
21 23 31 39 41
21 25 41 57 61
21 29 30 31 39
21 37 39 41 57
21 45 48 51 75
22 24 32 40 42
22 26 42 58 62
22 30 31 32 40
22 38 40 42 58
22 46 49 52 76
23 25 33 41 43
23 31 32 33 41
23 39 41 43 59
23 47 50 53 77
24 26 34 42 44
24 32 33 34 42
24 40 42 44 60
25 33 34 35 43
27 29 37 45 47
27 31 47 63 67
28 30 38 46 48
28 32 48 64 68
28 36 37 38 46
29 31 39 47 49
29 33 49 65 69
29 37 38 39 47
29 45 47 49 65
30 32 40 48 50
30 34 50 66 70
30 38 39 40 48
30 46 48 50 66
31 33 41 49 51
31 35 51 67 71
31 39 40 41 49
31 47 49 51 67
32 34 42 50 52
32 40 41 42 50
32 48 50 52 68
33 35 43 51 53
33 41 42 43 51
33 49 51 53 69
34 42 43 44 52
36 38 46 54 56
36 40 56 72 76
36 46 56 66 76
37 39 47 55 57
37 41 57 73 77
37 45 46 47 55
38 40 48 56 58
38 42 58 74 78
38 46 47 48 56
38 54 56 58 74
39 41 49 57 59
39 43 59 75 79
39 47 48 49 57
39 55 57 59 75
40 42 50 58 60
40 44 60 76 80
40 48 49 50 58
40 56 58 60 76
41 43 51 59 61
41 49 50 51 59
41 57 59 61 77
42 44 52 60 62
42 50 51 52 60
42 58 60 62 78
43 51 52 53 61
44 52 60 68 76
45 47 55 63 65
46 48 56 64 66
46 54 55 56 64
47 49 57 65 67
47 55 56 57 65
48 50 58 66 68
48 56 57 58 66
49 51 59 67 69
49 57 58 59 67
50 52 60 68 70
50 58 59 60 68
51 53 61 69 71
51 59 60 61 69
52 60 61 62 70
54 56 64 72 74
55 57 65 73 75
55 63 64 65 73
56 58 66 74 76
56 64 65 66 74
57 59 67 75 77
57 65 66 67 75
58 60 68 76 78
58 66 67 68 76
59 61 69 77 79
59 67 68 69 77
60 62 70 78 80
60 68 69 70 78
61 69 70 71 79
0 1 2 10
0 1 9 10
0 2 4 20
0 3 6 30
0 3 27 30
0 4 8 40
0 5 45 50
0 7 63 70
0 9 10 18
0 18 20 36
0 27 30 54
0 36 40 72
1 2 3 11
1 2 10 11
1 3 5 21
1 4 7 31
1 4 28 31
1 6 46 51
1 8 64 71
1 19 21 37
1 28 31 55
1 37 41 73
2 3 4 12
2 3 11 12
2 4 6 22
2 5 8 32
2 5 29 32
2 7 47 52
2 29 32 56
2 38 42 74
3 4 5 13
3 4 12 13
3 5 7 23
3 6 30 33
3 8 48 53
3 11 19 27
3 39 43 75
4 5 6 14
4 5 13 14
4 6 8 24
4 7 31 34
5 6 7 15
5 6 14 15
5 8 32 35
5 15 25 35
5 37 41 77
6 7 8 16
6 7 15 16
6 30 33 60
6 38 42 78
7 8 16 17
7 23 25 43
7 31 34 61
7 39 43 79
8 16 17 26
8 24 26 44
8 32 35 62
8 40 44 80
9 10 18 19
9 11 13 29
9 12 15 39
9 12 36 39
9 13 17 49
9 14 54 59
9 16 72 79
9 18 19 27
9 27 29 45
9 36 39 63
10 11 19 20
10 12 14 30
10 13 16 40
10 13 37 40
10 15 55 60
10 17 73 80
10 28 30 46
10 37 40 64
11 12 20 21
11 13 15 31
11 14 17 41
11 14 38 41
11 16 56 61
11 38 41 65
12 13 21 22
12 14 16 32
12 15 39 42
12 17 57 62
13 14 22 23
13 15 17 33
13 16 40 43
13 45 49 53
14 15 23 24
14 17 41 44
15 16 24 25
15 39 42 69
16 17 25 26
16 32 34 52
16 40 43 70
17 25 26 35
17 33 35 53
17 41 44 71
18 19 27 28
18 21 24 48
18 21 45 48
18 22 26 58
18 23 63 68
18 27 28 36
18 36 38 54
18 45 48 72
19 20 28 29
19 22 25 49
19 22 46 49
19 24 64 69
19 37 39 55
19 46 49 73
20 21 29 30
20 23 26 50
20 23 47 50
20 25 65 70
20 47 50 74
21 22 30 31
21 24 48 51
21 26 66 71
22 23 31 32
22 25 49 52
22 54 58 62
23 24 32 33
23 26 50 53
24 25 33 34
24 48 51 78
25 26 34 35
25 41 43 61
25 49 52 79
26 34 35 44
26 42 44 62
26 50 53 80
27 28 36 37
27 30 54 57
27 31 35 67
27 32 72 77
27 36 37 45
27 45 47 63
28 29 37 38
28 31 55 58
28 33 73 78
28 46 48 64
29 30 38 39
29 32 56 59
29 34 74 79
30 31 39 40
30 33 57 60
30 35 75 80
30 54 57 60
31 32 40 41
31 34 58 61
31 55 58 61
31 63 67 71
32 33 41 42
32 35 59 62
32 56 59 62
33 34 42 43
34 35 43 44
34 50 52 70
35 43 44 53
35 51 53 71
36 37 45 46
36 39 63 66
36 45 46 54
36 54 56 72
37 38 46 47
37 40 64 67
37 55 57 73
38 39 47 48
38 41 65 68
39 40 48 49
39 42 66 69
39 63 66 69
40 41 49 50
40 43 67 70
40 64 67 70
40 72 76 80
41 42 50 51
41 44 68 71
41 65 68 71
42 43 51 52
43 44 52 53
43 59 61 79
44 52 53 62
44 60 62 80
45 46 54 55
45 48 72 75
45 54 55 63
45 55 65 75
46 47 55 56
46 49 73 76
47 48 56 57
47 50 74 77
47 63 65 67
48 49 57 58
48 51 75 78
48 64 66 68
48 72 75 78
49 50 58 59
49 52 76 79
49 65 67 69
49 73 76 79
50 51 59 60
50 53 77 80
50 66 68 70
50 74 77 80
51 52 60 61
51 67 69 71
52 53 61 62
53 61 62 71
53 61 69 77
54 55 63 64
54 63 64 72
55 56 64 65
56 57 65 66
56 72 74 76
57 58 66 67
57 73 75 77
58 59 67 68
58 74 76 78
59 60 68 69
59 75 77 79
60 61 69 70
60 76 78 80
61 62 70 71
62 70 71 80
63 64 72 73
64 65 73 74
64 72 73 74
65 66 74 75
65 73 74 75
66 67 75 76
66 74 75 76
67 68 76 77
67 75 76 77
68 69 77 78
68 76 77 78
69 70 78 79
69 77 78 79
70 71 79 80
70 78 79 80
