0 1 2 3 4 5 6 7 8 9 10 11 12 13 14
0 15 30 45 60 75 90 105 120 135 150 165 180 195 210
0 16 32 48 64 80 96 112 128 144 160 176 192 208 224
1 16 31 46 61 76 91 106 121 136 151 166 181 196 211
2 17 32 47 62 77 92 107 122 137 152 167 182 197 212
3 18 33 48 63 78 93 108 123 138 153 168 183 198 213
4 19 34 49 64 79 94 109 124 139 154 169 184 199 214
5 20 35 50 65 80 95 110 125 140 155 170 185 200 215
6 21 36 51 66 81 96 111 126 141 156 171 186 201 216
7 22 37 52 67 82 97 112 127 142 157 172 187 202 217
8 23 38 53 68 83 98 113 128 143 158 173 188 203 218
9 24 39 54 69 84 99 114 129 144 159 174 189 204 219
10 25 40 55 70 85 100 115 130 145 160 175 190 205 220
11 26 41 56 71 86 101 116 131 146 161 176 191 206 221
12 27 42 57 72 87 102 117 132 147 162 177 192 207 222
13 28 43 58 73 88 103 118 133 148 163 178 193 208 223
14 28 42 56 70 84 98 112 126 140 154 168 182 196 210
14 29 44 59 74 89 104 119 134 149 164 179 194 209 224
15 16 17 18 19 20 21 22 23 24 25 26 27 28 29
30 31 32 33 34 35 36 37 38 39 40 41 42 43 44
45 46 47 48 49 50 51 52 53 54 55 56 57 58 59
60 61 62 63 64 65 66 67 68 69 70 71 72 73 74
75 76 77 78 79 80 81 82 83 84 85 86 87 88 89
90 91 92 93 94 95 96 97 98 99 100 101 102 103 104
105 106 107 108 109 110 111 112 113 114 115 116 117 118 119
120 121 122 123 124 125 126 127 128 129 130 131 132 133 134
135 136 137 138 139 140 141 142 143 144 145 146 147 148 149
150 151 152 153 154 155 156 157 158 159 160 161 162 163 164
165 166 167 168 169 170 171 172 173 174 175 176 177 178 179
180 181 182 183 184 185 186 187 188 189 190 191 192 193 194
195 196 197 198 199 200 201 202 203 204 205 206 207 208 209
210 211 212 213 214 215 216 217 218 219 220 221 222 223 224
1 17 33 49 65 81 97 113 129 145 161 177 193 209
13 27 41 55 69 83 97 111 125 139 153 167 181 195
15 31 47 63 79 95 111 127 143 159 175 191 207 223
29 43 57 71 85 99 113 127 141 155 169 183 197 211
2 18 34 50 66 82 98 114 130 146 162 178 194
12 26 40 54 68 82 96 110 124 138 152 166 180
30 46 62 78 94 110 126 142 158 174 190 206 222
44 58 72 86 100 114 128 142 156 170 184 198 212
3 19 35 51 67 83 99 115 131 147 163 179
11 25 39 53 67 81 95 109 123 137 151 165
45 61 77 93 109 125 141 157 173 189 205 221
59 73 87 101 115 129 143 157 171 185 199 213
4 20 36 52 68 84 100 116 132 148 164
10 24 38 52 66 80 94 108 122 136 150
60 76 92 108 124 140 156 172 188 204 220
74 88 102 116 130 144 158 172 186 200 214
5 21 37 53 69 85 101 117 133 149
9 23 37 51 65 79 93 107 121 135
75 91 107 123 139 155 171 187 203 219
89 103 117 131 145 159 173 187 201 215
6 22 38 54 70 86 102 118 134
8 22 36 50 64 78 92 106 120
90 106 122 138 154 170 186 202 218
104 118 132 146 160 174 188 202 216
7 21 35 49 63 77 91 105
7 23 39 55 71 87 103 119
105 121 137 153 169 185 201 217
119 133 147 161 175 189 203 217
6 20 34 48 62 76 90
8 24 40 56 72 88 104
120 136 152 168 184 200 216
134 148 162 176 190 204 218
5 19 33 47 61 75
9 25 41 57 73 89
135 151 167 183 199 215
149 163 177 191 205 219
0 2 16 30 32
0 4 32 60 64
0 6 48 90 96
0 8 64 120 128
0 10 80 150 160
0 12 96 180 192
0 14 112 210 224
1 3 17 31 33
1 5 33 61 65
1 7 49 91 97
1 9 65 121 129
1 11 81 151 161
1 13 97 181 193
1 15 16 17 31
2 4 18 32 34
2 6 34 62 66
2 8 50 92 98
2 10 66 122 130
2 12 82 152 162
2 14 98 182 194
2 16 17 18 32
2 30 32 34 62
3 5 19 33 35
3 7 35 63 67
3 9 51 93 99
3 11 67 123 131
3 13 83 153 163
3 17 18 19 33
3 31 33 35 63
3 45 48 51 93
4 6 20 34 36
4 8 36 64 68
4 10 52 94 100
4 12 68 124 132
4 14 84 154 164
4 18 19 20 34
4 18 32 46 60
4 32 34 36 64
4 46 49 52 94
4 60 64 68 124
5 7 21 35 37
5 9 37 65 69
5 11 53 95 101
5 13 69 125 133
5 19 20 21 35
5 33 35 37 65
5 47 50 53 95
5 61 65 69 125
5 75 80 85 155
6 8 22 36 38
6 10 38 66 70
6 12 54 96 102
6 14 70 126 134
6 20 21 22 36
6 34 36 38 66
6 48 51 54 96
6 62 66 70 126
6 76 81 86 156
6 90 96 102 186
7 9 23 37 39
7 11 39 67 71
7 13 55 97 103
7 21 22 23 37
7 35 37 39 67
7 49 52 55 97
7 63 67 71 127
7 77 82 87 157
7 91 97 103 187
7 105 112 119 217
8 10 24 38 40
8 12 40 68 72
8 14 56 98 104
8 22 23 24 38
8 36 38 40 68
8 50 53 56 98
8 64 68 72 128
8 78 83 88 158
8 92 98 104 188
9 11 25 39 41
9 13 41 69 73
9 23 24 25 39
9 37 39 41 69
9 51 54 57 99
9 65 69 73 129
9 79 84 89 159
10 12 26 40 42
10 14 42 70 74
10 24 25 26 40
10 26 42 58 74
10 38 40 42 70
10 52 55 58 100
10 66 70 74 130
11 13 27 41 43
11 25 26 27 41
11 39 41 43 71
11 53 56 59 101
12 14 28 42 44
12 26 27 28 42
12 40 42 44 72
13 27 28 29 43
15 17 31 45 47
15 19 47 75 79
15 21 63 105 111
15 23 79 135 143
15 25 95 165 175
15 27 111 195 207
16 18 32 46 48
16 20 48 76 80
16 22 64 106 112
16 24 80 136 144
16 26 96 166 176
16 28 112 196 208
16 30 31 32 46
17 19 33 47 49
17 21 49 77 81
17 23 65 107 113
17 25 81 137 145
17 27 97 167 177
17 29 113 197 209
17 31 32 33 47
17 45 47 49 77
18 20 34 48 50
18 22 50 78 82
18 24 66 108 114
18 26 82 138 146
18 28 98 168 178
18 32 33 34 48
18 46 48 50 78
18 60 63 66 108
19 21 35 49 51
19 23 51 79 83
19 25 67 109 115
19 27 83 139 147
19 29 99 169 179
19 33 34 35 49
19 47 49 51 79
19 61 64 67 109
19 75 79 83 139
20 22 36 50 52
20 24 52 80 84
20 26 68 110 116
20 28 84 140 148
20 34 35 36 50
20 48 50 52 80
20 62 65 68 110
20 76 80 84 140
20 90 95 100 170
21 23 37 51 53
21 25 53 81 85
21 27 69 111 117
21 29 85 141 149
21 35 36 37 51
21 49 51 53 81
21 63 66 69 111
21 77 81 85 141
21 91 96 101 171
21 105 111 117 201
22 24 38 52 54
22 26 54 82 86
22 28 70 112 118
22 36 37 38 52
22 50 52 54 82
22 64 67 70 112
22 78 82 86 142
22 92 97 102 172
22 106 112 118 202
23 25 39 53 55
23 27 55 83 87
23 29 71 113 119
23 37 38 39 53
23 51 53 55 83
23 65 68 71 113
23 79 83 87 143
23 93 98 103 173
23 107 113 119 203
24 26 40 54 56
24 28 56 84 88
24 38 39 40 54
24 52 54 56 84
24 66 69 72 114
24 80 84 88 144
24 94 99 104 174
25 27 41 55 57
25 29 57 85 89
25 39 40 41 55
25 53 55 57 85
25 67 70 73 115
25 81 85 89 145
26 28 42 56 58
26 40 41 42 56
26 54 56 58 86
26 68 71 74 116
27 29 43 57 59
27 41 42 43 57
27 55 57 59 87
28 42 43 44 58
30 32 46 60 62
30 34 62 90 94
30 36 78 120 126
30 38 94 150 158
30 40 110 180 190
30 42 126 210 222
31 33 47 61 63
31 35 63 91 95
31 37 79 121 127
31 39 95 151 159
31 41 111 181 191
31 43 127 211 223
31 45 46 47 61
32 34 48 62 64
32 36 64 92 96
32 38 80 122 128
32 40 96 152 160
32 42 112 182 192
32 44 128 212 224
32 46 47 48 62
32 60 62 64 92
33 35 49 63 65
33 37 65 93 97
33 39 81 123 129
33 41 97 153 161
33 43 113 183 193
33 47 48 49 63
33 61 63 65 93
33 75 78 81 123
34 36 50 64 66
34 38 66 94 98
34 40 82 124 130
34 42 98 154 162
34 44 114 184 194
34 48 49 50 64
34 62 64 66 94
34 76 79 82 124
34 90 94 98 154
35 37 51 65 67
35 39 67 95 99
35 41 83 125 131
35 43 99 155 163
35 49 50 51 65
35 63 65 67 95
35 77 80 83 125
35 91 95 99 155
35 105 110 115 185
36 38 52 66 68
36 40 68 96 100
36 42 84 126 132
36 44 100 156 164
36 50 51 52 66
36 64 66 68 96
36 78 81 84 126
36 92 96 100 156
36 106 111 116 186
36 120 126 132 216
37 39 53 67 69
37 41 69 97 101
37 43 85 127 133
37 51 52 53 67
37 65 67 69 97
37 79 82 85 127
37 93 97 101 157
37 107 112 117 187
37 121 127 133 217
38 40 54 68 70
38 42 70 98 102
38 44 86 128 134
38 52 53 54 68
38 66 68 70 98
38 80 83 86 128
38 94 98 102 158
38 108 113 118 188
38 122 128 134 218
39 41 55 69 71
39 43 71 99 103
39 53 54 55 69
39 67 69 71 99
39 81 84 87 129
39 95 99 103 159
39 109 114 119 189
40 42 56 70 72
40 44 72 100 104
40 54 55 56 70
40 68 70 72 100
40 82 85 88 130
40 96 100 104 160
41 43 57 71 73
41 55 56 57 71
41 69 71 73 101
41 83 86 89 131
42 44 58 72 74
42 56 57 58 72
42 70 72 74 102
43 57 58 59 73
45 47 61 75 77
45 49 77 105 109
45 51 93 135 141
45 53 109 165 173
45 55 125 195 205
46 48 62 76 78
46 50 78 106 110
46 52 94 136 142
46 54 110 166 174
46 56 126 196 206
46 60 61 62 76
47 49 63 77 79
47 51 79 107 111
47 53 95 137 143
47 55 111 167 175
47 57 127 197 207
47 61 62 63 77
47 75 77 79 107
48 50 64 78 80
48 52 80 108 112
48 54 96 138 144
48 56 112 168 176
48 58 128 198 208
48 62 63 64 78
48 76 78 80 108
48 90 93 96 138
49 51 65 79 81
49 53 81 109 113
49 55 97 139 145
49 57 113 169 177
49 59 129 199 209
49 63 64 65 79
49 77 79 81 109
49 91 94 97 139
49 105 109 113 169
50 52 66 80 82
50 54 82 110 114
50 56 98 140 146
50 58 114 170 178
50 64 65 66 80
50 78 80 82 110
50 92 95 98 140
50 106 110 114 170
50 120 125 130 200
51 53 67 81 83
51 55 83 111 115
51 57 99 141 147
51 59 115 171 179
51 65 66 67 81
51 79 81 83 111
51 93 96 99 141
51 107 111 115 171
51 121 126 131 201
52 54 68 82 84
52 56 84 112 116
52 58 100 142 148
52 66 67 68 82
52 80 82 84 112
52 94 97 100 142
52 108 112 116 172
52 122 127 132 202
53 55 69 83 85
53 57 85 113 117
53 59 101 143 149
53 67 68 69 83
53 81 83 85 113
53 95 98 101 143
53 109 113 117 173
53 123 128 133 203
54 56 70 84 86
54 58 86 114 118
54 68 69 70 84
54 82 84 86 114
54 96 99 102 144
54 110 114 118 174
54 124 129 134 204
55 57 71 85 87
55 59 87 115 119
55 69 70 71 85
55 83 85 87 115
55 97 100 103 145
55 111 115 119 175
56 58 72 86 88
56 70 71 72 86
56 84 86 88 116
56 98 101 104 146
57 59 73 87 89
57 71 72 73 87
57 85 87 89 117
58 72 73 74 88
60 62 76 90 92
60 64 92 120 124
60 66 108 150 156
60 68 124 180 188
60 70 140 210 220
61 63 77 91 93
61 65 93 121 125
61 67 109 151 157
61 69 125 181 189
61 71 141 211 221
61 75 76 77 91
62 64 78 92 94
62 66 94 122 126
62 68 110 152 158
62 70 126 182 190
62 72 142 212 222
62 76 77 78 92
62 90 92 94 122
63 65 79 93 95
63 67 95 123 127
63 69 111 153 159
63 71 127 183 191
63 73 143 213 223
63 77 78 79 93
63 91 93 95 123
63 105 108 111 153
64 66 80 94 96
64 68 96 124 128
64 70 112 154 160
64 72 128 184 192
64 74 144 214 224
64 78 79 80 94
64 92 94 96 124
64 106 109 112 154
64 120 124 128 184
65 67 81 95 97
65 69 97 125 129
65 71 113 155 161
65 73 129 185 193
65 79 80 81 95
65 93 95 97 125
65 107 110 113 155
65 121 125 129 185
65 135 140 145 215
66 68 82 96 98
66 70 98 126 130
66 72 114 156 162
66 74 130 186 194
66 80 81 82 96
66 94 96 98 126
66 108 111 114 156
66 122 126 130 186
66 136 141 146 216
67 69 83 97 99
67 71 99 127 131
67 73 115 157 163
67 81 82 83 97
67 95 97 99 127
67 109 112 115 157
67 123 127 131 187
67 137 142 147 217
68 70 84 98 100
68 72 100 128 132
68 74 116 158 164
68 82 83 84 98
68 96 98 100 128
68 110 113 116 158
68 124 128 132 188
68 138 143 148 218
69 71 85 99 101
69 73 101 129 133
69 83 84 85 99
69 97 99 101 129
69 111 114 117 159
69 125 129 133 189
69 139 144 149 219
70 72 86 100 102
70 74 102 130 134
70 84 85 86 100
70 98 100 102 130
70 112 115 118 160
70 126 130 134 190
71 73 87 101 103
71 85 86 87 101
71 99 101 103 131
71 113 116 119 161
72 74 88 102 104
72 86 87 88 102
72 100 102 104 132
73 87 88 89 103
75 77 91 105 107
75 79 107 135 139
75 81 123 165 171
75 83 139 195 203
76 78 92 106 108
76 80 108 136 140
76 82 124 166 172
76 84 140 196 204
76 90 91 92 106
77 79 93 107 109
77 81 109 137 141
77 83 125 167 173
77 85 141 197 205
77 91 92 93 107
77 105 107 109 137
78 80 94 108 110
78 82 110 138 142
78 84 126 168 174
78 86 142 198 206
78 92 93 94 108
78 106 108 110 138
78 120 123 126 168
79 81 95 109 111
79 83 111 139 143
79 85 127 169 175
79 87 143 199 207
79 93 94 95 109
79 107 109 111 139
79 121 124 127 169
79 135 139 143 199
80 82 96 110 112
80 84 112 140 144
80 86 128 170 176
80 88 144 200 208
80 94 95 96 110
80 108 110 112 140
80 122 125 128 170
80 136 140 144 200
81 83 97 111 113
81 85 113 141 145
81 87 129 171 177
81 89 145 201 209
81 95 96 97 111
81 109 111 113 141
81 123 126 129 171
81 137 141 145 201
82 84 98 112 114
82 86 114 142 146
82 88 130 172 178
82 96 97 98 112
82 110 112 114 142
82 124 127 130 172
82 138 142 146 202
83 85 99 113 115
83 87 115 143 147
83 89 131 173 179
83 97 98 99 113
83 111 113 115 143
83 125 128 131 173
83 139 143 147 203
84 86 100 114 116
84 88 116 144 148
84 98 99 100 114
84 112 114 116 144
84 126 129 132 174
84 140 144 148 204
85 87 101 115 117
85 89 117 145 149
85 99 100 101 115
85 113 115 117 145
85 127 130 133 175
85 141 145 149 205
86 88 102 116 118
86 100 101 102 116
86 114 116 118 146
86 128 131 134 176
87 89 103 117 119
87 101 102 103 117
87 115 117 119 147
88 102 103 104 118
90 92 106 120 122
90 94 122 150 154
90 96 138 180 186
90 98 154 210 218
91 93 107 121 123
91 95 123 151 155
91 97 139 181 187
91 99 155 211 219
91 105 106 107 121
92 94 108 122 124
92 96 124 152 156
92 98 140 182 188
92 100 156 212 220
92 106 107 108 122
92 120 122 124 152
93 95 109 123 125
93 97 125 153 157
93 99 141 183 189
93 101 157 213 221
93 107 108 109 123
93 121 123 125 153
93 135 138 141 183
94 96 110 124 126
94 98 126 154 158
94 100 142 184 190
94 102 158 214 222
94 108 109 110 124
94 122 124 126 154
94 136 139 142 184
94 150 154 158 214
95 97 111 125 127
95 99 127 155 159
95 101 143 185 191
95 103 159 215 223
95 109 110 111 125
95 123 125 127 155
95 137 140 143 185
95 151 155 159 215
96 98 112 126 128
96 100 128 156 160
96 102 144 186 192
96 104 160 216 224
96 110 111 112 126
96 124 126 128 156
96 138 141 144 186
96 152 156 160 216
97 99 113 127 129
97 101 129 157 161
97 103 145 187 193
97 111 112 113 127
97 125 127 129 157
97 139 142 145 187
97 153 157 161 217
98 100 114 128 130
98 102 130 158 162
98 104 146 188 194
98 112 113 114 128
98 126 128 130 158
98 140 143 146 188
98 154 158 162 218
99 101 115 129 131
99 103 131 159 163
99 113 114 115 129
99 127 129 131 159
99 141 144 147 189
99 155 159 163 219
100 102 116 130 132
100 104 132 160 164
100 114 115 116 130
100 128 130 132 160
100 142 145 148 190
100 156 160 164 220
101 103 117 131 133
101 115 116 117 131
101 129 131 133 161
101 143 146 149 191
102 104 118 132 134
102 116 117 118 132
102 130 132 134 162
103 117 118 119 133
105 107 121 135 137
105 109 137 165 169
105 111 153 195 201
106 108 122 136 138
106 110 138 166 170
106 112 154 196 202
106 120 121 122 136
107 109 123 137 139
107 111 139 167 171
107 113 155 197 203
107 121 122 123 137
107 135 137 139 167
108 110 124 138 140
108 112 140 168 172
108 114 156 198 204
108 122 123 124 138
108 136 138 140 168
108 150 153 156 198
109 111 125 139 141
109 113 141 169 173
109 115 157 199 205
109 123 124 125 139
109 137 139 141 169
109 151 154 157 199
110 112 126 140 142
110 114 142 170 174
110 116 158 200 206
110 124 125 126 140
110 138 140 142 170
110 152 155 158 200
111 113 127 141 143
111 115 143 171 175
111 117 159 201 207
111 125 126 127 141
111 139 141 143 171
111 153 156 159 201
112 114 128 142 144
112 116 144 172 176
112 118 160 202 208
112 126 127 128 142
112 140 142 144 172
112 154 157 160 202
113 115 129 143 145
113 117 145 173 177
113 119 161 203 209
113 127 128 129 143
113 141 143 145 173
113 155 158 161 203
114 116 130 144 146
114 118 146 174 178
114 128 129 130 144
114 142 144 146 174
114 156 159 162 204
115 117 131 145 147
115 119 147 175 179
115 129 130 131 145
115 143 145 147 175
115 157 160 163 205
116 118 132 146 148
116 130 131 132 146
116 144 146 148 176
116 158 161 164 206
117 119 133 147 149
117 131 132 133 147
117 145 147 149 177
118 132 133 134 148
120 122 136 150 152
120 124 152 180 184
120 126 168 210 216
121 123 137 151 153
121 125 153 181 185
121 127 169 211 217
121 135 136 137 151
122 124 138 152 154
122 126 154 182 186
122 128 170 212 218
122 136 137 138 152
122 150 152 154 182
123 125 139 153 155
123 127 155 183 187
123 129 171 213 219
123 137 138 139 153
123 151 153 155 183
123 165 168 171 213
124 126 140 154 156
124 128 156 184 188
124 130 172 214 220
124 138 139 140 154
124 152 154 156 184
124 166 169 172 214
125 127 141 155 157
125 129 157 185 189
125 131 173 215 221
125 139 140 141 155
125 153 155 157 185
125 167 170 173 215
126 128 142 156 158
126 130 158 186 190
126 132 174 216 222
126 140 141 142 156
126 154 156 158 186
126 168 171 174 216
127 129 143 157 159
127 131 159 187 191
127 133 175 217 223
127 141 142 143 157
127 155 157 159 187
127 169 172 175 217
128 130 144 158 160
128 132 160 188 192
128 134 176 218 224
128 142 143 144 158
128 156 158 160 188
128 170 173 176 218
129 131 145 159 161
129 133 161 189 193
129 143 144 145 159
129 157 159 161 189
129 171 174 177 219
130 132 146 160 162
130 134 162 190 194
130 144 145 146 160
130 158 160 162 190
130 172 175 178 220
131 133 147 161 163
131 145 146 147 161
131 159 161 163 191
131 173 176 179 221
132 134 148 162 164
132 146 147 148 162
132 160 162 164 192
133 147 148 149 163
135 137 151 165 167
135 139 167 195 199
136 138 152 166 168
136 140 168 196 200
136 150 151 152 166
137 139 153 167 169
137 141 169 197 201
137 151 152 153 167
137 165 167 169 197
138 140 154 168 170
138 142 170 198 202
138 152 153 154 168
138 166 168 170 198
139 141 155 169 171
139 143 171 199 203
139 153 154 155 169
139 167 169 171 199
140 142 156 170 172
140 144 172 200 204
140 154 155 156 170
140 168 170 172 200
141 143 157 171 173
141 145 173 201 205
141 155 156 157 171
141 169 171 173 201
142 144 158 172 174
142 146 174 202 206
142 156 157 158 172
142 170 172 174 202
143 145 159 173 175
143 147 175 203 207
143 157 158 159 173
143 171 173 175 203
144 146 160 174 176
144 148 176 204 208
144 158 159 160 174
144 172 174 176 204
145 147 161 175 177
145 149 177 205 209
145 159 160 161 175
145 173 175 177 205
146 148 162 176 178
146 160 161 162 176
146 174 176 178 206
147 149 163 177 179
147 161 162 163 177
147 175 177 179 207
148 162 163 164 178
150 152 166 180 182
150 154 182 210 214
150 166 182 198 214
151 153 167 181 183
151 155 183 211 215
151 165 166 167 181
152 154 168 182 184
152 156 184 212 216
152 166 167 168 182
152 180 182 184 212
153 155 169 183 185
153 157 185 213 217
153 167 168 169 183
153 181 183 185 213
154 156 170 184 186
154 158 186 214 218
154 168 169 170 184
154 182 184 186 214
155 157 171 185 187
155 159 187 215 219
155 169 170 171 185
155 183 185 187 215
156 158 172 186 188
156 160 188 216 220
156 170 171 172 186
156 184 186 188 216
157 159 173 187 189
157 161 189 217 221
157 171 172 173 187
157 185 187 189 217
158 160 174 188 190
158 162 190 218 222
158 172 173 174 188
158 186 188 190 218
159 161 175 189 191
159 163 191 219 223
159 173 174 175 189
159 187 189 191 219
160 162 176 190 192
160 164 192 220 224
160 174 175 176 190
160 188 190 192 220
161 163 177 191 193
161 175 176 177 191
161 189 191 193 221
162 164 178 192 194
162 176 177 178 192
162 190 192 194 222
163 177 178 179 193
164 178 192 206 220
165 167 181 195 197
166 168 182 196 198
166 180 181 182 196
167 169 183 197 199
167 181 182 183 197
168 170 184 198 200
168 182 183 184 198
169 171 185 199 201
169 183 184 185 199
170 172 186 200 202
170 184 185 186 200
171 173 187 201 203
171 185 186 187 201
172 174 188 202 204
172 186 187 188 202
173 175 189 203 205
173 187 188 189 203
174 176 190 204 206
174 188 189 190 204
175 177 191 205 207
175 189 190 191 205
176 178 192 206 208
176 190 191 192 206
177 179 193 207 209
177 191 192 193 207
178 192 193 194 208
180 182 196 210 212
181 183 197 211 213
181 195 196 197 211
182 184 198 212 214
182 196 197 198 212
183 185 199 213 215
183 197 198 199 213
184 186 200 214 216
184 198 199 200 214
185 187 201 215 217
185 199 200 201 215
186 188 202 216 218
186 200 201 202 216
187 189 203 217 219
187 201 202 203 217
188 190 204 218 220
188 202 203 204 218
189 191 205 219 221
189 203 204 205 219
190 192 206 220 222
190 204 205 206 220
191 193 207 221 223
191 205 206 207 221
192 194 208 222 224
192 206 207 208 222
193 207 208 209 223
0 1 2 16
0 1 15 16
0 2 4 32
0 3 6 48
0 3 45 48
0 4 8 64
0 5 10 80
0 5 75 80
0 6 12 96
0 7 14 112
0 7 105 112
0 9 135 144
0 11 165 176
0 13 195 208
0 15 16 30
0 30 32 60
0 45 48 90
0 60 64 120
0 75 80 150
0 90 96 180
0 105 112 210
1 2 3 17
1 2 16 17
1 3 5 33
1 4 7 49
1 4 46 49
1 5 9 65
1 6 11 81
1 6 76 81
1 7 13 97
1 8 106 113
1 10 136 145
1 12 166 177
1 14 196 209
1 31 33 61
1 46 49 91
1 61 65 121
1 76 81 151
1 91 97 181
1 106 113 211
2 3 4 18
2 3 17 18
2 4 6 34
2 5 8 50
2 5 47 50
2 6 10 66
2 7 12 82
2 7 77 82
2 8 14 98
2 9 107 114
2 11 137 146
2 13 167 178
2 47 50 92
2 62 66 122
2 77 82 152
2 92 98 182
2 107 114 212
3 4 5 19
3 4 18 19
3 5 7 35
3 6 9 51
3 6 48 51
3 7 11 67
3 8 13 83
3 8 78 83
3 10 108 115
3 12 138 147
3 14 168 179
3 17 31 45
3 63 67 123
3 78 83 153
3 93 99 183
3 108 115 213
4 5 6 20
4 5 19 20
4 6 8 36
4 7 10 52
4 7 49 52
4 8 12 68
4 9 14 84
4 9 79 84
4 11 109 116
4 13 139 148
4 79 84 154
4 94 100 184
4 109 116 214
5 6 7 21
5 6 20 21
5 7 9 37
5 8 11 53
5 8 50 53
5 9 13 69
5 10 80 85
5 12 110 117
5 14 140 149
5 95 101 185
5 110 117 215
6 7 8 22
6 7 21 22
6 8 10 38
6 9 12 54
6 9 51 54
6 10 14 70
6 11 81 86
6 13 111 118
6 111 118 216
7 8 9 23
7 8 22 23
7 9 11 39
7 10 13 55
7 10 52 55
7 12 82 87
7 14 112 119
8 9 10 24
8 9 23 24
8 10 12 40
8 11 14 56
8 11 53 56
8 13 83 88
8 106 113 218
9 10 11 25
9 10 24 25
9 11 13 41
9 12 54 57
9 14 84 89
9 93 99 189
9 107 114 219
10 11 12 26
10 11 25 26
10 12 14 42
10 13 55 58
10 80 85 160
10 94 100 190
10 108 115 220
11 12 13 27
11 12 26 27
11 14 56 59
11 27 43 59
11 67 71 131
11 81 86 161
11 95 101 191
11 109 116 221
12 13 14 28
12 13 27 28
12 54 57 102
12 68 72 132
12 82 87 162
12 96 102 192
12 110 117 222
13 14 28 29
13 41 43 73
13 55 58 103
13 69 73 133
13 83 88 163
13 97 103 193
13 111 118 223
14 28 29 44
14 42 44 74
14 56 59 104
14 70 74 134
14 84 89 164
14 98 104 194
14 112 119 224
15 16 30 31
15 17 19 47
15 18 21 63
15 18 60 63
15 19 23 79
15 20 25 95
15 20 90 95
15 21 27 111
15 22 29 127
15 22 120 127
15 24 150 159
15 26 180 191
15 28 210 223
15 30 31 45
15 45 47 75
15 60 63 105
15 75 79 135
15 90 95 165
15 105 111 195
16 17 31 32
16 18 20 48
16 19 22 64
16 19 61 64
16 20 24 80
16 21 26 96
16 21 91 96
16 22 28 112
16 23 121 128
16 25 151 160
16 27 181 192
16 29 211 224
16 46 48 76
16 61 64 106
16 76 80 136
16 91 96 166
16 106 112 196
17 18 32 33
17 19 21 49
17 20 23 65
17 20 62 65
17 21 25 81
17 22 27 97
17 22 92 97
17 23 29 113
17 24 122 129
17 26 152 161
17 28 182 193
17 62 65 107
17 77 81 137
17 92 97 167
17 107 113 197
18 19 33 34
18 20 22 50
18 21 24 66
18 21 63 66
18 22 26 82
18 23 28 98
18 23 93 98
18 25 123 130
18 27 153 162
18 29 183 194
18 78 82 138
18 93 98 168
18 108 114 198
19 20 34 35
19 21 23 51
19 22 25 67
19 22 64 67
19 23 27 83
19 24 29 99
19 24 94 99
19 26 124 131
19 28 154 163
19 94 99 169
19 109 115 199
20 21 35 36
20 22 24 52
20 23 26 68
20 23 65 68
20 24 28 84
20 25 95 100
20 27 125 132
20 29 155 164
20 110 116 200
21 22 36 37
21 23 25 53
21 24 27 69
21 24 66 69
21 25 29 85
21 26 96 101
21 28 126 133
22 23 37 38
22 24 26 54
22 25 28 70
22 25 67 70
22 27 97 102
22 29 127 134
22 120 127 134
23 24 38 39
23 25 27 55
23 26 29 71
23 26 68 71
23 28 98 103
24 25 39 40
24 26 28 56
24 27 69 72
24 29 99 104
24 108 114 204
25 26 40 41
25 27 29 57
25 28 70 73
25 95 100 175
25 109 115 205
26 27 41 42
26 29 71 74
26 82 86 146
26 96 101 176
26 110 116 206
27 28 42 43
27 69 72 117
27 83 87 147
27 97 102 177
27 111 117 207
28 29 43 44
28 56 58 88
28 70 73 118
28 84 88 148
28 98 103 178
28 112 118 208
29 43 44 59
29 57 59 89
29 71 74 119
29 85 89 149
29 99 104 179
29 113 119 209
30 31 45 46
30 33 36 78
30 33 75 78
30 34 38 94
30 35 40 110
30 35 105 110
30 36 42 126
30 37 44 142
30 37 135 142
30 39 165 174
30 41 195 206
30 45 46 60
30 60 62 90
30 75 78 120
30 90 94 150
30 105 110 180
30 120 126 210
31 32 46 47
31 34 37 79
31 34 76 79
31 35 39 95
31 36 41 111
31 36 106 111
31 37 43 127
31 38 136 143
31 40 166 175
31 42 196 207
31 61 63 91
31 76 79 121
31 91 95 151
31 106 111 181
31 121 127 211
32 33 47 48
32 35 38 80
32 35 77 80
32 36 40 96
32 37 42 112
32 37 107 112
32 38 44 128
32 39 137 144
32 41 167 176
32 43 197 208
32 77 80 122
32 92 96 152
32 107 112 182
32 122 128 212
33 34 48 49
33 36 39 81
33 36 78 81
33 37 41 97
33 38 43 113
33 38 108 113
33 40 138 145
33 42 168 177
33 44 198 209
33 93 97 153
33 108 113 183
33 123 129 213
34 35 49 50
34 37 40 82
34 37 79 82
34 38 42 98
34 39 44 114
34 39 109 114
34 41 139 146
34 43 169 178
34 109 114 184
34 124 130 214
35 36 50 51
35 38 41 83
35 38 80 83
35 39 43 99
35 40 110 115
35 42 140 147
35 44 170 179
35 125 131 215
36 37 51 52
36 39 42 84
36 39 81 84
36 40 44 100
36 41 111 116
36 43 141 148
37 38 52 53
37 40 43 85
37 40 82 85
37 42 112 117
37 44 142 149
37 135 142 149
38 39 53 54
38 41 44 86
38 41 83 86
38 43 113 118
39 40 54 55
39 42 84 87
39 44 114 119
39 123 129 219
40 41 55 56
40 43 85 88
40 110 115 190
40 124 130 220
41 42 56 57
41 44 86 89
41 97 101 161
41 111 116 191
41 125 131 221
42 43 57 58
42 84 87 132
42 98 102 162
42 112 117 192
42 126 132 222
43 44 58 59
43 71 73 103
43 85 88 133
43 99 103 163
43 113 118 193
43 127 133 223
44 58 59 74
44 72 74 104
44 86 89 134
44 100 104 164
44 114 119 194
44 128 134 224
45 46 60 61
45 48 90 93
45 49 53 109
45 50 55 125
45 50 120 125
45 51 57 141
45 52 59 157
45 52 150 157
45 54 180 189
45 56 210 221
45 60 61 75
45 75 77 105
45 90 93 135
45 105 109 165
45 120 125 195
46 47 61 62
46 49 91 94
46 50 54 110
46 51 56 126
46 51 121 126
46 52 58 142
46 53 151 158
46 55 181 190
46 57 211 222
46 76 78 106
46 91 94 136
46 106 110 166
46 121 126 196
47 48 62 63
47 50 92 95
47 51 55 111
47 52 57 127
47 52 122 127
47 53 59 143
47 54 152 159
47 56 182 191
47 58 212 223
47 92 95 137
47 107 111 167
47 122 127 197
48 49 63 64
48 51 93 96
48 52 56 112
48 53 58 128
48 53 123 128
48 55 153 160
48 57 183 192
48 59 213 224
48 108 112 168
48 123 128 198
49 50 64 65
49 52 94 97
49 53 57 113
49 54 59 129
49 54 124 129
49 56 154 161
49 58 184 193
49 124 129 199
50 51 65 66
50 53 95 98
50 54 58 114
50 55 125 130
50 57 155 162
50 59 185 194
51 52 66 67
51 54 96 99
51 55 59 115
51 56 126 131
51 58 156 163
51 135 141 147
52 53 67 68
52 55 97 100
52 57 127 132
52 59 157 164
52 136 142 148
52 150 157 164
53 54 68 69
53 56 98 101
53 58 128 133
53 137 143 149
54 55 69 70
54 57 99 102
54 59 129 134
55 56 70 71
55 58 100 103
55 125 130 205
56 57 71 72
56 59 101 104
56 112 116 176
56 126 131 206
57 58 72 73
57 99 102 147
57 113 117 177
57 127 132 207
58 59 73 74
58 86 88 118
58 100 103 148
58 114 118 178
58 128 133 208
59 73 74 89
59 87 89 119
59 101 104 149
59 115 119 179
59 129 134 209
60 61 75 76
60 63 105 108
60 65 70 140
60 65 135 140
60 66 72 156
60 67 74 172
60 67 165 172
60 69 195 204
60 75 76 90
60 90 92 120
60 105 108 150
60 120 124 180
60 135 140 210
61 62 76 77
61 64 106 109
61 66 71 141
61 66 136 141
61 67 73 157
61 68 166 173
61 70 196 205
61 91 93 121
61 106 109 151
61 121 125 181
61 136 141 211
62 63 77 78
62 65 107 110
62 67 72 142
62 67 137 142
62 68 74 158
62 69 167 174
62 71 197 206
62 107 110 152
62 122 126 182
62 137 142 212
63 64 78 79
63 66 108 111
63 68 73 143
63 68 138 143
63 70 168 175
63 72 198 207
63 123 127 183
63 138 143 213
64 65 79 80
64 67 109 112
64 69 74 144
64 69 139 144
64 71 169 176
64 73 199 208
64 139 144 214
65 66 80 81
65 68 110 113
65 70 140 145
65 72 170 177
65 74 200 209
66 67 81 82
66 69 111 114
66 71 141 146
66 73 171 178
66 150 156 162
67 68 82 83
67 70 112 115
67 72 142 147
67 74 172 179
67 151 157 163
67 165 172 179
68 69 83 84
68 71 113 116
68 73 143 148
68 152 158 164
69 70 84 85
69 72 114 117
69 74 144 149
70 71 85 86
70 73 115 118
70 140 145 220
71 72 86 87
71 74 116 119
71 127 131 191
71 141 146 221
72 73 87 88
72 114 117 162
72 128 132 192
72 142 147 222
73 74 88 89
73 101 103 133
73 115 118 163
73 129 133 193
73 143 148 223
74 88 89 104
74 102 104 134
74 116 119 164
74 130 134 194
74 144 149 224
75 76 90 91
75 78 120 123
75 80 150 155
75 81 87 171
75 82 89 187
75 82 180 187
75 84 210 219
75 90 91 105
75 105 107 135
75 120 123 165
75 135 139 195
76 77 91 92
76 79 121 124
76 81 151 156
76 82 88 172
76 83 181 188
76 85 211 220
76 106 108 136
76 121 124 166
76 136 140 196
77 78 92 93
77 80 122 125
77 82 152 157
77 83 89 173
77 84 182 189
77 86 212 221
77 122 125 167
77 137 141 197
78 79 93 94
78 81 123 126
78 83 153 158
78 85 183 190
78 87 213 222
78 138 142 198
79 80 94 95
79 82 124 127
79 84 154 159
79 86 184 191
79 88 214 223
80 81 95 96
80 83 125 128
80 85 155 160
80 87 185 192
80 89 215 224
80 150 155 160
81 82 96 97
81 84 126 129
81 86 156 161
81 88 186 193
81 151 156 161
81 165 171 177
82 83 97 98
82 85 127 130
82 87 157 162
82 89 187 194
82 152 157 162
82 166 172 178
82 180 187 194
83 84 98 99
83 86 128 131
83 88 158 163
83 153 158 163
83 167 173 179
84 85 99 100
84 87 129 132
84 89 159 164
84 154 159 164
85 86 100 101
85 88 130 133
86 87 101 102
86 89 131 134
86 142 146 206
87 88 102 103
87 129 132 177
87 143 147 207
88 89 103 104
88 116 118 148
88 130 133 178
88 144 148 208
89 103 104 119
89 117 119 149
89 131 134 179
89 145 149 209
90 91 105 106
90 93 135 138
90 95 165 170
90 97 104 202
90 97 195 202
90 105 106 120
90 120 122 150
90 135 138 180
90 150 154 210
91 92 106 107
91 94 136 139
91 96 166 171
91 98 196 203
91 121 123 151
91 136 139 181
91 151 155 211
92 93 107 108
92 95 137 140
92 97 167 172
92 99 197 204
92 137 140 182
92 152 156 212
93 94 108 109
93 96 138 141
93 98 168 173
93 100 198 205
93 153 157 213
94 95 109 110
94 97 139 142
94 99 169 174
94 101 199 206
95 96 110 111
95 98 140 143
95 100 170 175
95 102 200 207
95 165 170 175
96 97 111 112
96 99 141 144
96 101 171 176
96 103 201 208
96 166 171 176
96 180 186 192
97 98 112 113
97 100 142 145
97 102 172 177
97 104 202 209
97 167 172 177
97 181 187 193
97 195 202 209
98 99 113 114
98 101 143 146
98 103 173 178
98 168 173 178
98 182 188 194
99 100 114 115
99 102 144 147
99 104 174 179
99 169 174 179
100 101 115 116
100 103 145 148
101 102 116 117
101 104 146 149
101 157 161 221
102 103 117 118
102 144 147 192
102 158 162 222
103 104 118 119
103 131 133 163
103 145 148 193
103 159 163 223
104 118 119 134
104 132 134 164
104 146 149 194
104 160 164 224
105 106 120 121
105 108 150 153
105 110 180 185
105 112 210 217
105 120 121 135
105 135 137 165
105 150 153 195
106 107 121 122
106 109 151 154
106 111 181 186
106 113 211 218
106 136 138 166
106 151 154 196
107 108 122 123
107 110 152 155
107 112 182 187
107 114 212 219
107 152 155 197
108 109 123 124
108 111 153 156
108 113 183 188
108 115 213 220
109 110 124 125
109 112 154 157
109 114 184 189
109 116 214 221
109 165 169 173
110 111 125 126
110 113 155 158
110 115 185 190
110 117 215 222
110 166 170 174
110 180 185 190
111 112 126 127
111 114 156 159
111 116 186 191
111 118 216 223
111 167 171 175
111 181 186 191
111 195 201 207
112 113 127 128
112 115 157 160
112 117 187 192
112 119 217 224
112 168 172 176
112 182 187 192
112 196 202 208
112 210 217 224
113 114 128 129
113 116 158 161
113 118 188 193
113 169 173 177
113 183 188 193
113 197 203 209
114 115 129 130
114 117 159 162
114 119 189 194
114 170 174 178
114 184 189 194
115 116 130 131
115 118 160 163
115 171 175 179
116 117 131 132
116 119 161 164
117 118 132 133
117 159 162 207
118 119 133 134
118 146 148 178
118 160 163 208
119 133 134 149
119 147 149 179
119 161 164 209
120 121 135 136
120 123 165 168
120 125 195 200
120 135 136 150
120 150 152 180
120 165 168 210
121 122 136 137
121 124 166 169
121 126 196 201
121 151 153 181
121 166 169 211
122 123 137 138
122 125 167 170
122 127 197 202
122 167 170 212
123 124 138 139
123 126 168 171
123 128 198 203
124 125 139 140
124 127 169 172
124 129 199 204
124 180 184 188
125 126 140 141
125 128 170 173
125 130 200 205
125 181 185 189
125 195 200 205
126 127 141 142
126 129 171 174
126 131 201 206
126 182 186 190
126 196 201 206
126 210 216 222
127 128 142 143
127 130 172 175
127 132 202 207
127 183 187 191
127 197 202 207
127 211 217 223
128 129 143 144
128 131 173 176
128 133 203 208
128 184 188 192
128 198 203 208
128 212 218 224
129 130 144 145
129 132 174 177
129 134 204 209
129 185 189 193
129 199 204 209
130 131 145 146
130 133 175 178
130 186 190 194
131 132 146 147
131 134 176 179
132 133 147 148
132 174 177 222
133 134 148 149
133 161 163 193
133 175 178 223
134 148 149 164
134 162 164 194
134 176 179 224
135 136 150 151
135 138 180 183
135 140 210 215
135 150 151 165
135 165 167 195
136 137 151 152
136 139 181 184
136 141 211 216
136 166 168 196
137 138 152 153
137 140 182 185
137 142 212 217
138 139 153 154
138 141 183 186
138 143 213 218
138 180 183 186
139 140 154 155
139 142 184 187
139 144 214 219
139 181 184 187
139 195 199 203
140 141 155 156
140 143 185 188
140 145 215 220
140 182 185 188
140 196 200 204
140 210 215 220
141 142 156 157
141 144 186 189
141 146 216 221
141 183 186 189
141 197 201 205
141 211 216 221
142 143 157 158
142 145 187 190
142 147 217 222
142 184 187 190
142 198 202 206
142 212 217 222
143 144 158 159
143 146 188 191
143 148 218 223
143 185 188 191
143 199 203 207
143 213 218 223
144 145 159 160
144 147 189 192
144 149 219 224
144 186 189 192
144 200 204 208
144 214 219 224
145 146 160 161
145 148 190 193
145 187 190 193
145 201 205 209
146 147 161 162
146 149 191 194
146 188 191 194
147 148 162 163
148 149 163 164
148 176 178 208
149 163 164 179
149 177 179 209
150 151 165 166
150 153 195 198
150 165 166 180
150 180 182 210
151 152 166 167
151 154 196 199
151 181 183 211
152 153 167 168
152 155 197 200
153 154 168 169
153 156 198 201
153 195 198 201
154 155 169 170
154 157 199 202
154 196 199 202
154 210 214 218
155 156 170 171
155 158 200 203
155 197 200 203
155 211 215 219
156 157 171 172
156 159 201 204
156 198 201 204
156 212 216 220
157 158 172 173
157 160 202 205
157 199 202 205
157 213 217 221
158 159 173 174
158 161 203 206
158 200 203 206
158 214 218 222
159 160 174 175
159 162 204 207
159 201 204 207
159 215 219 223
160 161 175 176
160 163 205 208
160 202 205 208
160 216 220 224
161 162 176 177
161 164 206 209
161 203 206 209
162 163 177 178
163 164 178 179
163 191 193 223
164 178 179 194
164 192 194 224
165 166 180 181
165 168 210 213
165 180 181 195
165 181 197 213
166 167 181 182
166 169 211 214
167 168 182 183
167 170 212 215
167 195 197 199
168 169 183 184
168 171 213 216
168 196 198 200
168 210 213 216
169 170 184 185
169 172 214 217
169 197 199 201
169 211 214 217
170 171 185 186
170 173 215 218
170 198 200 202
170 212 215 218
171 172 186 187
171 174 216 219
171 199 201 203
171 213 216 219
172 173 187 188
172 175 217 220
172 200 202 204
172 214 217 220
173 174 188 189
173 176 218 221
173 201 203 205
173 215 218 221
174 175 189 190
174 177 219 222
174 202 204 206
174 216 219 222
175 176 190 191
175 178 220 223
175 203 205 207
175 217 220 223
176 177 191 192
176 179 221 224
176 204 206 208
176 218 221 224
177 178 192 193
177 205 207 209
178 179 193 194
179 193 194 209
179 193 207 221
180 181 195 196
180 195 196 210
181 182 196 197
182 183 197 198
182 210 212 214
183 184 198 199
183 211 213 215
184 185 199 200
184 212 214 216
185 186 200 201
185 213 215 217
186 187 201 202
186 214 216 218
187 188 202 203
187 215 217 219
188 189 203 204
188 216 218 220
189 190 204 205
189 217 219 221
190 191 205 206
190 218 220 222
191 192 206 207
191 219 221 223
192 193 207 208
192 220 222 224
193 194 208 209
194 208 209 224
195 196 210 211
196 197 211 212
196 210 211 212
197 198 212 213
197 211 212 213
198 199 213 214
198 212 213 214
199 200 214 215
199 213 214 215
200 201 215 216
200 214 215 216
201 202 216 217
201 215 216 217
202 203 217 218
202 216 217 218
203 204 218 219
203 217 218 219
204 205 219 220
204 218 219 220
205 206 220 221
205 219 220 221
206 207 221 222
206 220 221 222
207 208 222 223
207 221 222 223
208 209 223 224
208 222 223 224
