1 12 23 37 55 65 76 84 96 106 113 124 135
9 20 30 36 44 52 63 82 103 112 121 131 142
6 16 27 40 50 60 71 89 100 109 116 128
83 84 85 86 87 88 89 90 91 92 93 94
0 1 2 3 4 5 6 7 8 9 10
11 12 13 14 15 16 17 18 19 20 21
65 66 67 68 69 70 71 72 73 74 75
123 124 125 126 127 128 129 130 131 132 133
5 15 26 59 70 78 88 115 127 138
7 17 34 41 62 72 79 102 111 118
13 32 47 57 67 86 97 107 114 136
37 38 39 40 41 42 43 44 45 46
55 56 57 58 59 60 61 62 63 64
95 96 97 98 99 100 101 102 103 104
113 114 115 116 117 118 119 120 121 122
134 135 136 137 138 139 140 141 142 143
2 24 31 38 56 66 77 85 125
3 14 33 48 58 68 87 98 137
8 18 42 51 73 80 91 119 140
19 29 35 43 81 92 120 130 141
22 23 24 25 26 27 28 29 30
0 11 22 83 95 105 123 134
4 25 39 49 69 99 108 126
10 21 45 53 74 93 104 132
28 61 90 101 110 117 129 139
46 54 64 75 94 122 133 143
47 48 49 50 51 52 53 54
105 106 107 108 109 110 111 112
76 77 78 79 80 81 82
31 32 33 34 35 36
