65 66 67 68 69 70 71 72 73 74 75 76 77
8 18 27 38 48 58 67 81 99 106 116 136
0 6 17 36 47 57 66 79 89 115 134
1 10 20 40 50 60 82 101 107 118 126
9 19 28 39 49 59 68 90 100 117 125
16 26 35 46 56 65 78 98 114 124 133
35 36 37 38 39 40 41 42 43 44 45
78 79 80 81 82 83 84 85 86 87 88
2 29 51 61 69 91 102 108 119 137
3 30 41 63 71 83 92 103 128 138
5 13 23 32 53 64 74 94 111 131
6 7 8 9 10 11 12 13 14 15
14 24 33 43 54 75 86 95 112 121
15 44 55 76 87 96 113 122 132 140
16 17 18 19 20 21 22 23 24 25
46 47 48 49 50 51 52 53 54 55
114 115 116 117 118 119 120 121 122 123
26 27 28 29 30 31 32 33 34
56 57 58 59 60 61 62 63 64
89 90 91 92 93 94 95 96 97
105 106 107 108 109 110 111 112 113
124 125 126 127 128 129 130 131 132
133 134 135 136 137 138 139 140 141
11 21 52 62 70 109 120 127
22 31 73 85 93 104 130 139
25 34 45 77 88 97 123 141
4 12 42 72 84 110 129
98 99 100 101 102 103 104
0 1 2 3 4 5
7 37 80 105 135
