0 1 2 3 4 5 6 7 8 9 10 11 12
7 17 26 37 48 66 72 82 88 97 114 135
6 15 24 35 46 54 65 80 104 122 133
11 19 29 57 75 83 92 98 108 118 137
16 25 36 47 55 81 87 105 113 123 134
31 32 33 34 35 36 37 38 39 40 41
128 129 130 131 132 133 134 135 136 137 138
0 21 31 42 52 60 94 101 110 128
4 14 34 53 63 78 96 103 121 131
21 22 23 24 25 26 27 28 29 30
42 43 44 45 46 47 48 49 50 51
60 61 62 63 64 65 66 67 68 69
84 85 86 87 88 89 90 91 92 93
110 111 112 113 114 115 116 117 118 119
1 43 61 70 76 84 102 120 129
9 18 27 39 50 73 90 116 125
10 28 51 56 74 91 107 117 136
12 20 41 59 69 100 119 127 138
101 102 103 104 105 106 107 108 109
2 32 44 62 71 85 111 130
8 38 49 67 89 106 115 124
13 14 15 16 17 18 19 20
30 40 58 68 93 99 109 126
52 53 54 55 56 57 58 59
76 77 78 79 80 81 82 83
120 121 122 123 124 125 126 127
3 13 22 33 77 95 112
5 23 45 64 79 86 132
94 95 96 97 98 99 100
70 71 72 73 74 75
