57 58 59 60 61 62 63 64 65 66 67 68 69
2 30 39 63 74 86 97 105 117 124 136 147
7 25 45 57 70 80 92 102 113 121 132 143
15 21 32 42 53 67 76 100 109 128 139 149
45 46 47 48 49 50 51 52 53 54 55 56
80 81 82 83 84 85 86 87 88 89 90 91
3 13 20 41 52 65 87 98 107 119 126
8 26 36 46 58 71 81 93 114 122 144
12 19 31 40 51 64 106 118 125 137 148
25 26 27 28 29 30 31 32 33 34 35
102 103 104 105 106 107 108 109 110 111 112
121 122 123 124 125 126 127 128 129 130 131
132 133 134 135 136 137 138 139 140 141 142
0 27 37 47 59 72 82 94 123 145
1 11 18 29 50 62 85 116 135 146
7 8 9 10 11 12 13 14 15 16
9 17 28 38 48 60 83 95 103 133
22 33 43 54 68 101 110 120 129 140
70 71 72 73 74 75 76 77 78 79
92 93 94 95 96 97 98 99 100 101
4 14 66 75 88 99 108 127 138
5 16 34 55 69 77 89 111 130
10 49 61 73 84 96 104 115 134
36 37 38 39 40 41 42 43 44
17 18 19 20 21 22 23 24
24 35 79 91 112 131 142 150
113 114 115 116 117 118 119 120
143 144 145 146 147 148 149 150
0 1 2 3 4 5 6
6 23 44 56 78 90 141
