10 28 37 49 59 66 78 88 98 109 119 131 141
3 14 23 41 63 74 81 90 103 113 124 134
15 24 33 53 69 75 83 91 104 115 126 136
38 39 40 41 42 43 44 45 46 47 48 49
120 121 122 123 124 125 126 127 128 129 130 131
0 1 2 3 4 5 6 7 8 9 10
1 12 21 40 51 62 79 101 111 122 133
7 18 25 34 46 56 65 85 95 128 139
9 27 36 48 58 73 77 87 97 108 130
99 100 101 102 103 104 105 106 107 108 109
2 13 22 31 52 68 80 102 112 123
5 44 54 71 76 84 93 106 117 138
50 51 52 53 54 55 56 57 58 59
79 80 81 82 83 84 85 86 87 88
89 90 91 92 93 94 95 96 97 98
110 111 112 113 114 115 116 117 118 119
132 133 134 135 136 137 138 139 140 141
0 29 38 50 60 89 99 110 120
11 12 13 14 15 16 17 18 19
11 20 30 39 61 67 100 121 132
20 21 22 23 24 25 26 27 28
29 30 31 32 33 34 35 36 37
4 16 43 70 92 105 116 137
8 19 35 47 72 96 129 140
6 17 45 55 64 94 127
60 61 62 63 64 65 66
67 68 69 70 71 72 73
32 42 82 114 125 135
26 57 86 107 118
74 75 76 77 78
