8 9 10 11 12 13 14 15 16 17 18 19 20 21
4 15 27 39 49 61 72 81 102 113 120 129 144
53 54 55 56 57 58 59 60 61 62 63 64 65
3 14 26 38 48 60 71 80 91 101 128 143
12 24 35 47 57 69 78 88 99 110 126 136
74 75 76 77 78 79 80 81 82 83 84 85
2 25 37 59 70 79 90 112 127 138 142
6 19 30 42 51 64 83 94 105 115 132
8 22 32 43 53 66 74 86 97 108 116
10 34 45 55 68 76 98 117 124 135 140
32 33 34 35 36 37 38 39 40 41 42
86 87 88 89 90 91 92 93 94 95 96
97 98 99 100 101 102 103 104 105 106 107
123 124 125 126 127 128 129 130 131 132 133
1 13 36 58 89 100 111 119 137 141
7 21 31 52 73 85 96 107 133 147
16 28 40 62 82 92 114 130 139 145
22 23 24 25 26 27 28 29 30 31
43 44 45 46 47 48 49 50 51 52
0 11 23 46 56 77 109 118 125
9 33 44 54 67 75 87 123 134
0 1 2 3 4 5 6 7
66 67 68 69 70 71 72 73
108 109 110 111 112 113 114 115
140 141 142 143 144 145 146 147
5 18 29 50 63 104 146
116 117 118 119 120 121 122
17 41 93 103 121 131
20 65 84 95 106 122
134 135 136 137 138 139
