10 20 27 39 54 65 75 85 91 102 113 122 131 139
92 93 94 95 96 97 98 99 100 101 102 103 104
5 15 23 34 42 50 61 80 96 109 119 137
7 17 25 37 53 63 72 83 99 110 120 130
0 1 2 3 4 5 6 7 8 9 10
0 11 21 56 67 77 92 105 115 124 134
2 13 31 49 79 88 93 107 118 126 136
9 19 26 38 44 64 74 84 90 101 112
30 31 32 33 34 35 36 37 38 39 40
56 57 58 59 60 61 62 63 64 65 66
1 12 48 58 69 78 87 106 117 125
6 16 24 35 43 51 62 70 81 97
11 12 13 14 15 16 17 18 19 20
67 68 69 70 71 72 73 74 75 76
105 106 107 108 109 110 111 112 113 114
124 125 126 127 128 129 130 131 132 133
21 22 23 24 25 26 27 28 29
29 46 55 66 76 104 123 133 140
47 48 49 50 51 52 53 54 55
77 78 79 80 81 82 83 84 85
115 116 117 118 119 120 121 122 123
3 32 41 59 89 94 108 127
4 14 22 33 60 95 128
8 18 73 100 111 121 138
30 47 57 68 86 116 135
134 135 136 137 138 139 140
28 40 45 103 114 132
36 52 71 82 98 129
41 42 43 44 45 46
86 87 88 89 90 91
