8 19 26 36 48 67 79 91 99 108 117 125 135
39 40 41 42 43 44 45 46 47 48 49 50
1 11 40 52 72 82 88 93 102 110 118
3 13 23 31 42 55 63 74 104 120 131
4 14 24 56 64 75 84 95 113 121 132
10 11 12 13 14 15 16 17 18 19 20
71 72 73 74 75 76 77 78 79 80 81
118 119 120 121 122 123 124 125 126 127 128
0 1 2 3 4 5 6 7 8 9
9 20 37 49 59 69 80 92 100 127
12 22 30 41 54 62 73 112 119 130
18 25 35 47 58 85 98 107 124 134
28 38 50 60 70 81 87 101 128 137
29 30 31 32 33 34 35 36 37 38
51 52 53 54 55 56 57 58 59 60
61 62 63 64 65 66 67 68 69 70
2 29 53 61 83 94 103 111 129
5 15 43 57 76 89 105 114 122
6 16 32 44 65 90 96 106 123
93 94 95 96 97 98 99 100 101
109 110 111 112 113 114 115 116 117
129 130 131 132 133 134 135 136 137
21 22 23 24 25 26 27 28
0 10 21 39 51 71 109
7 17 33 45 77 97 115
102 103 104 105 106 107 108
34 46 66 78 116 133
82 83 84 85 86 87
27 68 86 126 136
88 89 90 91 92
