84 85 86 87 88 89 90 91 92 93 94 95 96
4 12 21 29 37 52 59 77 89 100 111 126
0 8 18 42 49 56 63 84 106 115 123
73 74 75 76 77 78 79 80 81 82 83
2 10 19 26 45 50 65 74 87 124
6 32 41 47 55 71 83 95 113 122
8 9 10 11 12 13 14 15 16 17
63 64 65 66 67 68 69 70 71 72
1 25 35 44 57 64 86 97 108
3 11 20 27 36 75 88 98 109
5 14 22 39 46 53 68 78 112
13 30 38 60 67 90 101 117 127
25 26 27 28 29 30 31 32 33
28 51 58 66 76 99 110 116 125
97 98 99 100 101 102 103 104 105
106 107 108 109 110 111 112 113 114
0 1 2 3 4 5 6 7
7 33 48 62 72 96 105 114
16 23 70 80 92 103 119 128
34 35 36 37 38 39 40 41
115 116 117 118 119 120 121 122
15 31 69 79 91 102 118
18 19 20 21 22 23 24
42 43 44 45 46 47 48
49 50 51 52 53 54 55
56 57 58 59 60 61 62
9 34 43 73 85 107
17 61 81 93 104 120
24 40 54 82 94 121
123 124 125 126 127 128
