73 74 75 76 77 78 79 80 81 82 83 84 85
124 125 126 127 128 129 130 131 132 133 134 135 136
137 138 139 140 141 142 143 144 145 146 147 148 149
1 12 25 33 46 64 76 88 98 107 117 140
2 13 19 34 47 65 77 99 108 118 127 141
17 21 51 61 71 83 95 102 113 123 135 147
31 32 33 34 35 36 37 38 39 40 41 42
86 87 88 89 90 91 92 93 94 95 96 97
6 15 38 59 69 81 93 101 121 132 144
7 16 29 39 49 60 82 94 111 133 145
9 23 42 53 62 85 97 104 114 136 149
43 44 45 46 47 48 49 50 51 52 53
0 1 2 3 4 5 6 7 8 9
3 14 26 35 56 66 78 89 109 128
4 36 57 67 79 91 100 120 130 142
5 20 28 37 58 68 80 92 131 143
8 22 30 41 52 72 84 96 103 148
24 31 44 54 63 74 87 106 125 138
63 64 65 66 67 68 69 70 71 72
105 106 107 108 109 110 111 112 113 114
0 10 43 73 86 105 115 124 137
11 18 32 45 55 75 116 126 139
54 55 56 57 58 59 60 61 62
115 116 117 118 119 120 121 122 123
10 11 12 13 14 15 16 17
24 25 26 27 28 29 30
40 50 70 112 122 134 146
98 99 100 101 102 103 104
18 19 20 21 22 23
27 48 90 110 119 129
