4 10 15 18 20 23 29 35 38 44 45 49 50 52 58 61 62 69 70 71 72 74 77 78 79 80 91 92 93 
4 9 10 14 18 20 23 28 29 44 46 49 50 51 54 58 61 62 69 70 71 72 74 77 78 79 80 92 93 
4 9 10 15 18 19 23 29 38 43 46 48 49 53 58 59 61 62 71 72 74 75 77 80 84 89 93 
3 4 10 15 19 26 38 39 43 46 48 49 50 55 57 64 67 71 72 74 78 81 82 83 84 89 92 
0 4 10 11 15 19 29 40 41 45 46 48 50 51 58 62 67 69 70 71 72 74 80 81 83 92 93 
0 3 10 19 24 38 40 43 45 46 48 50 51 53 62 64 67 70 71 72 74 76 78 81 83 89 93 
4 7 9 10 15 18 19 23 29 30 43 48 49 52 54 62 64 68 70 71 72 74 75 77 78 89 93 
1 4 7 14 17 18 19 23 29 31 35 38 42 43 45 48 49 50 62 68 70 71 75 78 80 83 93 
0 3 4 10 15 18 20 29 35 38 42 43 44 45 49 50 58 62 70 71 74 78 80 81 91 93 95 
7 14 17 19 21 22 24 30 38 39 40 43 45 48 52 64 65 67 70 71 74 75 76 78 93 96 
4 10 13 15 19 26 29 32 38 42 43 48 49 50 53 55 62 66 71 74 78 81 82 83 84 95 
4 7 15 19 26 36 38 40 43 48 50 52 58 61 62 65 66 67 74 75 78 80 84 89 93 99 
4 7 14 17 20 23 29 31 34 38 42 45 49 50 55 62 69 70 75 77 78 79 85 86 91 98 
4 7 10 13 18 19 23 25 26 29 35 39 43 48 49 50 52 54 61 64 70 78 82 86 89 96 
3 4 15 19 22 30 36 38 40 42 43 45 48 53 55 62 65 68 71 74 75 77 78 80 93 95 
3 4 14 17 31 34 38 44 45 49 50 51 58 62 67 70 72 76 77 78 85 86 92 93 97 99 
1 9 10 14 19 22 24 26 27 35 38 43 46 48 49 50 53 61 71 74 75 78 80 89 93 96 
1 3 10 19 22 24 36 38 40 41 43 48 50 52 53 57 60 64 67 68 71 74 75 84 89 96 
0 7 13 14 17 20 24 25 34 37 38 40 43 45 50 52 57 58 61 70 76 78 85 86 96 99 
0 4 20 22 31 34 35 38 42 44 45 46 49 50 58 62 69 70 76 78 81 85 86 91 93 97 
0 3 14 17 19 22 24 25 31 40 41 48 50 52 53 60 62 67 68 70 72 76 80 86 87 93 
4 7 9 14 18 19 23 29 33 35 50 52 54 61 62 64 68 69 70 72 75 77 78 86 93 99 
2 4 7 17 19 21 22 26 30 38 39 40 43 48 52 57 64 65 67 70 71 72 74 75 76 82 
2 4 7 17 18 19 23 37 49 50 52 54 56 58 61 69 70 71 72 74 75 77 79 80 91 93 
14 17 20 23 31 34 38 44 45 47 49 50 51 58 62 69 70 72 76 77 85 86 92 97 99 
0 3 4 10 19 22 29 31 36 38 40 42 43 45 46 48 50 53 55 71 78 80 81 84 93 96 
0 1 7 14 17 19 24 25 27 38 43 45 48 49 50 51 61 67 68 74 76 78 80 93 96 99 
9 12 14 16 23 28 31 34 37 38 44 47 49 53 57 58 67 69 70 71 72 77 79 88 97 
4 7 8 9 15 17 22 26 29 34 38 40 43 50 52 58 61 62 63 67 70 71 72 75 82 85 
4 22 27 38 39 43 45 48 49 53 55 57 59 61 64 65 68 71 74 75 82 84 89 90 96 
4 15 19 23 25 27 38 39 43 45 48 49 50 52 53 58 61 65 67 74 78 84 89 93 99 
4 15 18 19 23 25 38 39 43 45 49 50 52 53 57 58 61 65 70 72 74 78 89 95 98 
4 14 17 20 21 23 28 29 35 44 54 55 61 62 70 71 72 74 77 78 79 91 92 93 97 
4 13 14 18 23 25 28 29 35 38 39 49 50 52 53 58 61 70 78 85 88 89 93 96 99 
4 12 19 22 33 36 37 38 39 40 45 50 52 53 61 64 65 67 68 75 76 86 89 93 96 
4 10 14 18 19 29 31 38 43 46 48 49 50 51 58 62 66 71 72 77 78 80 83 92 93 
3 14 19 22 24 30 31 38 39 45 46 48 49 53 55 57 64 67 70 71 72 75 78 85 97 
3 14 19 21 22 24 26 30 38 39 40 43 52 65 70 71 74 75 76 78 89 91 93 95 96 
3 14 17 22 24 28 31 34 40 41 50 52 53 58 60 62 67 70 71 72 76 77 85 87 98 
3 12 19 22 29 33 36 38 39 41 50 52 53 56 60 64 67 68 71 74 75 84 89 93 96 
2 14 17 19 24 35 38 43 48 49 50 53 55 60 61 66 68 71 72 74 75 77 80 83 93 
0 4 5 7 13 14 17 18 20 31 34 35 44 45 49 50 52 57 58 69 70 78 85 86 96 99 
0 2 4 8 16 20 21 22 29 34 35 38 43 46 55 56 61 63 70 71 72 81 82 85 88 91 
0 1 6 9 18 20 24 31 34 41 42 43 44 46 50 56 57 60 63 71 73 81 84 85 91 96 
8 9 12 14 16 23 26 38 44 47 49 51 57 58 61 63 67 70 71 72 74 88 89 92 97 
4 9 15 17 19 23 28 48 49 50 52 54 57 58 61 67 69 70 71 72 74 77 78 92 97 
4 9 14 20 23 28 31 34 37 41 44 50 52 54 58 69 70 71 72 77 88 91 92 93 97 
4 9 14 19 23 25 33 37 38 39 43 50 52 53 61 64 67 68 78 84 85 89 93 96 99 
4 9 14 19 22 28 31 37 49 50 52 53 57 58 67 69 71 72 77 78 79 84 85 87 98 
4 9 10 15 18 19 23 26 29 30 39 48 49 52 53 58 70 71 72 74 78 87 89 93 95 
4 9 10 11 14 19 27 39 40 41 43 46 48 50 53 57 58 66 67 74 75 84 89 96 99 
4 7 19 26 36 38 39 40 43 48 50 52 57 58 61 65 66 67 74 75 78 84 89 96 99 
4 7 10 14 18 20 23 29 31 35 38 42 45 49 59 68 69 71 75 77 79 80 83 90 93 
4 6 10 18 20 23 34 45 46 49 50 58 61 62 69 71 72 75 77 78 79 83 84 93 94 
3 4 11 14 17 25 32 39 40 41 43 45 48 50 52 53 64 68 70 73 76 85 86 96 99 
3 4 10 19 22 29 31 38 43 46 48 49 50 53 55 56 62 67 71 72 75 77 80 84 93 
3 4 10 11 14 27 32 39 40 41 43 45 48 52 53 58 59 71 73 74 76 83 89 95 96 
2 7 14 20 23 25 34 37 38 45 47 49 50 52 57 58 61 69 72 79 84 85 88 94 98 
2 7 10 15 19 22 24 35 38 40 45 48 50 52 57 61 68 69 70 71 72 74 75 77 80 
2 4 14 18 20 23 26 29 34 35 46 49 50 58 61 69 70 72 85 86 87 88 92 93 99 
2 4 14 18 19 23 35 38 39 45 46 49 50 53 57 58 61 69 70 71 72 75 79 83 85 
2 4 14 16 21 23 26 29 39 46 48 55 61 64 67 71 74 83 84 87 89 90 92 93 96 
2 4 10 15 29 34 38 40 43 45 46 50 51 53 58 61 67 70 72 77 81 83 86 89 93 
0 9 14 17 19 22 24 25 31 38 40 41 43 48 50 52 53 57 60 67 68 70 72 80 86 
0 9 14 17 19 22 24 25 31 35 38 40 41 42 43 48 53 59 60 64 68 85 86 93 96 
0 9 10 18 29 35 43 44 46 49 50 54 56 58 60 61 66 71 74 80 81 89 91 93 96 
0 7 10 13 20 24 31 36 37 38 40 42 44 45 50 58 69 76 78 80 81 86 93 96 99 
0 4 14 20 27 34 38 40 44 45 50 55 61 68 69 71 78 83 84 85 88 92 93 94 96 
0 4 14 17 20 31 34 37 38 40 43 44 50 52 57 58 63 70 76 78 85 86 91 92 96 
0 3 13 14 17 19 22 24 27 28 31 35 38 42 48 49 50 53 55 57 60 64 71 85 96 
0 1 4 7 9 10 15 19 22 29 48 49 50 51 54 61 62 67 69 70 71 74 78 80 81 93 
0 1 4 7 9 10 15 18 19 29 43 48 49 50 51 54 61 62 66 68 74 78 80 89 93 99 
7 8 9 14 18 23 29 33 43 50 52 54 58 60 61 62 63 70 71 72 74 75 89 91 98 
4 8 9 12 14 18 20 23 28 31 38 44 49 50 51 57 64 68 69 70 71 72 77 88 92 
4 6 9 16 20 23 28 29 31 34 46 49 58 62 69 70 71 72 77 79 85 87 91 93 97 
3 4 8 14 16 20 29 31 34 38 44 46 49 51 58 70 71 72 77 79 83 85 88 92 97 
2 4 8 15 16 18 20 29 35 38 46 49 58 61 69 70 71 72 74 77 79 80 81 91 92 
2 4 7 22 34 37 38 40 43 45 50 52 57 61 67 68 70 71 72 75 76 77 82 85 89 
2 4 7 10 19 23 25 37 43 49 50 52 54 56 57 58 61 63 67 70 72 76 82 86 89 
2 4 7 10 19 23 25 35 39 43 48 49 52 54 56 57 59 61 64 68 76 82 86 89 96 
24 38 44 45 46 49 50 51 53 57 58 61 67 69 70 71 74 78 79 80 81 83 88 96 
2 3 8 10 14 22 24 26 35 38 39 40 41 43 46 50 57 60 64 70 71 74 75 89 96 
2 3 4 15 22 36 38 40 42 43 45 48 53 55 57 59 65 68 71 74 75 77 80 84 90 
2 3 4 15 22 29 32 35 38 43 45 48 49 53 55 64 68 70 75 77 82 85 86 89 90 
2 3 4 14 16 18 19 21 26 29 35 38 39 43 46 48 64 70 71 72 74 83 89 92 93 
1 8 9 10 15 20 22 26 29 34 35 43 44 46 49 50 54 60 61 62 63 70 71 81 91 
1 7 9 10 15 19 24 26 27 32 35 38 43 48 49 50 52 61 66 74 75 78 80 89 99 
1 4 9 12 14 16 17 18 20 23 28 29 31 35 38 44 49 69 70 71 79 80 92 93 96 
14 19 27 33 38 40 43 50 52 53 57 58 60 61 66 67 71 75 76 77 83 85 89 98 
14 16 17 19 24 30 31 38 48 49 53 55 62 64 67 69 70 72 75 77 85 93 97 99 
1 3 4 10 13 14 22 26 29 32 38 43 44 49 50 51 53 62 70 71 74 78 80 89 95 
0 4 9 15 19 28 29 38 48 49 50 51 53 58 61 62 66 67 71 72 78 82 85 89 95 
0 4 9 11 19 22 25 29 41 43 48 50 51 53 56 62 64 67 68 70 72 85 86 89 93 
0 4 9 10 14 18 19 29 35 48 49 50 52 61 68 70 78 80 86 87 89 92 93 96 99 
0 4 7 14 17 19 22 25 30 31 38 43 45 48 49 52 58 62 67 70 72 76 78 85 93 
0 4 7 13 14 17 20 29 35 38 40 43 44 45 50 55 61 64 70 71 74 78 83 93 96 
0 4 7 10 11 14 19 25 31 40 45 48 50 51 62 64 67 68 69 70 72 76 83 86 93 
0 3 4 16 21 22 29 30 34 38 43 44 53 55 56 62 67 70 71 72 81 85 89 93 95 
0 3 4 14 29 32 33 38 40 41 43 45 50 51 53 68 70 71 74 80 83 88 89 95 96 
0 3 4 13 14 19 25 31 33 37 38 40 42 43 45 50 53 55 57 64 78 84 85 96 99 
0 3 4 11 14 25 27 31 34 40 41 43 45 50 52 53 58 67 73 83 84 85 88 93 96 
0 3 4 11 14 19 25 29 32 40 41 43 45 48 50 51 53 68 70 83 85 86 89 95 96 
0 3 4 11 13 19 22 36 40 41 43 45 48 50 51 53 57 58 71 76 81 85 89 95 96 
0 2 4 10 14 19 22 28 29 35 38 48 49 53 55 59 61 68 71 72 74 80 89 93 95 
0 1 9 14 17 20 22 24 28 31 34 35 38 41 42 44 50 57 60 63 70 71 85 91 97 
0 1 4 13 14 17 19 27 31 35 38 48 49 50 52 66 69 71 76 78 83 85 92 93 97 
9 14 22 24 28 35 38 40 44 50 52 53 61 64 68 70 71 72 74 77 78 88 89 93 
7 15 17 19 24 32 35 38 42 45 49 50 58 62 69 70 75 77 78 79 82 83 85 86 
7 14 19 21 22 24 27 35 38 45 48 52 61 64 71 75 76 77 78 85 89 93 94 97 
7 10 14 20 22 24 31 37 38 40 42 43 44 45 50 57 58 70 76 77 78 80 86 91 
5 14 20 24 28 31 34 35 46 49 50 55 57 69 70 71 78 79 85 87 88 91 92 97 
4 6 8 9 10 22 26 29 41 43 46 50 51 54 58 62 63 67 70 71 72 74 81 82 89 
4 19 21 38 40 43 48 51 53 61 62 66 67 71 72 74 76 77 78 81 82 83 89 95 
4 18 19 23 29 33 35 36 38 39 45 50 52 53 61 68 75 78 79 85 86 93 95 96 
4 17 23 26 34 38 43 49 50 51 57 58 61 63 67 70 72 76 78 82 83 85 86 92 
4 14 19 23 25 33 37 38 45 50 52 53 61 67 68 69 70 72 74 76 78 80 93 99 
4 14 17 23 29 35 38 45 48 49 55 59 61 64 69 71 72 74 77 83 90 92 93 97 
4 14 17 19 21 23 28 29 30 41 48 52 54 62 64 67 70 71 72 74 77 92 93 97 
4 13 14 22 32 33 37 38 39 40 43 45 52 53 58 59 61 71 74 84 88 89 95 98 
4 13 14 20 23 28 34 35 44 49 50 52 54 57 58 61 69 71 78 79 88 92 94 97 
4 13 14 19 23 25 33 37 38 39 41 43 45 52 53 58 59 76 85 86 89 93 95 96 
4 11 14 17 19 22 27 32 39 40 41 45 48 52 53 59 64 68 69 71 75 76 85 96 
4 10 19 23 35 43 46 49 50 54 56 58 61 62 70 72 75 76 77 80 86 89 91 93 
4 10 14 20 22 28 29 35 42 44 46 49 54 55 59 69 71 74 77 79 80 90 91 93 
4 10 13 15 18 19 23 25 26 35 38 41 42 48 50 53 58 62 80 83 86 93 94 95 
3 16 19 21 22 24 30 32 38 42 43 48 53 56 62 64 65 70 71 74 76 77 81 82 
3 14 19 21 24 27 30 38 40 42 45 46 48 53 64 71 75 76 77 78 83 85 93 94 
3 14 17 19 24 32 37 38 43 45 49 50 52 53 64 65 68 70 74 75 76 77 78 99 
3 10 14 20 22 24 28 38 44 49 52 59 60 62 68 71 72 77 79 80 84 91 93 94 
2 15 16 17 20 23 28 47 49 55 57 61 69 70 71 72 74 77 79 82 87 90 91 92 
2 10 14 23 28 47 48 49 50 52 57 58 61 67 69 70 72 74 76 77 80 87 92 99 
1 5 7 9 10 14 18 19 24 31 35 42 49 50 62 66 68 69 71 75 78 79 80 91 93 
1 4 8 9 15 16 18 20 23 26 29 38 43 46 49 51 61 62 63 64 70 71 82 85 92 
0 3 4 5 10 11 14 19 43 45 49 50 52 54 67 68 70 76 80 86 89 92 93 96 99 
0 2 3 8 16 24 30 38 43 46 49 55 57 64 67 70 71 72 81 82 83 85 88 89 92 
0 10 14 24 27 31 34 38 43 44 46 49 50 53 55 57 63 66 67 71 78 83 84 96 
7 9 17 18 20 24 37 38 43 49 50 52 56 57 58 61 70 72 75 77 80 86 91 98 
7 8 15 17 20 24 26 27 32 35 38 43 49 50 55 60 61 63 66 71 74 75 82 83 
4 9 18 20 37 44 49 54 56 57 58 59 61 71 72 74 77 79 80 81 84 88 91 95 
4 9 12 15 17 23 26 39 44 49 50 52 54 57 58 61 67 69 70 72 86 92 97 99 
4 9 12 14 22 31 33 37 38 39 40 41 50 52 53 57 58 67 69 70 72 86 88 98 
4 9 10 19 23 39 41 43 48 50 52 54 56 57 64 67 68 71 74 75 82 84 89 96 
4 8 12 18 23 28 33 37 38 39 52 57 59 61 64 65 68 71 72 74 82 88 89 92 
4 7 15 17 20 27 34 35 38 40 43 50 52 57 58 61 66 71 75 77 78 82 83 85 
4 7 13 19 22 26 33 35 38 39 40 43 50 58 61 70 71 76 78 81 85 89 93 96 
4 6 13 18 20 23 25 26 29 33 50 52 58 61 70 78 80 83 86 87 88 93 95 96 
4 6 10 13 18 20 23 25 28 29 49 50 52 58 61 69 74 78 79 80 84 87 93 96 
3 6 16 20 22 24 30 43 44 49 56 58 65 70 71 72 74 77 80 81 88 91 93 95 
3 4 15 17 19 25 29 30 32 38 39 43 45 48 49 52 53 64 68 70 78 82 83 85 
3 4 14 16 17 22 30 31 38 39 40 43 48 53 55 57 64 65 67 70 71 72 75 90 
3 4 13 15 16 19 22 26 29 32 38 39 43 48 49 53 58 71 74 81 82 84 89 95 
3 4 12 19 22 28 31 33 36 37 38 39 40 50 53 55 64 65 67 68 71 84 93 96 
3 4 12 16 19 21 22 30 33 38 39 53 55 56 65 67 70 71 74 75 89 93 95 96 
3 4 12 13 14 16 17 21 22 28 37 38 39 42 44 53 55 70 71 74 79 90 93 97 
3 4 10 15 18 20 28 49 50 52 62 68 71 72 77 78 79 80 84 87 91 93 94 95 
3 4 10 14 20 30 38 40 43 44 45 52 62 64 68 70 72 74 76 77 78 92 93 99 
2 7 22 24 25 32 37 38 39 40 43 45 50 55 61 64 65 68 70 82 86 88 89 96 
2 4 19 21 22 29 36 38 40 43 45 46 48 53 55 61 64 67 77 81 85 86 89 93 
2 4 18 21 23 38 43 45 46 48 51 57 61 64 70 72 77 82 83 85 86 89 90 92 
2 4 18 19 23 28 37 49 52 57 58 59 61 63 65 71 74 82 84 87 89 91 92 96 
2 4 14 19 29 38 39 40 43 50 53 55 61 66 67 71 72 74 75 83 84 89 95 98 
2 4 12 15 18 19 23 29 35 39 49 50 52 53 58 61 70 72 79 82 83 86 87 95 
2 3 21 24 37 38 40 43 45 57 64 65 67 70 71 72 74 76 77 81 82 89 90 92 
2 3 15 19 22 24 26 30 32 38 39 40 41 43 48 52 53 64 70 71 75 82 85 89 
2 3 12 18 19 24 36 37 38 42 45 50 53 65 68 71 74 75 79 80 84 93 95 96 
2 3 12 14 18 19 24 28 37 38 42 49 53 58 59 65 71 74 77 79 80 84 93 95 
2 3 10 14 20 22 24 34 35 38 42 43 45 49 50 57 58 70 75 76 77 86 91 95 
2 3 10 14 19 22 28 29 46 48 49 50 54 55 60 64 67 70 71 72 74 77 89 93 
1 7 14 17 24 27 34 38 44 45 49 50 52 57 61 67 68 69 71 78 79 83 85 96 
1 5 7 8 9 14 17 18 20 31 35 49 50 52 54 57 60 68 70 71 75 79 80 91 96 
1 4 7 8 9 15 17 20 22 29 32 43 49 50 52 54 61 62 63 64 70 71 74 75 98 
1 4 19 22 28 32 33 36 40 50 52 53 61 62 63 64 65 71 74 78 84 87 89 98 
1 4 14 17 20 23 31 34 35 41 44 45 50 52 54 62 69 70 71 76 91 92 93 97 
1 3 17 18 19 24 35 38 43 48 49 50 52 53 56 60 62 64 68 70 71 74 75 82 
0 4 14 18 20 29 31 34 38 44 45 46 49 50 58 69 78 84 85 88 92 93 96 99 
0 4 13 15 16 19 22 25 28 29 32 38 40 48 51 53 58 61 62 70 82 85 89 95 
0 3 17 20 22 29 31 34 35 42 43 44 49 50 54 55 56 60 68 70 86 91 93 96 
0 3 13 14 24 27 28 34 38 40 44 50 52 58 78 84 85 88 89 92 93 94 96 99 
0 3 12 13 15 22 28 34 36 38 40 41 44 47 50 52 53 57 58 71 84 89 94 95 
0 2 3 4 6 10 22 41 43 48 50 52 54 56 57 64 67 68 70 71 74 76 82 89 96 
0 2 12 14 17 19 24 32 35 38 40 41 45 52 59 68 69 71 74 76 80 83 92 96 
0 1 3 4 5 10 14 31 43 44 45 46 49 50 51 54 62 67 70 76 78 80 92 93 99 
6 7 9 18 20 24 31 34 49 50 52 56 57 68 69 70 71 73 79 85 87 88 91 96 
5 7 9 10 14 18 20 24 31 35 44 49 50 52 58 62 69 70 78 79 80 86 91 93 
4 8 9 14 16 18 20 23 30 31 34 38 46 49 57 58 69 70 71 72 75 77 85 91 
4 7 9 18 26 29 35 43 49 50 54 58 61 63 70 71 74 78 81 82 88 89 91 96 
4 6 7 10 23 27 43 45 48 49 51 57 59 64 68 71 73 74 76 77 82 83 89 90 
4 5 7 10 13 14 18 19 25 26 35 49 50 52 54 58 62 69 78 80 86 93 94 99 
3 4 5 12 14 18 20 35 44 45 49 50 52 57 68 70 71 74 79 80 83 88 95 96 
2 7 8 15 22 24 26 34 38 43 49 50 55 57 61 63 65 70 71 72 81 82 89 91 
2 6 8 18 24 26 34 41 46 50 57 58 60 63 70 71 72 81 82 83 85 87 88 89 
2 4 7 15 17 18 20 23 26 38 43 49 57 61 63 65 70 71 72 74 75 82 90 91 
2 4 6 16 18 20 23 26 34 46 49 57 58 61 69 71 82 84 85 87 88 91 94 96 
2 3 4 14 16 21 28 30 34 40 53 55 57 67 70 71 72 73 77 85 87 88 89 95 
2 3 4 10 14 19 22 28 29 39 48 49 50 54 55 67 68 70 71 72 74 89 93 95 
1 8 9 12 14 17 23 27 28 31 38 44 47 49 50 52 57 60 67 68 71 79 80 96 
1 8 9 10 15 22 26 34 38 40 43 46 47 50 60 61 62 63 67 70 71 81 82 89 
1 7 8 10 14 20 24 26 27 35 38 40 50 52 57 61 66 69 71 74 75 80 83 96 
15 19 29 32 38 40 43 50 52 53 58 60 61 62 63 66 71 75 83 84 85 89 98 
1 4 9 14 26 29 34 38 44 46 49 50 51 61 62 66 67 78 85 89 92 93 97 99 
1 4 8 12 15 20 23 27 28 34 35 38 49 50 52 57 61 68 69 71 79 82 92 94 
14 16 23 27 28 38 39 44 46 47 49 55 57 61 67 69 71 74 79 84 90 92 96 
12 13 14 23 27 28 38 39 41 44 47 50 52 53 57 58 60 74 84 88 89 96 99 
0 5 7 13 14 17 20 31 34 37 42 44 45 47 49 50 55 57 69 70 85 86 97 99 
0 4 9 18 19 29 35 48 49 50 53 56 58 61 62 70 72 81 82 85 86 87 89 95 
0 4 9 14 18 20 31 34 35 46 49 50 58 62 69 70 72 73 78 85 86 87 91 93 
0 4 8 14 20 22 27 28 34 35 38 40 41 44 46 50 57 58 69 71 85 88 94 96 
0 4 7 13 14 20 22 25 31 33 37 38 40 42 43 45 57 64 70 76 85 86 90 98 
0 3 6 10 41 43 44 46 50 54 56 58 60 62 70 71 72 73 74 76 81 89 91 93 
0 3 5 11 13 14 25 34 43 45 47 49 50 52 53 57 58 70 76 85 86 89 95 98 
0 3 4 12 13 14 20 22 28 32 37 38 42 44 49 50 58 70 71 74 76 80 95 96 
0 3 4 12 13 14 19 21 22 28 32 33 37 38 40 41 42 53 71 74 80 84 95 96 
0 3 4 10 11 15 29 43 45 46 48 49 51 67 70 72 80 81 83 86 89 90 92 93 
0 3 4 10 11 13 14 18 19 25 30 48 49 52 53 57 58 80 83 87 89 94 95 96 
0 2 4 21 22 29 34 38 40 43 45 51 53 61 67 70 81 85 86 88 89 93 95 96 
0 2 4 15 20 29 34 38 40 43 46 55 61 63 66 71 72 81 84 85 90 91 92 98 
0 2 4 14 16 17 25 28 30 48 49 53 64 67 69 70 73 76 85 87 90 93 96 99 
0 2 4 10 14 40 41 43 48 50 51 53 58 66 67 71 73 74 76 83 89 93 95 96 
0 2 3 21 24 30 32 40 41 42 43 45 48 53 70 71 73 74 76 81 82 83 95 96 
0 2 3 10 14 24 25 35 48 49 50 52 53 57 58 60 70 72 73 76 83 86 87 89 
0 1 3 14 19 22 28 33 35 40 41 50 52 57 60 68 71 76 85 87 89 91 94 96 
9 15 17 23 25 28 34 38 47 49 50 52 53 57 58 60 61 63 67 70 72 85 98 
9 14 18 20 24 31 34 35 41 46 50 58 62 69 70 72 77 85 86 87 91 92 93 
9 10 15 23 27 28 38 39 44 47 49 50 52 57 58 61 67 69 71 74 79 84 92 
9 10 15 23 26 46 47 49 50 53 58 60 61 62 63 67 71 72 74 82 84 87 89 
4 6 7 9 23 29 34 49 50 52 61 62 67 68 70 72 77 78 85 86 87 89 93 99 
4 19 26 30 33 36 38 40 43 53 58 62 65 66 67 74 76 78 80 81 89 93 99 
4 14 17 19 26 29 39 48 49 50 54 55 61 66 67 69 72 74 78 92 93 97 99 
4 12 13 14 17 19 28 29 31 35 38 39 40 42 50 53 55 64 69 70 93 96 99 
4 11 19 23 27 39 43 49 50 52 53 56 57 58 65 67 71 74 75 76 89 95 98 
4 11 14 30 31 39 40 45 46 48 53 55 57 64 67 69 70 71 72 73 83 85 90 
4 11 14 19 23 27 30 31 39 41 45 46 48 53 57 64 67 69 75 76 85 97 99 
4 11 14 18 19 21 29 30 39 41 43 48 52 53 66 71 75 83 85 89 93 95 96 
4 10 15 19 22 26 29 35 38 39 40 46 50 55 61 69 70 72 75 78 82 86 91 
3 13 15 20 22 24 34 35 38 42 44 49 50 58 60 62 70 79 81 85 86 93 97 
3 12 15 16 17 22 24 28 34 38 44 49 51 53 67 70 71 72 77 79 90 93 97 
3 12 14 17 19 21 22 26 29 35 38 39 41 42 53 60 64 70 71 74 75 93 97 
3 12 14 16 17 18 20 24 28 31 34 37 38 44 49 57 58 65 70 72 77 92 99 
2 6 7 8 20 21 24 26 34 40 43 55 57 60 61 63 70 71 81 82 83 85 88 96 
2 4 7 8 14 22 25 26 29 34 38 43 49 50 51 58 61 63 67 70 72 85 88 89 
2 4 7 8 14 17 18 38 39 43 49 50 52 57 58 61 65 66 71 72 74 75 91 98 
2 4 6 7 10 20 22 29 43 49 54 55 56 61 68 70 72 75 77 80 86 90 91 93 
2 3 4 8 29 35 39 43 46 49 50 54 55 56 64 70 71 74 81 82 88 89 92 96 
2 15 19 24 26 36 38 39 40 41 46 48 50 53 58 66 67 69 71 75 84 85 93 
2 14 18 24 35 38 42 45 48 49 53 59 64 68 69 75 77 83 85 86 90 93 94 
2 14 16 17 18 19 24 26 38 43 48 49 51 58 61 70 71 72 74 80 83 92 93 
2 12 14 17 18 19 21 24 35 38 52 53 57 60 61 70 71 74 75 79 80 83 96 
2 10 23 34 37 47 49 50 52 56 57 58 61 71 72 76 77 82 87 89 91 94 95 
1 13 15 22 24 28 34 35 49 50 52 53 61 62 69 71 78 79 85 87 93 94 97 
1 12 16 17 19 24 26 27 32 35 38 40 53 61 63 64 71 74 75 76 82 83 96 
0 7 8 9 22 24 37 38 44 49 56 57 58 59 61 63 71 72 74 81 88 89 91 97 
0 6 7 9 22 34 47 49 50 52 56 58 60 61 62 63 71 72 84 85 87 89 91 98 
0 4 7 9 11 14 17 18 20 31 49 50 52 62 64 68 69 70 71 72 73 85 87 93 
0 4 5 9 14 18 20 28 31 44 49 50 51 64 68 69 70 78 85 88 92 93 96 99 
0 3 4 5 14 17 18 20 31 43 44 45 49 51 57 59 64 68 85 86 90 92 96 99 
0 2 6 7 24 40 43 50 55 57 60 61 63 64 67 71 72 81 83 84 85 88 89 98 
0 2 4 8 16 18 29 35 38 43 49 56 58 61 70 71 72 74 81 82 88 89 91 95 
0 2 3 8 10 14 22 24 28 38 40 41 50 51 57 67 68 70 71 72 74 80 89 95 
0 2 3 5 14 19 24 25 28 37 49 52 53 57 59 64 68 76 85 87 89 94 96 99 
0 2 3 4 12 19 22 28 37 40 41 50 52 53 57 64 68 71 82 84 87 89 94 96 
0 1 7 9 10 15 19 24 25 38 40 48 50 52 57 61 67 68 69 70 74 78 80 99 
0 1 6 9 18 20 24 42 43 46 49 56 57 59 60 63 71 73 81 82 84 85 91 96 
0 1 5 7 14 17 20 24 25 32 35 40 50 52 64 68 69 70 74 76 78 87 96 99 
0 15 19 24 35 46 49 55 59 61 62 63 64 71 72 81 83 85 87 89 92 94 97 
0 14 19 24 48 49 53 55 59 60 61 62 64 68 71 72 83 84 85 87 89 93 94 
0 1 3 4 15 20 29 34 35 38 42 44 45 46 49 50 62 70 78 81 85 93 97 99 
0 12 17 20 28 32 36 37 38 40 41 44 47 50 52 68 69 71 74 76 80 92 96 
0 12 13 14 16 20 24 28 32 37 38 40 44 55 61 69 74 80 84 90 92 96 99 
7 9 10 14 18 19 24 31 35 38 43 48 49 52 57 59 60 68 75 80 86 96 99 
6 9 23 29 43 46 48 49 50 58 60 61 62 67 70 72 75 77 85 86 89 93 99 
5 7 14 17 20 21 24 26 35 40 43 52 57 63 64 70 75 76 78 83 85 86 96 
4 9 18 23 29 33 35 50 52 56 58 61 70 72 77 82 85 86 87 88 89 91 92 
4 9 15 16 17 18 19 23 26 29 30 38 42 49 58 62 69 70 71 74 75 82 91 
4 9 14 19 27 28 33 38 40 41 50 51 53 58 66 67 71 74 77 80 89 93 95 
4 9 14 19 22 28 32 33 37 50 52 53 58 61 69 71 77 78 79 84 85 87 98 
4 9 11 14 23 25 29 31 34 41 50 52 53 58 67 69 70 72 85 86 87 88 98 
4 9 11 12 14 17 19 22 29 31 39 49 50 51 53 67 68 69 70 79 86 93 96 
4 7 20 21 22 33 37 38 43 56 57 61 63 65 70 71 74 76 81 82 90 91 96 
4 7 18 23 25 33 35 39 42 45 50 57 64 68 69 70 73 78 82 83 85 86 96 
4 7 17 18 23 37 39 42 44 49 54 56 59 68 69 71 73 74 79 90 91 93 96 
4 7 15 19 22 32 38 42 43 45 48 49 50 58 62 65 71 74 77 78 80 81 84 
4 7 15 17 19 22 29 35 36 38 39 42 45 50 55 69 75 78 79 85 86 93 97 
4 7 11 17 19 21 23 29 30 43 48 54 55 56 62 64 67 70 71 72 74 75 93 
4 6 23 29 33 41 43 45 50 52 62 64 67 68 70 71 72 74 75 77 83 89 93 
3 8 12 26 29 33 38 39 40 41 50 52 58 60 67 70 71 74 75 82 83 89 96 
3 4 16 21 22 30 38 43 44 53 55 56 65 67 70 71 74 80 81 89 90 93 96 
3 4 12 13 14 19 21 33 35 38 39 40 45 53 55 57 70 71 74 83 89 95 96 
3 4 10 19 22 26 29 35 39 43 49 50 54 55 70 75 78 82 86 89 91 95 96 
3 4 10 11 15 25 39 40 43 45 48 51 53 57 64 67 68 70 72 74 83 89 90 
2 8 10 15 18 29 35 41 43 46 50 54 58 60 66 71 72 74 75 77 82 89 91 
2 7 14 18 23 25 35 49 52 57 59 60 61 64 68 85 86 87 88 89 94 96 99 
2 7 14 17 20 22 24 37 38 43 49 55 57 59 61 63 65 72 75 86 90 91 98 
2 7 14 17 18 20 24 26 34 38 42 43 49 50 57 58 63 65 66 71 75 91 96 
2 6 10 23 30 34 43 47 49 52 56 57 58 70 71 72 73 76 77 82 89 91 95 
2 5 14 17 18 20 24 28 35 49 57 68 69 70 71 74 79 80 87 90 91 92 96 
2 4 37 38 43 45 49 57 59 61 65 71 72 74 76 77 80 81 89 90 91 92 98 
2 4 14 20 23 28 29 35 46 49 50 54 55 61 64 69 70 74 88 92 93 96 99 
2 4 12 15 19 23 28 29 36 50 54 55 61 67 68 74 77 80 84 89 92 93 99 
2 4 12 14 23 28 37 39 49 59 61 64 65 68 74 76 87 89 90 92 93 96 99 
2 4 12 14 18 23 37 39 49 50 52 53 57 58 70 72 73 86 87 88 89 95 98 
2 4 10 19 23 35 41 42 43 48 50 54 56 58 70 71 74 75 76 77 80 93 95 
2 4 10 18 19 23 25 28 29 35 49 50 52 53 58 61 63 70 74 82 87 89 96 
2 4 10 15 19 26 40 41 46 50 57 58 66 71 72 74 80 81 84 87 89 91 92 
2 4 10 15 18 19 23 36 45 48 50 52 54 57 61 68 69 74 77 80 84 92 99 
2 4 10 15 18 19 23 25 28 35 49 50 52 53 57 61 63 64 72 82 87 89 94 
2 4 10 14 19 28 29 32 38 49 50 52 58 61 66 69 71 74 77 79 80 84 92 
2 3 22 24 25 26 38 39 40 43 50 52 53 57 64 65 67 70 72 74 82 88 89 
2 3 15 19 22 24 38 42 46 49 53 57 58 59 60 71 77 79 81 84 85 94 98 
2 3 15 16 38 43 47 48 49 53 55 57 65 67 72 74 77 80 81 84 89 90 99 
2 3 12 22 24 34 37 38 42 49 50 53 55 56 65 68 70 75 77 79 86 93 95 
2 3 12 19 21 22 24 26 35 36 38 40 41 42 53 60 71 75 76 80 93 94 96 
1 9 14 16 17 18 19 24 30 31 38 42 43 48 49 53 64 70 71 75 85 93 96 
1 4 19 23 25 26 27 33 35 38 42 50 53 57 63 64 76 78 82 83 85 94 96 
1 4 11 17 19 31 36 41 43 48 50 52 54 56 62 66 67 68 71 75 76 80 93 
0 9 10 14 20 22 28 38 40 41 44 47 50 52 58 60 62 63 71 72 74 84 91 
0 7 13 18 20 24 37 38 42 44 45 49 50 57 64 69 78 81 84 85 94 96 99 
0 6 12 13 20 22 27 33 40 45 47 50 52 57 58 61 69 71 74 82 84 88 96 
0 4 21 22 29 34 35 38 43 44 46 53 55 56 61 63 70 81 85 86 88 89 96 
0 4 19 35 38 46 48 49 50 53 58 61 62 66 69 72 76 78 81 85 93 97 99 
0 4 19 21 22 29 33 38 40 41 43 51 53 63 64 67 70 81 82 85 86 89 96 
0 4 12 13 14 18 29 33 35 52 53 58 59 61 69 71 74 80 83 87 88 93 96 
0 4 11 19 21 40 41 43 46 62 63 64 67 70 71 72 74 76 81 83 89 92 98 
0 4 11 13 18 19 21 29 30 36 41 48 52 56 62 66 71 74 80 87 89 92 93 
0 4 10 20 27 31 34 35 38 41 42 43 44 46 50 56 57 58 63 66 71 76 96 
0 3 14 20 24 25 34 38 40 41 45 50 52 58 62 72 76 83 85 86 94 95 98 
0 3 10 13 14 24 27 30 34 38 40 44 45 53 55 71 78 83 89 93 94 95 96 
0 2 14 17 19 21 22 24 35 38 40 41 43 52 57 60 63 70 71 72 76 85 91 
0 1 4 7 9 14 18 20 33 35 43 50 52 54 57 61 66 68 71 74 78 80 91 96 
0 1 4 6 7 10 20 22 34 43 49 50 54 57 61 63 70 71 76 78 81 82 91 96 
0 1 4 5 6 7 8 9 10 18 20 43 44 49 50 51 54 56 57 63 64 70 71 74 96 
0 1 3 4 6 10 13 18 20 29 31 41 42 43 44 45 59 71 80 81 83 84 93 96 
0 1 3 4 6 10 11 20 22 43 46 49 50 51 54 56 70 71 74 76 80 81 93 96 
6 7 9 10 11 23 25 31 47 49 50 52 56 58 62 67 69 70 72 79 80 86 87 
6 7 8 10 20 22 24 44 49 50 51 56 58 61 62 69 71 72 77 79 80 81 94 
4 8 9 14 17 18 20 23 31 37 38 41 43 50 52 57 63 64 70 71 75 85 96 
4 8 9 12 14 17 23 28 29 30 39 49 52 58 67 69 70 71 72 74 87 92 97 
4 8 9 10 11 20 29 32 49 50 51 54 56 58 69 70 71 74 79 80 81 92 96 
4 7 9 11 15 18 19 29 39 43 48 49 50 51 64 70 72 81 85 86 89 93 99 
4 5 7 11 14 18 20 25 31 43 45 49 50 52 57 58 65 70 80 86 88 96 99 
3 4 8 14 20 22 28 29 33 35 38 55 59 68 71 72 74 77 79 80 88 91 95 
3 4 6 10 20 29 32 42 43 44 45 49 58 59 62 71 74 77 80 81 83 84 95 
2 6 7 20 22 26 40 47 50 52 57 58 60 61 63 71 72 74 82 84 87 88 91 
2 5 7 10 14 19 24 26 35 43 49 50 55 57 60 63 64 70 75 83 86 89 96 
2 4 7 10 20 23 37 49 54 56 57 59 64 68 69 71 72 73 74 76 77 82 90 
2 4 6 10 18 23 41 43 46 48 50 51 54 56 57 58 70 72 73 77 82 86 89 
2 3 6 22 30 34 40 43 45 46 47 57 70 71 72 76 77 81 82 85 89 90 91 
2 3 5 12 14 24 37 40 45 50 52 58 65 67 70 80 86 88 89 92 93 96 99 
2 3 4 12 15 17 20 22 28 29 30 49 55 68 70 71 72 74 77 80 87 90 93 
2 3 4 12 15 17 19 29 38 45 49 50 51 64 67 68 70 72 77 82 83 86 92 
1 5 9 10 14 19 24 32 40 42 43 50 53 66 68 71 74 75 78 80 84 95 96 
1 4 9 16 19 23 25 27 38 43 49 51 53 56 57 61 63 64 67 82 85 89 96 
1 4 7 15 17 20 22 27 35 38 40 45 50 52 61 64 68 69 71 75 78 85 93 
1 4 7 14 25 26 33 40 43 50 52 57 63 64 67 70 73 76 78 83 85 89 96 
1 4 6 16 22 26 33 40 57 61 63 64 65 67 70 71 74 76 81 82 87 89 96 
12 14 19 22 26 33 35 38 40 41 42 50 53 57 58 60 63 70 75 76 86 96 
10 24 34 40 43 46 50 53 55 60 62 66 67 71 72 73 77 81 82 83 84 89 
10 22 34 38 44 46 47 49 50 53 55 56 60 61 62 71 72 77 79 81 84 94 
10 15 20 29 32 36 38 40 41 42 43 50 60 62 66 68 74 75 77 80 84 99 
10 15 20 24 26 27 34 35 38 40 44 50 52 57 58 61 63 71 78 83 92 94 
10 15 18 20 24 35 38 41 45 52 58 59 62 69 72 75 77 80 83 86 93 94 
0 8 9 12 15 17 20 22 27 28 32 38 41 44 47 50 52 58 60 63 71 74 97 
0 7 9 18 24 35 38 43 44 49 56 57 58 59 60 61 80 81 86 88 89 91 96 
0 6 9 10 22 25 28 40 41 47 48 50 52 57 58 60 67 72 74 80 84 87 89 
0 6 7 10 22 43 44 47 49 50 55 56 60 61 62 67 68 71 72 74 80 84 89 
0 5 9 12 14 20 24 31 34 37 49 50 52 57 58 69 70 86 87 88 92 97 99 
0 4 9 16 18 19 29 31 35 38 43 46 48 49 58 62 70 72 80 81 92 93 99 
0 4 9 15 19 29 32 48 49 50 51 54 58 61 62 69 70 78 81 86 92 97 99 
0 4 9 14 22 25 28 33 37 41 52 54 57 58 59 72 74 80 84 88 89 95 98 
0 4 8 20 21 29 35 43 44 46 54 55 56 61 62 63 70 71 72 74 81 91 92 
0 3 5 10 14 20 24 31 35 43 44 45 46 49 55 59 71 80 90 91 92 93 96 
0 3 4 22 28 33 35 38 40 50 53 55 57 64 68 70 71 72 78 82 85 88 89 
0 3 4 13 15 35 38 44 45 49 55 59 64 81 83 85 86 89 90 92 93 94 97 
0 3 4 12 13 20 28 29 32 33 38 40 41 52 59 64 71 74 82 84 88 92 96 
0 2 7 18 24 25 34 37 43 49 50 52 56 57 58 63 72 73 82 84 85 88 89 
0 2 3 10 24 35 40 43 45 48 53 55 57 59 71 72 73 74 81 82 83 89 95 
0 1 9 15 17 20 24 28 34 35 38 40 41 42 44 50 57 60 66 68 71 85 91 
0 1 9 12 15 17 19 28 29 49 50 52 53 60 61 64 67 68 70 74 87 93 99 
0 1 5 10 20 24 35 42 43 44 46 49 50 56 57 60 63 66 71 74 76 91 96 
0 1 4 5 6 7 10 20 44 49 50 52 54 56 57 68 69 70 71 74 76 80 91 96 
0 1 4 13 16 19 22 29 33 35 36 38 43 53 56 61 64 71 81 85 89 93 96 
0 1 4 13 15 16 18 19 35 48 49 53 61 62 71 80 81 83 87 89 93 94 95 
0 1 3 15 19 24 30 40 48 52 53 62 64 67 68 70 71 78 83 85 87 89 93 
8 10 14 26 38 39 40 43 44 46 47 50 55 57 61 67 70 71 74 89 92 96 
7 14 20 22 29 33 38 40 43 55 59 60 61 68 71 72 77 84 85 88 91 93 
7 13 14 18 19 24 25 31 37 38 39 45 49 52 58 59 69 79 84 85 93 96 
7 13 14 17 20 24 26 27 30 32 38 42 44 49 55 66 69 71 83 85 90 97 
5 16 17 18 20 24 31 34 37 42 43 49 56 57 58 63 65 70 71 75 91 96 
4 6 8 9 22 25 26 29 30 33 41 43 52 54 58 62 67 70 72 74 82 89 95 
4 6 8 9 10 23 29 30 31 34 41 44 46 54 56 58 62 67 69 70 71 72 77 
4 6 7 9 22 34 40 50 52 57 61 68 70 72 77 78 82 85 86 87 88 89 91 
4 5 7 9 17 18 19 31 35 43 49 50 52 54 56 58 66 71 75 80 91 93 96 
4 16 20 22 26 27 34 35 38 42 46 49 57 58 63 71 75 76 82 85 94 96 
4 16 19 23 30 38 46 48 49 53 55 56 62 64 71 72 75 77 82 85 89 94 
4 15 19 23 38 43 49 50 55 61 62 63 65 70 71 72 74 78 89 91 92 98 
4 14 20 29 33 38 40 43 45 52 59 61 64 71 72 77 83 84 85 88 92 98 
4 14 19 23 28 29 46 49 53 55 59 61 62 69 71 72 77 79 84 85 87 93 
4 14 16 19 31 38 40 46 48 51 57 64 67 69 70 71 72 76 77 83 85 92 
4 12 14 20 21 23 26 29 34 35 38 44 55 61 63 70 72 83 86 88 92 97 
4 12 14 16 20 28 29 32 33 35 38 40 55 61 69 70 74 77 80 88 92 99 
4 12 13 14 17 23 26 29 39 41 44 50 51 54 58 69 70 74 92 93 97 99 
4 11 12 14 23 39 41 45 50 51 54 57 58 67 70 72 86 88 89 92 97 99 
4 10 26 34 46 49 50 58 61 62 67 70 72 76 78 81 83 86 87 89 92 93 
3 4 6 8 20 22 29 33 40 41 43 52 58 59 62 71 72 75 77 85 91 95 98 
3 32 33 37 39 41 47 50 53 56 58 70 71 73 76 81 82 85 87 89 95 96 
3 20 29 31 35 36 38 42 44 46 55 59 60 62 64 77 81 85 86 93 97 99 
3 18 24 31 41 43 44 45 46 51 53 59 64 72 73 77 81 85 86 88 93 99 
3 13 20 24 26 32 35 49 50 55 64 70 71 78 81 82 83 85 87 88 92 96 
3 13 15 16 17 20 22 25 26 27 30 34 38 42 43 47 49 55 57 82 85 90 
3 13 14 22 27 28 32 38 39 47 49 50 52 53 58 71 84 85 88 89 95 98 
3 12 17 19 22 29 32 35 36 38 41 42 53 56 58 59 60 71 74 75 77 97 
3 12 14 17 28 31 37 38 39 40 42 44 47 53 55 57 65 68 70 90 96 99 
3 10 22 31 38 39 43 46 47 48 49 50 53 56 57 58 60 67 71 81 84 96 
3 10 14 20 22 24 26 35 38 40 42 44 46 50 55 60 80 86 91 93 94 96 
2 4 7 8 18 23 25 29 35 39 49 52 59 61 64 68 69 72 82 83 85 87 88 
2 4 7 8 14 18 23 25 29 34 35 49 50 52 61 68 70 72 83 85 87 88 89 
2 3 4 6 10 26 29 36 40 46 48 50 55 67 74 80 81 84 87 89 93 96 99 
2 16 21 22 24 28 37 38 39 55 57 61 65 71 72 74 79 82 84 88 91 95 
2 12 16 17 24 34 38 49 51 57 58 61 67 69 70 71 72 76 77 82 83 92 
1 4 8 9 12 14 16 17 23 26 29 30 38 44 49 64 67 69 70 71 74 92 96 
1 4 6 9 18 20 23 28 31 34 42 46 49 50 57 63 70 71 73 78 85 91 98 
1 3 4 6 11 18 43 45 48 49 52 59 65 68 71 74 75 80 84 89 93 95 96 
1 10 14 23 26 35 41 43 44 46 50 54 57 60 70 71 74 76 80 89 91 96 
0 4 6 9 10 11 18 20 31 34 46 49 50 56 57 58 63 70 73 81 86 87 96 
0 4 5 9 10 11 18 19 43 46 49 50 51 54 56 57 63 64 70 86 89 92 96 
0 3 4 6 11 13 21 22 29 41 43 45 54 71 74 80 81 84 88 89 93 95 96 
0 3 4 5 12 14 18 28 37 44 49 54 59 68 74 80 84 89 90 92 93 96 99 
0 3 4 5 11 13 18 19 25 43 49 50 52 54 56 58 62 70 80 86 89 95 98 
0 3 4 5 11 13 14 25 31 34 40 43 45 50 53 55 57 70 85 86 88 96 99 
0 3 4 5 10 14 19 31 37 43 45 49 54 55 57 59 68 71 80 84 91 92 96 
0 3 4 5 10 14 19 28 35 46 49 50 54 55 64 70 74 78 89 92 93 96 99 
0 2 7 8 10 22 24 32 35 36 38 43 50 52 56 60 61 64 68 71 74 89 96 
0 2 5 8 14 16 18 20 21 24 43 46 51 57 63 64 70 71 83 85 88 92 96 
0 2 4 7 10 14 18 25 45 48 49 51 54 59 64 68 69 72 73 86 90 93 99 
0 2 4 6 22 36 40 46 55 57 59 61 63 64 71 81 84 85 87 89 90 94 96 
0 2 3 5 14 17 20 28 37 47 49 55 57 68 70 71 74 80 87 90 91 92 96 
0 2 3 5 14 16 25 28 34 37 47 49 53 55 57 67 84 85 87 88 89 96 99 
0 2 3 4 12 18 20 34 37 41 50 52 54 56 57 68 71 72 82 84 88 92 94 
0 22 34 37 41 47 50 53 56 57 58 63 67 70 72 76 81 85 86 87 89 97 
0 1 8 9 14 17 20 22 24 28 32 35 40 41 52 59 62 64 68 69 71 74 87 
0 1 8 9 10 24 41 46 50 56 57 63 64 67 70 71 74 81 82 87 89 92 96 
0 1 8 9 10 15 18 20 24 25 28 34 35 38 49 50 52 60 61 62 63 70 82 
0 1 6 7 24 27 44 45 49 50 52 57 61 64 67 68 69 71 78 83 84 85 96 
0 1 4 9 17 18 19 29 30 31 38 42 48 49 53 56 62 66 68 69 71 80 93 
0 1 4 7 14 17 19 25 31 35 38 42 43 45 48 49 59 62 68 76 80 83 93 
0 1 4 7 10 13 19 22 25 29 48 49 52 56 59 61 62 69 74 80 84 87 93 
0 14 25 32 33 38 40 43 45 47 51 53 61 68 70 76 80 86 89 90 96 99 
0 14 18 19 33 38 41 52 53 58 59 60 62 63 71 72 83 84 85 89 94 98 
0 1 3 8 10 15 29 40 41 50 52 60 62 64 67 68 70 71 74 82 83 87 89 
0 1 3 6 12 24 27 28 34 40 41 44 50 52 67 68 71 73 76 89 93 95 96 
0 1 3 6 10 20 22 31 40 41 42 43 44 45 46 47 50 62 71 80 81 84 91 
0 1 3 4 14 27 30 38 40 41 44 45 52 53 57 64 68 76 85 89 94 96 99 
0 1 3 4 13 15 17 18 20 29 36 38 41 43 45 52 59 62 71 74 80 92 98 
0 1 3 4 11 13 15 17 19 29 32 36 41 45 48 51 59 62 64 71 85 92 97 
0 1 3 4 11 13 14 17 20 27 32 40 41 43 45 50 52 64 74 76 92 96 99 
0 12 14 19 22 33 35 38 40 52 53 57 58 59 60 61 63 72 76 86 89 94 
0 11 14 22 31 34 41 46 47 50 53 58 62 63 67 70 71 72 76 85 87 97 
8 9 10 14 20 23 26 27 30 38 41 43 44 46 47 57 58 71 74 80 92 96 
6 7 20 22 24 31 34 43 44 49 50 57 58 63 65 71 72 78 81 84 88 91 
4 9 18 35 43 44 46 49 54 57 58 59 61 72 74 77 80 81 88 89 92 99 
4 9 14 20 26 27 32 33 35 38 40 41 50 52 58 66 69 74 75 80 96 99 
4 9 14 17 18 20 23 28 31 37 41 52 58 59 69 72 73 77 85 87 93 99 
4 9 10 18 20 23 29 34 38 41 42 50 56 62 68 69 71 75 77 82 84 91 
4 7 14 17 19 27 32 35 38 40 43 45 48 52 58 59 61 75 76 77 85 99 
4 7 11 14 17 19 22 27 31 39 43 45 49 50 55 57 64 65 67 71 75 98 
4 7 10 14 20 27 32 35 38 40 43 45 59 61 68 74 75 76 77 80 90 99 
4 6 18 20 21 23 33 43 52 54 56 57 61 71 72 74 75 77 82 84 91 95 
4 6 12 18 20 21 23 30 33 41 45 52 54 70 71 72 73 74 77 88 93 95 
3 6 10 18 20 24 31 34 43 44 45 49 51 68 70 71 72 73 77 83 90 93 
3 5 12 17 18 19 24 31 36 37 52 53 56 57 59 65 68 71 79 80 87 96 
3 4 14 17 18 30 31 34 38 41 42 43 45 53 57 68 70 71 75 77 83 85 
3 4 12 22 27 31 33 38 39 53 55 56 57 65 67 68 71 75 79 84 90 96 
3 4 11 32 39 43 45 48 49 51 53 64 70 73 76 81 85 86 89 90 96 99 
2 7 10 20 29 36 42 50 54 55 56 60 66 68 71 74 75 77 79 80 84 93 
2 4 18 35 39 41 48 50 53 56 57 58 66 71 73 81 82 85 87 89 95 96 
2 4 16 18 23 28 30 39 46 49 53 57 64 69 70 71 72 73 74 82 87 88 
2 4 15 19 22 36 38 40 43 46 53 57 58 59 61 63 71 75 84 85 89 98 
2 4 10 14 19 23 37 38 42 43 45 49 57 58 59 75 76 77 80 86 91 95 
2 3 4 5 8 14 18 20 46 49 50 51 57 58 70 71 74 79 80 83 88 92 96 
2 3 12 17 20 21 24 34 35 38 40 45 57 70 72 76 77 82 83 86 90 92 
2 3 12 14 28 30 32 39 40 41 47 52 53 68 70 73 74 76 87 89 96 99 
2 3 10 22 24 26 30 34 40 46 53 57 67 70 71 72 76 81 82 87 89 90 
1 8 12 17 20 24 26 34 35 40 50 52 57 61 69 70 71 82 83 87 92 96 
1 4 11 12 13 14 17 19 22 29 32 45 49 52 54 59 69 71 74 79 80 96 
1 4 10 11 15 23 29 30 34 43 45 46 49 53 62 67 70 71 75 83 89 93 
1 3 15 17 20 22 24 26 32 35 36 38 40 43 50 52 62 71 74 75 78 80 
0 6 12 20 24 31 34 36 40 41 44 45 50 51 57 68 69 73 76 86 96 99 
0 5 12 13 16 17 20 24 31 35 49 56 64 69 70 71 76 87 90 92 93 97 
0 4 14 20 21 22 29 35 43 44 46 54 55 61 63 64 70 71 74 78 88 96 
0 4 12 14 17 20 28 31 37 44 49 54 57 63 64 70 71 72 76 90 92 97 
0 4 11 12 14 27 49 50 53 55 57 63 64 67 71 73 74 83 84 88 89 98 
0 3 18 20 21 24 34 35 36 38 41 42 44 46 56 60 81 85 86 93 94 96 
0 3 13 18 20 21 24 37 38 41 44 56 57 64 71 81 84 85 88 92 94 96 
0 3 12 13 16 22 30 47 49 53 56 57 58 70 71 74 76 82 87 89 95 96 
0 2 4 6 8 16 20 22 25 29 32 49 55 56 61 64 69 70 82 85 87 88 96 
0 2 3 4 8 14 18 25 28 29 34 35 41 50 52 68 70 85 87 88 89 95 96 
0 2 3 4 6 10 22 28 29 36 41 46 48 51 54 58 59 71 74 80 89 93 96 
0 1 4 7 9 10 11 14 20 25 27 40 43 52 57 59 64 68 73 74 84 96 99 
0 1 4 7 8 14 29 32 35 38 44 49 52 59 61 62 63 64 71 74 83 89 97 
0 1 3 4 8 10 11 15 22 36 40 41 43 46 50 51 57 64 67 71 74 81 89 
0 1 3 4 6 20 25 27 32 42 43 45 49 50 68 73 76 78 82 83 85 95 96 
0 1 3 4 6 10 11 20 34 43 45 49 50 51 54 57 70 71 73 76 81 95 96 
0 1 3 4 5 11 14 18 19 25 31 49 52 53 59 62 64 68 84 85 87 93 99 
0 1 13 14 16 17 18 19 24 30 31 48 49 57 69 70 71 80 83 87 92 96 
4 8 9 18 29 33 41 50 56 58 62 66 71 72 77 81 85 87 89 91 95 98 
4 8 9 18 20 23 25 28 29 33 38 50 51 61 62 68 69 70 72 79 82 85 
4 7 9 18 31 39 44 49 50 51 54 56 58 69 70 71 72 73 79 81 88 93 
4 7 9 11 14 17 30 31 39 48 49 52 57 58 66 67 69 71 73 85 87 96 
4 6 9 22 25 26 29 32 33 40 41 50 52 58 63 82 84 85 87 88 89 96 
4 6 9 20 22 29 33 41 42 50 54 56 58 62 69 71 74 75 77 82 84 91 
4 6 8 10 11 22 29 31 36 46 50 51 54 56 58 62 67 69 71 79 80 81 
4 6 7 20 22 31 34 40 43 44 45 50 57 58 65 71 78 81 84 88 91 96 
4 6 7 13 18 20 21 23 26 29 36 42 43 44 54 71 74 80 84 90 93 96 
3 6 8 10 22 30 34 43 46 47 49 55 56 62 67 70 71 72 77 81 82 89 
3 4 8 22 31 33 37 38 39 41 43 56 57 58 59 71 72 81 85 88 91 98 
3 4 8 16 18 21 30 33 57 64 70 71 72 77 81 82 83 85 87 88 89 92 
3 4 6 20 22 28 29 33 36 40 42 50 55 62 68 71 77 78 84 85 93 95 
3 4 5 14 17 20 28 37 42 44 49 50 54 55 70 71 74 78 79 91 93 97 
3 4 5 14 17 19 21 37 42 45 54 55 57 70 71 74 75 78 79 80 91 98 
2 7 8 20 22 24 32 36 37 50 56 58 61 65 71 74 77 79 80 81 87 98 
2 7 8 10 14 24 26 35 40 50 55 57 60 61 63 66 71 72 74 83 87 89 
2 4 8 12 17 18 20 23 30 36 41 52 54 56 57 68 69 71 74 77 80 92 
2 3 5 14 17 25 37 47 49 50 52 53 57 58 65 67 70 76 80 86 87 98 
2 3 5 10 19 24 36 37 50 52 56 57 58 67 71 74 79 80 84 87 92 96 
2 3 4 12 14 17 19 21 28 32 37 41 52 54 70 71 74 76 77 80 92 98 
1 4 9 10 14 19 23 25 28 31 49 50 52 53 57 63 64 67 70 78 87 96 
1 4 7 15 19 27 32 38 45 49 50 52 61 64 69 71 75 78 83 84 85 98 
1 4 7 13 20 26 30 32 33 38 40 42 62 66 69 71 74 76 78 80 81 83 
1 4 5 7 8 9 11 17 18 20 31 43 49 52 54 56 57 59 63 64 71 75 96 
12 16 24 26 27 34 38 49 57 58 61 63 67 71 82 83 84 88 89 92 96 
0 8 9 14 17 20 24 27 28 32 38 49 50 52 58 60 61 63 66 71 85 98 
0 6 7 13 20 21 22 24 32 40 55 61 64 70 78 81 82 85 86 87 88 96 
0 5 9 12 14 24 28 32 35 40 52 53 58 59 60 63 71 74 87 88 89 96 
0 5 7 10 14 19 24 25 31 37 40 42 43 50 55 57 63 64 70 78 86 96 
0 4 7 20 22 31 33 36 37 42 43 45 54 55 57 59 68 71 80 84 90 96 
0 4 7 11 17 20 22 27 31 43 49 51 56 57 59 63 64 71 76 85 90 96 
0 4 7 10 14 20 25 29 31 34 38 40 45 51 68 69 70 83 86 90 93 96 
0 4 5 10 14 18 19 42 45 46 49 50 54 57 58 69 78 80 84 94 96 99 
0 3 6 12 13 16 22 24 30 49 56 57 58 70 71 74 76 82 87 89 95 96 
0 3 6 11 13 20 22 25 34 41 43 47 50 51 56 58 62 70 76 85 86 95 
0 3 5 13 14 19 24 35 49 50 53 55 57 64 71 78 83 85 87 89 94 97 
0 3 5 12 13 14 17 20 32 35 42 44 49 54 58 59 60 76 80 86 96 99 
0 3 4 12 13 17 20 29 32 38 45 49 50 51 58 70 71 74 82 83 92 96 
0 3 4 12 13 17 20 21 22 28 30 36 41 42 44 54 71 74 76 80 93 96 
0 3 4 12 13 14 20 22 28 31 33 37 41 42 50 54 64 70 71 76 93 96 
0 3 4 10 11 13 14 20 22 25 27 43 45 49 51 57 59 64 74 76 90 96 
0 2 7 10 20 22 24 25 38 42 49 55 56 57 59 60 63 64 82 84 94 96 
0 2 4 19 21 22 28 29 32 35 36 38 40 41 52 53 63 64 71 85 89 96 
0 2 4 18 19 29 38 41 46 50 56 58 69 70 71 72 74 80 81 91 92 98 
0 2 3 12 17 20 22 34 35 41 50 52 54 56 57 58 60 70 72 76 82 86 
0 1 6 7 8 9 10 11 22 25 30 43 47 49 52 56 62 67 68 70 74 80 89 
0 1 6 10 13 20 22 25 27 32 40 43 45 47 50 51 61 74 76 80 95 96 
0 1 4 13 19 29 31 33 40 41 59 64 69 71 81 83 84 85 87 92 93 96 
0 1 3 15 24 34 35 38 44 45 46 49 50 57 70 78 81 85 89 92 97 99 
9 24 35 38 40 41 43 44 46 57 58 59 72 74 77 80 81 88 89 92 99 
9 11 14 25 27 30 32 39 40 41 43 47 52 53 68 73 85 88 89 95 96 
8 10 15 22 24 35 36 38 40 46 58 59 60 61 62 71 75 77 80 89 94 
7 14 18 20 21 23 33 35 52 54 60 61 72 77 79 80 86 88 91 93 94 
6 20 23 27 34 42 45 46 47 49 55 57 69 71 73 79 82 84 85 90 96 
4 15 16 23 36 38 46 48 53 55 57 61 64 67 75 77 85 89 90 97 99 
4 13 15 18 20 23 25 29 43 45 49 52 54 58 59 61 62 80 86 95 98 
4 12 19 22 33 36 37 38 42 50 53 56 57 63 64 65 71 74 75 76 96 
4 11 14 18 23 25 41 50 52 53 68 72 80 83 84 87 88 89 93 94 95 
3 12 14 21 24 27 32 40 41 44 45 51 53 71 73 74 76 77 83 89 95 
2 4 5 8 10 14 20 32 35 43 49 50 55 66 68 71 74 75 80 83 95 96 
2 3 4 8 14 16 17 21 22 28 29 30 34 40 55 67 70 71 72 77 85 87 
2 12 15 23 28 36 38 39 47 53 55 57 61 65 67 68 74 84 89 90 99 
1 4 6 9 16 26 40 43 46 48 51 57 64 67 70 71 73 74 81 82 89 96 
1 3 4 5 12 14 16 26 34 40 44 51 53 67 70 71 76 83 89 93 95 96 
1 3 4 5 11 17 19 49 50 52 54 56 62 64 67 70 71 74 75 76 93 97 
0 6 8 9 11 20 22 25 27 34 43 47 49 50 51 56 57 58 85 88 95 96 
0 5 6 9 11 25 47 49 50 52 56 57 58 67 70 80 86 87 88 89 95 98 
0 4 7 9 10 11 15 18 19 29 49 52 59 62 63 64 71 72 74 84 87 89 
0 4 6 8 20 21 22 44 46 51 54 56 57 61 63 64 71 72 81 88 94 97 
0 4 6 8 16 18 34 36 44 46 51 56 57 58 61 63 71 81 85 89 94 96 
0 3 5 6 10 31 43 44 46 47 49 50 51 56 57 58 67 70 76 80 86 96 
0 3 4 8 11 15 22 29 32 36 40 41 43 50 58 62 71 81 85 89 95 98 
0 25 27 32 33 40 43 53 55 59 60 63 64 73 82 83 84 85 88 89 96 
0 2 4 8 10 14 28 32 37 40 50 52 58 61 63 70 71 74 87 89 92 96 
0 2 4 7 20 32 37 43 49 50 54 56 58 63 70 71 73 74 81 82 88 96 
0 2 4 5 14 16 18 34 35 46 49 53 57 58 69 71 83 85 87 88 94 96 
0 2 4 5 10 14 19 25 28 37 40 42 53 57 58 59 69 80 84 94 96 99 
0 2 3 5 16 17 20 21 24 34 35 42 43 56 57 70 71 76 85 90 91 96 
0 2 3 4 12 17 28 35 36 40 41 42 50 53 64 68 71 73 74 76 93 96 
0 2 3 4 10 14 18 19 25 28 30 38 41 42 48 53 58 80 93 94 96 99 
0 1 4 9 18 19 29 33 38 41 56 59 62 69 71 74 80 81 84 91 92 98 
0 1 4 5 7 8 9 11 17 20 32 49 50 52 54 56 62 66 68 69 71 74 80 
0 1 3 4 14 27 28 31 33 40 42 50 53 57 64 68 71 73 78 84 85 96 
0 1 3 4 11 12 13 14 19 27 31 40 41 45 50 52 53 80 84 93 96 99 
6 9 12 23 33 47 50 51 56 57 58 67 69 70 72 73 77 79 82 86 88 
4 9 12 14 16 20 22 32 37 38 42 49 58 69 71 74 75 77 79 80 84 
4 7 19 21 23 30 48 52 62 64 71 72 76 77 78 82 83 85 87 89 94 
4 7 14 18 29 33 38 39 42 66 68 69 71 74 75 79 84 90 91 93 96 
4 7 13 14 20 23 25 26 27 30 33 38 42 57 69 74 76 80 83 90 96 
4 7 11 15 18 20 49 50 52 58 62 65 66 71 72 74 75 79 80 84 98 
4 7 10 13 29 31 36 38 39 40 43 44 50 52 58 66 78 84 93 96 99 
4 6 23 25 29 33 45 50 51 61 67 68 70 72 74 78 79 82 83 88 95 
3 8 18 20 24 38 49 56 58 59 62 65 71 72 74 77 79 81 82 91 92 
3 8 15 17 34 36 38 40 41 43 44 47 50 51 62 67 68 71 77 85 92 
3 4 17 19 22 29 30 31 36 41 42 48 54 56 58 62 71 75 77 93 97 
3 4 16 20 21 32 33 37 40 42 43 64 70 71 73 74 76 77 81 82 90 
3 4 14 20 27 31 33 40 43 45 50 52 58 73 77 78 84 85 88 93 99 
3 4 13 14 16 20 25 26 29 34 38 40 42 43 55 84 85 90 93 96 99 
3 4 10 32 36 37 40 43 44 45 53 55 59 64 73 77 81 86 89 90 99 
2 4 19 35 38 42 45 46 49 53 55 59 69 79 81 83 85 86 93 94 96 
2 4 18 19 23 36 41 43 46 54 56 57 59 63 64 71 74 84 89 92 98 
2 4 18 19 21 37 38 39 43 53 56 57 61 65 70 72 81 86 89 95 98 
2 4 15 19 29 32 38 39 45 49 55 59 61 64 69 81 83 85 86 92 98 
2 4 12 14 20 21 23 26 35 38 41 42 57 75 76 80 83 86 94 95 96 
2 3 4 5 8 12 17 36 37 50 55 56 57 64 65 67 68 71 74 87 92 96 
2 3 24 26 38 39 43 49 50 53 58 65 67 70 72 81 86 88 89 93 99 
2 3 10 15 20 22 24 30 34 38 40 42 45 55 71 77 81 91 93 94 95 
0 6 20 24 42 43 46 49 50 55 56 60 62 63 64 70 73 81 82 85 86 
0 6 10 13 30 32 36 40 41 42 45 47 48 58 62 69 74 76 80 81 99 
0 6 10 13 20 22 28 36 40 44 47 50 52 58 61 62 71 76 80 94 95 
0 5 6 8 9 16 28 31 34 44 46 47 49 51 58 62 67 69 70 71 85 97 
0 4 13 18 21 34 37 45 54 57 61 71 78 81 82 84 88 89 92 94 96 
0 4 13 16 22 34 37 49 53 55 56 61 71 81 85 87 89 90 93 94 97 
0 4 12 14 18 19 29 31 33 38 41 45 52 53 59 64 69 72 83 86 98 
0 3 4 6 8 12 20 27 40 41 44 50 52 57 68 71 80 83 88 94 95 96 
0 2 3 4 8 10 15 20 22 29 30 32 43 49 54 55 70 71 74 80 81 95 
0 2 3 4 5 10 18 20 35 49 50 52 56 58 71 80 87 91 93 94 95 96 
0 2 14 16 18 21 24 28 34 35 46 53 61 71 85 87 88 89 93 94 96 
0 2 12 15 17 20 32 38 45 47 49 51 61 68 69 70 80 86 90 92 99 
0 1 4 8 9 18 20 25 29 30 33 38 41 43 52 56 62 68 70 74 82 95 
0 1 4 7 8 10 18 25 35 38 49 52 56 57 59 61 63 64 82 89 94 96 
0 1 4 6 7 10 11 13 29 30 31 40 45 48 52 62 69 70 71 80 83 93 
6 8 9 12 20 22 24 30 31 34 40 41 52 57 58 69 70 71 72 75 77 
4 7 8 11 15 17 20 22 29 32 36 40 43 50 55 62 71 74 75 80 98 
3 4 8 11 12 17 20 22 27 30 31 49 55 56 57 64 65 68 71 75 96 
3 4 8 11 12 14 17 20 22 31 49 50 54 55 57 64 68 70 71 75 96 
3 4 6 21 27 28 30 40 46 48 55 57 64 67 71 73 77 78 82 85 89 
2 4 8 10 23 25 29 30 38 39 41 52 64 67 68 69 70 74 82 83 96 
2 4 8 10 15 18 23 28 29 35 36 39 50 52 61 68 71 74 79 87 95 
2 4 6 12 23 29 34 36 50 54 55 56 61 67 68 75 86 89 93 95 96 
2 3 6 12 20 21 24 40 41 52 57 60 70 72 77 80 83 86 87 88 98 
2 3 4 10 15 20 28 29 32 35 49 54 55 64 68 70 74 77 90 92 99 
1 6 7 10 13 20 24 27 31 34 42 44 49 50 57 60 71 79 83 84 96 
16 17 18 21 24 26 35 36 42 43 44 53 57 63 64 71 73 85 90 96 
14 33 35 39 40 41 43 50 52 57 60 66 68 71 72 73 76 85 89 91 
13 17 24 31 36 38 39 44 45 50 51 58 69 71 78 79 85 92 93 97 
0 5 9 10 14 28 31 34 44 46 49 50 54 57 58 60 66 67 84 96 99 
0 4 8 11 31 34 36 40 46 50 55 57 66 67 69 71 81 85 87 92 96 
0 4 7 11 13 15 22 34 36 45 50 51 58 62 71 81 85 89 93 94 97 
0 4 6 21 22 28 29 34 36 40 52 61 63 67 71 78 84 85 87 89 96 
0 4 5 16 28 31 34 36 40 44 46 51 53 57 67 69 71 76 85 90 96 
0 3 8 16 17 24 31 34 37 49 55 56 57 67 70 71 72 85 87 92 97 
0 3 6 13 16 22 27 30 32 43 47 48 49 55 56 71 82 85 89 90 96 
0 3 4 12 21 33 36 37 40 42 45 53 55 64 71 73 74 84 90 93 96 
0 3 4 12 14 16 17 18 28 31 34 44 49 51 53 57 70 72 73 90 99 
0 2 4 22 25 29 49 50 52 53 56 61 64 67 69 72 74 84 87 88 98 
0 2 4 12 14 17 20 21 37 40 55 57 63 64 70 72 73 86 87 90 98 
0 1 5 6 8 9 18 24 43 44 46 49 51 56 57 59 63 64 71 85 89 96 
0 1 5 12 13 14 20 24 40 52 59 69 71 74 80 83 84 87 92 93 96 
0 1 4 13 18 19 28 29 33 35 38 41 42 50 53 62 66 71 74 82 95 
0 1 3 13 14 16 18 24 34 38 43 44 49 51 53 62 70 85 89 93 99 
8 12 16 23 28 31 33 36 37 47 57 58 65 67 71 77 79 80 87 92 
7 19 29 31 33 39 40 50 58 60 66 67 71 72 81 83 84 85 87 93 
4 11 20 31 34 49 50 56 58 62 63 65 66 71 72 76 81 87 92 98 
4 11 12 15 19 23 27 49 55 57 59 63 64 65 71 74 84 89 92 98 
2 4 5 7 10 34 37 43 49 54 56 57 63 70 75 76 86 89 90 91 96 
2 3 4 8 14 20 28 29 32 38 40 41 52 59 64 71 77 85 88 92 98 
1 4 6 9 16 20 22 29 30 31 33 42 43 56 62 64 70 71 75 85 93 
1 4 6 7 20 22 27 31 34 40 43 50 52 57 63 65 71 75 76 78 98 
1 3 5 6 12 20 24 31 34 36 40 42 44 45 50 65 68 71 84 93 96 
1 3 4 5 10 11 13 19 32 36 52 54 56 59 71 74 79 80 84 92 96 
0 4 7 9 11 29 30 34 49 54 56 58 62 66 67 71 72 81 89 93 97 
0 4 6 7 10 11 20 25 45 49 52 58 59 62 69 72 73 74 76 83 93 
0 3 5 6 12 13 20 31 34 36 40 42 44 45 47 50 55 57 71 84 96 
0 3 4 8 15 17 20 22 25 28 29 30 32 49 52 54 58 62 70 74 80 
0 3 4 8 12 15 18 30 38 41 44 52 57 68 71 72 80 83 89 94 95 
0 3 4 5 12 13 17 19 36 37 42 53 56 57 58 59 71 74 76 80 96 
0 3 4 5 11 14 31 40 43 45 46 53 55 57 67 71 80 83 84 90 98 
0 2 7 8 14 17 20 21 22 24 32 37 40 52 61 70 71 74 80 87 98 
0 1 6 7 20 24 32 40 43 50 61 62 63 64 71 78 81 82 83 84 85 
0 1 5 6 12 13 20 24 28 31 36 40 50 52 57 69 71 76 80 87 98 
0 1 4 8 29 30 33 36 41 52 56 62 66 67 68 69 71 74 80 87 92 
0 12 17 22 32 36 38 44 47 50 52 53 56 58 60 61 63 76 86 97 
7 8 21 29 33 35 39 54 55 56 60 61 66 71 74 79 81 82 91 96 
4 8 20 21 29 30 33 40 55 62 66 71 72 77 81 82 85 87 91 95 
4 7 19 23 33 35 55 56 59 61 62 63 72 82 85 86 87 89 91 94 
4 7 19 22 32 33 36 37 43 45 54 55 59 61 64 77 81 86 89 98 
4 7 19 22 31 33 36 40 50 58 62 63 65 67 76 78 81 86 87 98 
4 6 12 16 21 22 27 34 44 56 57 61 63 65 67 71 76 89 90 96 
4 6 10 11 13 18 20 23 25 30 34 41 52 58 62 69 87 93 94 99 
3 6 31 36 40 42 43 45 47 48 50 58 62 65 76 77 80 81 86 99 
3 4 18 20 33 37 38 42 43 45 57 59 64 65 68 75 77 82 86 90 
3 4 12 14 19 21 22 26 35 38 53 55 64 72 75 86 89 93 94 97 
2 7 10 14 20 32 37 42 43 45 47 49 68 70 73 74 76 77 90 99 
2 6 10 22 28 34 36 46 47 50 57 58 60 61 67 71 79 84 87 96 
2 4 17 18 23 25 29 38 39 42 49 53 56 59 69 79 85 86 90 98 
1 9 12 15 20 23 26 27 34 38 42 47 49 50 57 60 63 71 82 84 
0 5 10 11 14 46 47 49 57 63 67 70 71 74 76 87 89 90 92 96 
0 4 11 20 36 41 46 50 54 56 57 58 69 71 76 80 81 92 94 98 
0 3 10 13 22 24 34 35 49 53 56 70 71 76 81 87 89 90 93 96 
0 2 4 5 7 21 36 37 43 55 56 57 63 64 67 71 84 85 89 90 98 
0 2 3 4 8 12 16 18 21 30 38 57 64 71 72 82 83 88 89 92 94 
0 1 4 7 9 11 14 17 20 31 40 52 57 59 63 64 71 73 85 87 98 
0 1 15 17 28 34 36 38 44 47 50 52 53 60 61 62 67 85 97 99 
4 6 7 11 13 23 36 45 48 50 51 57 58 76 85 86 89 94 97 99 
4 6 7 11 13 20 21 22 36 45 54 55 57 79 80 81 86 90 94 96 
17 19 23 29 36 50 53 55 56 60 61 62 63 64 67 85 86 87 97 
1 5 9 12 14 16 17 20 24 26 34 35 40 42 44 69 70 71 93 96 
1 5 6 20 24 31 36 42 46 56 59 60 62 63 64 71 75 76 85 97 
1 4 7 11 19 22 36 52 56 59 65 68 71 74 79 80 84 87 93 96 
13 17 20 23 27 31 38 41 42 43 56 57 58 59 60 71 76 80 98 
0 3 5 13 16 17 19 21 24 36 51 56 62 64 71 74 76 92 93 97 
0 3 4 11 13 17 18 21 29 43 48 51 53 56 70 80 86 90 93 96 
0 2 4 5 7 8 14 20 25 34 37 40 43 50 55 57 63 70 85 88 96 
0 2 4 12 15 20 22 49 51 54 57 59 61 63 64 72 82 86 90 94 
0 1 7 17 18 24 35 36 42 48 56 59 64 68 69 71 73 74 93 96 
4 7 8 9 15 26 29 30 39 49 58 66 71 72 81 85 87 89 91 97 
4 18 20 23 31 35 36 46 57 59 64 69 85 86 87 90 92 96 99 
4 11 12 13 19 23 49 54 55 56 57 59 71 79 80 84 94 95 96 
3 4 5 6 13 16 18 20 25 26 49 58 62 80 83 84 87 93 94 95 
3 12 34 36 44 47 50 53 55 56 57 60 67 68 71 73 77 84 89 
0 2 3 4 12 14 17 18 19 21 41 45 51 54 57 70 80 86 92 96 
0 1 6 9 20 24 40 41 42 46 50 62 64 69 70 71 73 74 81 98 
7 8 23 30 33 38 47 52 56 58 62 71 72 77 82 85 89 91 94 
4 9 16 26 27 33 39 40 42 43 53 57 64 71 73 74 82 84 96 
4 9 14 27 28 40 41 46 48 51 53 57 58 59 73 77 85 89 99 
3 6 24 28 40 50 55 68 72 77 78 80 84 87 88 89 93 94 99 
2 5 19 21 28 35 36 42 46 54 55 60 66 71 74 79 80 93 96 
2 3 15 26 34 36 38 40 42 43 47 50 53 55 57 65 81 84 99 
0 3 4 5 8 16 18 21 37 44 56 57 71 80 88 89 91 94 95 96 
0 2 4 6 7 20 29 34 40 42 43 50 58 63 71 81 83 84 85 98 
4 17 21 32 35 42 53 55 62 66 71 73 74 77 78 79 82 83 
0 3 5 6 11 13 20 25 40 43 45 47 55 57 74 80 84 90 98 
6 7 23 25 26 33 47 55 57 61 72 85 86 87 89 90 94 99 
2 3 4 5 6 43 45 46 49 57 58 59 75 76 80 83 86 89 98 
0 7 14 18 21 24 42 43 48 60 62 66 71 73 74 83 84 93 
3 5 6 11 25 31 34 45 47 49 55 57 67 79 84 85 90 98 
3 4 5 19 32 36 42 43 50 53 55 56 62 75 85 86 95 98 
0 4 6 12 20 32 33 50 54 55 56 63 64 70 73 86 88 98 
7 36 57 65 71 75 
7 17 26 51 76 80 
65 67 75 76 95 
48 52 76 93 99 
44 51 61 66 71 
44 51 57 83 86 
37 39 54 61 90 
36 45 54 78 95 
29 52 54 62 70 
26 55 71 91 97 
26 36 63 74 75 
25 38 62 65 76 
24 62 63 70 76 
24 43 45 62 65 
24 39 75 83 90 
24 36 67 74 75 
24 35 52 72 83 
19 26 65 78 99 
17 26 34 52 65 
15 71 87 91 95 
15 43 45 52 75 
13 26 27 88 99 
13 15 64 78 99 
12 15 26 36 44 
10 15 38 47 67 
9 47 74 80 95 
9 17 38 78 99 
8 24 35 38 95 
7 42 45 54 70 
7 38 45 71 78 
7 20 24 59 99 
7 13 74 87 90 
6 70 72 90 93 
6 36 74 76 78 
5 51 64 68 90 
5 17 44 52 59 
2 26 53 55 88 
1 24 44 51 62 
6 7 42 44 76 
2 8 51 68 83 
66 68 74 78 
65 74 84 89 
62 82 85 95 
57 69 86 88 
54 80 90 92 
53 74 93 95 
53 61 64 76 
52 78 87 89 
52 74 79 97 
52 53 62 68 
44 50 55 95 
43 48 51 90 
42 49 62 75 
40 47 55 71 
40 42 47 90 
39 45 78 95 
38 53 57 58 
35 39 71 76 
32 52 69 71 
32 52 53 99 
32 47 48 99 
32 42 45 85 
31 47 49 72 
30 38 42 75 
28 52 54 68 
27 30 85 88 
24 80 90 92 
24 56 89 95 
24 36 41 80 
22 44 91 95 
22 39 44 76 
22 39 44 57 
22 27 52 65 
22 24 49 74 
21 36 45 71 
21 24 26 53 
21 24 26 35 
20 46 72 76 
20 37 44 86 
20 29 70 90 
19 37 78 99 
18 44 51 58 
18 39 88 99 
18 37 72 89 
17 28 36 44 
17 26 67 97 
17 18 38 59 
15 68 83 87 
15 59 74 98 
15 17 22 64 
15 17 19 42 
14 57 65 89 
14 38 75 91 
13 85 87 97 
13 37 41 52 
13 24 84 99 
13 21 36 90 
13 15 28 57 
12 36 64 76 
12 13 15 57 
11 65 68 76 
10 66 74 80 
10 45 62 83 
9 75 89 91 
9 43 52 88 
9 38 49 78 
9 37 47 63 
9 24 57 60 
9 24 39 97 
9 10 49 51 
8 50 54 75 
8 49 70 87 
8 39 43 57 
8 29 70 91 
8 29 64 70 
8 28 62 65 
8 17 63 91 
7 56 59 76 
7 51 78 86 
7 43 80 90 
7 39 43 99 
6 76 82 85 
6 69 72 87 
6 61 65 93 
6 57 81 86 
6 50 65 74 
6 26 60 76 
5 45 49 88 
5 42 59 99 
5 28 52 85 
5 24 42 97 
5 19 24 71 
5 14 47 57 
3 51 62 64 
3 51 54 78 
3 26 27 51 
2 40 47 80 
2 36 48 80 
2 35 63 74 
2 16 71 81 
2 12 89 99 
0 15 24 59 
5 8 87 88 
2 6 90 94 
2 5 26 92 
1 6 44 47 
83 94 95 
83 93 96 
77 86 99 
77 85 86 
75 79 93 
75 78 84 
71 79 83 
67 76 92 
67 68 87 
63 65 84 
62 77 89 
62 63 86 
60 87 88 
58 59 89 
56 61 66 
55 79 93 
55 59 94 
54 56 60 
53 83 97 
53 68 87 
52 82 86 
52 58 77 
50 80 81 
50 76 96 
50 70 78 
50 68 75 
50 58 72 
49 63 97 
49 58 80 
49 55 98 
48 56 75 
46 75 78 
46 72 86 
46 53 90 
46 51 58 
45 79 97 
45 49 98 
44 73 77 
43 56 70 
43 55 63 
41 59 69 
41 46 76 
41 45 73 
41 42 83 
40 87 88 
37 69 82 
37 61 82 
36 46 69 
36 39 60 
35 49 93 
34 73 99 
34 42 70 
34 41 99 
33 87 91 
33 71 78 
33 63 72 
33 58 72 
32 39 89 
32 38 84 
32 33 99 
31 54 67 
31 45 68 
31 43 65 
30 68 89 
30 53 95 
29 33 52 
29 31 90 
29 30 36 
28 64 69 
28 55 87 
28 55 66 
28 48 85 
28 48 76 
28 48 51 
28 36 66 
27 30 49 
26 41 82 
25 73 76 
25 43 74 
25 29 54 
24 30 40 
23 74 96 
23 49 71 
23 42 70 
23 38 53 
23 35 76 
22 49 91 
22 48 72 
22 29 52 
21 61 80 
21 48 70 
20 79 91 
20 42 43 
20 34 91 
20 33 95 
20 33 75 
20 27 56 
19 69 78 
19 38 77 
19 37 56 
19 24 31 
18 63 75 
18 54 94 
18 48 71 
17 82 83 
17 30 43 
17 25 93 
17 23 69 
17 20 23 
16 64 83 
16 56 85 
16 53 90 
16 36 87 
16 20 95 
16 20 75 
15 35 82 
15 19 25 
14 52 86 
14 48 54 
14 17 61 
13 56 97 
13 53 61 
13 30 69 
13 21 89 
13 19 42 
12 52 53 
12 45 61 
12 24 35 
12 19 26 
11 53 90 
11 30 99 
11 18 54 
11 17 93 
10 58 87 
9 42 48 
9 35 78 
9 27 73 
8 59 77 
8 21 63 
8 16 39 
8 11 68 
7 29 35 
6 69 73 
6 48 89 
6 41 80 
6 30 83 
6 28 95 
5 12 17 
4 56 90 
4 43 65 
4 36 68 
4 32 65 
3 88 97 
3 76 86 
3 70 80 
3 68 88 
3 32 99 
3 30 65 
3 21 74 
3 19 65 
2 73 82 
2 50 86 
2 46 73 
2 40 73 
2 18 46 
1 75 89 
1 67 76 
1 48 74 
1 48 51 
1 35 57 
1 35 38 
1 18 54 
0 36 97 
0 17 93 
0 15 29 
0 13 70 
0 10 62 
6 7 98 
2 3 53 
0 8 68 
