3 42 68 76
15 39 74 79
42 54 68 76
0 20 79
0 20 98
0 39 79
0 72 98
0 95 98
1 11 89
1 11 95
1 18 95
1 42 70
1 71 95
2 44 50
4 8 99
4 30 46
4 30 99
4 41 52
4 54 62
4 54 99
4 62 78
4 62 81
5 22 31
5 22 36
5 22 68
5 22 94
5 23 36
5 31 50
5 34 39
5 39 50
5 39 97
5 44 50
5 44 94
5 94 97
6 30 47
6 32 82
6 43 47
6 43 77
6 68 77
6 77 82
7 18 19
7 18 47
7 44 94
7 63 74
7 63 99
8 38 97
10 20 64
10 33 53
10 33 88
11 17 89
11 40 55
11 40 77
13 24 82
13 32 38
13 32 82
13 35 38
13 65 73
13 65 78
13 73 82
14 18 19
14 18 55
14 31 78
14 59 93
15 22 68
15 35 39
15 60 68
16 33 99
16 43 99
16 63 99
17 20 85
17 20 93
17 45 93
17 53 93
18 19 36
18 19 86
18 24 95
18 36 55
18 36 95
20 42 70
20 42 96
20 64 96
21 28 71
21 31 38
22 31 72
22 53 72
22 64 96
23 42 81
23 45 62
23 62 81
24 28 82
24 28 85
24 28 95
24 53 93
25 39 79
25 51 69
25 57 77
25 77 87
26 77 82
28 34 88
28 34 89
28 41 88
28 67 71
28 71 95
28 77 82
28 88 95
29 54 96
31 32 38
31 32 50
31 33 88
31 38 77
31 38 88
31 38 89
31 46 50
31 50 72
31 65 69
31 65 78
31 69 89
31 74 77
31 74 88
31 74 89
31 78 88
32 39 50
32 40 82
33 34 88
33 42 54
33 42 88
33 53 93
33 54 99
35 38 88
35 88 95
38 55 97
39 50 59
39 63 74
40 43 77
40 54 55
40 54 77
40 54 84
40 77 82
40 77 87
41 45 57
41 57 88
42 54 96
42 58 88
42 58 96
42 66 88
42 76 81
45 51 62
45 54 62
45 54 84
46 50 60
46 60 82
46 94 97
47 81 84
48 68 77
50 60 98
50 72 98
51 62 78
54 68 77
54 76 91
57 63 99
58 83 88
60 82 98
62 78 88
71 83 99
73 77 82
73 80 82
74 76 89
74 79 88
78 83 88
