5 17 30 47 59 72 82 95 107 115 142 162 173 186 198
8 21 50 74 84 98 109 119 132 144 153 165 175 188 201
0 13 26 34 44 67 78 103 138 148 158 170 182 195
11 41 52 88 102 112 123 136 146 156 168 179 192 205
0 1 2 3 4 5 6 7 8 9 10 11 12
10 23 33 40 51 76 87 100 135 155 166 191 203
13 14 15 16 17 18 19 20 21 22 23 24 25
78 79 80 81 82 83 84 85 86 87 88 89 90
113 114 115 116 117 118 119 120 121 122 123 124 125
182 183 184 185 186 187 188 189 190 191 192 193 194
195 196 197 198 199 200 201 202 203 204 205 206 207
1 14 27 45 55 68 91 104 113 159 183 196
25 43 54 66 90 125 147 157 169 181 194 207
55 56 57 58 59 60 61 62 63 64 65 66
91 92 93 94 95 96 97 98 99 100 101 102
126 127 128 129 130 131 132 133 134 135 136 137
158 159 160 161 162 163 164 165 166 167 168 169
170 171 172 173 174 175 176 177 178 179 180 181
2 28 35 46 56 69 92 126 139 149 184
3 16 58 71 80 93 106 128 140 161 172
6 18 37 48 60 73 96 116 150 163 199
9 22 32 63 86 111 121 134 177 190 202
19 38 49 61 108 117 130 143 151 164 174
31 39 75 85 99 110 120 133 154 176 189
44 45 46 47 48 49 50 51 52 53 54
67 68 69 70 71 72 73 74 75 76 77
7 20 62 83 97 118 131 152 187 200
12 42 53 65 89 124 137 180 193 206
15 36 57 70 79 105 114 127 160 171
34 35 36 37 38 39 40 41 42 43
103 104 105 106 107 108 109 110 111 112
138 139 140 141 142 143 144 145 146 147
148 149 150 151 152 153 154 155 156 157
24 64 77 101 122 145 167 178 204
4 29 81 94 129 141 185 197
26 27 28 29 30 31 32 33
