11 12 13 14 15 16 17 18 19 20 21 22 23 24
102 103 104 105 106 107 108 109 110 111 112 113 114 115
116 117 118 119 120 121 122 123 124 125 126 127 128 129
7 33 41 54 64 90 126 134 147 164 175 185 197
9 23 56 66 76 114 128 136 148 156 165 187 198
12 25 36 45 68 79 92 103 117 139 159 168 177
44 45 46 47 48 49 50 51 52 53 54 55 56
78 79 80 81 82 83 84 85 86 87 88 89 90
1 17 27 48 60 72 84 107 120 143 161 172
3 50 73 86 97 109 132 145 153 173 182 193
8 22 34 42 55 65 100 113 127 135 155 186
10 24 43 67 77 101 115 129 137 149 157 166
11 35 44 78 91 102 116 138 158 167 176 188
138 139 140 141 142 143 144 145 146 147 148 149
176 177 178 179 180 181 182 183 184 185 186 187
0 1 2 3 4 5 6 7 8 9 10
14 38 46 57 69 81 93 130 170 179 190
15 26 58 70 82 94 105 118 141 171 180
16 39 47 59 71 83 95 106 119 142 150
57 58 59 60 61 62 63 64 65 66 67
91 92 93 94 95 96 97 98 99 100 101
188 189 190 191 192 193 194 195 196 197 198
0 13 37 80 104 140 160 169 178 189
2 40 49 96 108 121 131 151 181 191
4 29 51 61 87 133 162 174 183 194
5 20 31 52 89 99 111 124 184 196
6 21 32 53 63 75 112 125 146 154
19 30 62 74 88 98 110 123 163 195
25 26 27 28 29 30 31 32 33 34
68 69 70 71 72 73 74 75 76 77
35 36 37 38 39 40 41 42 43
158 159 160 161 162 163 164 165 166
167 168 169 170 171 172 173 174 175
130 131 132 133 134 135 136 137
150 151 152 153 154 155 156 157
18 28 85 122 144 152 192
