69 70 71 72 73 74 75 76 77 78 79 80 81 82 83
95 96 97 98 99 100 101 102 103 104 105 106 107 108 109
3 16 25 35 48 73 88 101 115 126 150 186 195 207
5 28 37 50 62 76 91 118 140 152 166 176 199 210
10 33 41 54 67 82 94 108 133 143 157 180 192 215
12 22 34 43 56 84 95 110 121 135 145 169 182 193
121 122 123 124 125 126 127 128 129 130 131 132 133 134
145 146 147 148 149 150 151 152 153 154 155 156 157 158
203 204 205 206 207 208 209 210 211 212 213 214 215 216
0 13 44 69 85 96 111 122 136 146 159 183 203
6 18 29 38 51 77 105 119 130 141 153 177 211
11 21 42 55 68 83 109 134 144 158 168 181 216
43 44 45 46 47 48 49 50 51 52 53 54 55
56 57 58 59 60 61 62 63 64 65 66 67 68
169 170 171 172 173 174 175 176 177 178 179 180 181
0 1 2 3 4 5 6 7 8 9 10 11
1 23 46 57 87 98 113 123 148 161 171 184
2 24 58 71 99 114 124 162 172 185 194 205
4 26 49 60 74 89 102 127 173 187 196 208
17 36 61 90 103 116 128 164 174 188 197 209
20 32 66 81 93 107 120 142 156 191 202 214
22 23 24 25 26 27 28 29 30 31 32 33
8 30 39 64 79 132 155 167 178 189 212
9 19 31 40 53 65 80 179 190 201 213
14 45 70 86 97 112 137 147 160 170 204
84 85 86 87 88 89 90 91 92 93 94
110 111 112 113 114 115 116 117 118 119 120
182 183 184 185 186 187 188 189 190 191 192
12 13 14 15 16 17 18 19 20 21
15 47 59 72 100 125 138 149 163 206
27 75 104 117 129 139 151 165 175 198
135 136 137 138 139 140 141 142 143 144
159 160 161 162 163 164 165 166 167 168
193 194 195 196 197 198 199 200 201 202
7 52 63 78 92 106 131 154 200
34 35 36 37 38 39 40 41 42
