9 35 46 59 72 96 110 124 137 150 164 176 188 202 212
1 14 28 50 63 77 90 99 115 128 155 179 192 205
11 36 48 61 74 87 98 112 125 139 152 166 190 213
99 100 101 102 103 104 105 106 107 108 109 110 111 112
126 127 128 129 130 131 132 133 134 135 136 137 138 139
153 154 155 156 157 158 159 160 161 162 163 164 165 166
177 178 179 180 181 182 183 184 185 186 187 188 189 190
3 23 40 53 66 92 101 130 143 157 167 194 207
10 19 26 47 60 73 86 97 111 138 151 165 189
12 20 27 62 75 88 113 126 140 153 177 191 203
49 50 51 52 53 54 55 56 57 58 59 60 61
62 63 64 65 66 67 68 69 70 71 72 73 74
75 76 77 78 79 80 81 82 83 84 85 86 87
113 114 115 116 117 118 119 120 121 122 123 124 125
140 141 142 143 144 145 146 147 148 149 150 151 152
0 1 2 3 4 5 6 7 8 9 10 11
0 13 37 49 76 89 114 127 141 154 178 204
7 32 43 70 94 122 136 147 173 186 199 210
17 25 42 57 82 106 120 135 161 172 185 197
18 34 45 71 85 95 109 123 149 175 201 211
37 38 39 40 41 42 43 44 45 46 47 48
191 192 193 194 195 196 197 198 199 200 201 202
2 21 38 51 64 78 100 116 156 180 206
4 41 54 67 79 102 117 131 158 168 208
5 16 56 105 119 134 145 160 171 184 209
24 30 69 81 93 104 133 144 170 183 196
29 55 68 80 103 118 132 159 169 182 195
88 89 90 91 92 93 94 95 96 97 98
203 204 205 206 207 208 209 210 211 212 213
8 33 44 84 108 148 163 174 187 200
15 22 39 52 65 91 129 142 181 193
27 28 29 30 31 32 33 34 35 36
167 168 169 170 171 172 173 174 175 176
6 31 58 83 107 121 146 162 198
12 13 14 15 16 17 18 19
20 21 22 23 24 25 26
