5 18 25 38 49 59 70 81 93 105 116 124 138 150 162 184
33 45 55 77 89 100 113 120 135 147 158 167 179 191
51 52 53 54 55 56 57 58 59 60 61 62 63 64
84 85 86 87 88 89 90 91 92 93 94 95 96 97
3 16 23 36 58 69 79 114 122 149 160 170 182
7 19 39 62 82 95 107 127 141 152 164 174 196
9 27 40 50 64 72 83 97 129 153 176 188 197
28 29 30 31 32 33 34 35 36 37 38 39 40
130 131 132 133 134 135 136 137 138 139 140 141 142
0 29 42 66 74 86 110 118 132 145 156 177
4 17 24 37 80 92 104 115 123 161 171 183
22 35 48 78 91 103 121 137 148 159 169 181
118 119 120 121 122 123 124 125 126 127 128 129
165 166 167 168 169 170 171 172 173 174 175 176
177 178 179 180 181 182 183 184 185 186 187 188
10 28 41 51 65 84 108 130 143 154 165
73 74 75 76 77 78 79 80 81 82 83
143 144 145 146 147 148 149 150 151 152 153
154 155 156 157 158 159 160 161 162 163 164
0 1 2 3 4 5 6 7 8 9
2 14 34 46 56 90 101 136 180 192
6 60 71 117 125 139 163 172 185 194
10 11 12 13 14 15 16 17 18 19
12 30 43 53 67 111 119 133 146 190
13 20 32 54 76 88 99 112 134 157
26 61 94 106 126 140 151 173 186 195
41 42 43 44 45 46 47 48 49 50
98 99 100 101 102 103 104 105 106 107
108 109 110 111 112 113 114 115 116 117
1 31 44 68 75 87 98 166 178
11 52 73 85 109 131 144 155 189
189 190 191 192 193 194 195 196 197
20 21 22 23 24 25 26 27
65 66 67 68 69 70 71 72
8 63 96 128 142 175 187
15 21 47 57 102 168 193
