12 13 14 15 16 17 18 19 20 21 22 23 24 25 26 27
2 15 29 40 53 67 78 112 122 132 141 152 169 179
37 38 39 40 41 42 43 44 45 46 47 48 49 50
8 23 34 56 63 73 94 105 115 136 147 164 184
0 1 2 3 4 5 6 7 8 9 10 11
4 19 31 55 70 103 114 126 144 162 170 181
9 24 35 48 74 84 106 116 137 148 173 185
10 25 49 57 85 107 117 128 138 165 174 186
12 28 37 76 87 97 109 119 130 140 149 158
22 33 47 83 93 104 127 135 146 163 172 183
97 98 99 100 101 102 103 104 105 106 107 108
176 177 178 179 180 181 182 183 184 185 186 187
3 18 30 43 61 69 89 102 125 143 180
7 21 32 46 62 72 82 92 134 155 171
27 50 58 65 86 96 108 157 166 175 187
76 77 78 79 80 81 82 83 84 85 86
119 120 121 122 123 124 125 126 127 128 129
0 38 52 66 88 99 110 131 167 177
11 26 36 64 75 95 118 129 139 156
16 41 54 68 79 100 123 142 153 160
66 67 68 69 70 71 72 73 74 75
87 88 89 90 91 92 93 94 95 96
109 110 111 112 113 114 115 116 117 118
130 131 132 133 134 135 136 137 138 139
1 14 39 111 121 151 159 168 178
17 42 60 101 113 124 133 154 161
28 29 30 31 32 33 34 35 36
140 141 142 143 144 145 146 147 148
149 150 151 152 153 154 155 156 157
158 159 160 161 162 163 164 165 166
167 168 169 170 171 172 173 174 175
6 20 45 71 81 91 145 182
13 51 59 77 98 120 150 176
51 52 53 54 55 56 57 58
59 60 61 62 63 64 65
5 44 80 90
