0 1 2 3 4 5 6 7 8 9 10 11 12 13 14
0 15 27 47 56 67 83 98 109 121 136 148 160 171 185
83 84 85 86 87 88 89 90 91 92 93 94 95 96 97
121 122 123 124 125 126 127 128 129 130 131 132 133 134 135
185 186 187 188 189 190 191 192 193 194 195 196 197 198 199
5 32 39 60 77 88 101 126 140 151 163 174 190 203
9 22 43 63 79 91 104 115 129 144 153 177 192 206
171 172 173 174 175 176 177 178 179 180 181 182 183 184
7 20 33 41 61 78 90 103 128 142 164 176 204
11 24 34 52 80 94 117 132 146 156 168 180 195
12 36 45 65 71 96 119 133 157 169 182 197 210
13 54 66 72 81 97 107 134 158 170 183 198 211
14 26 46 55 73 82 108 120 135 159 184 199 212
18 31 59 68 76 87 100 112 125 139 162 189 202
200 201 202 203 204 205 206 207 208 209 210 211 212
1 16 28 48 57 74 84 110 122 137 149 200
10 23 44 51 93 131 145 155 167 179 194 208
15 16 17 18 19 20 21 22 23 24 25 26
109 110 111 112 113 114 115 116 117 118 119 120
136 137 138 139 140 141 142 143 144 145 146 147
148 149 150 151 152 153 154 155 156 157 158 159
4 30 38 49 58 86 99 124 150 161 188
6 19 40 69 89 102 113 127 141 175 191
56 57 58 59 60 61 62 63 64 65 66
64 70 92 105 116 130 154 166 178 193 207
98 99 100 101 102 103 104 105 106 107 108
160 161 162 163 164 165 166 167 168 169 170
8 21 42 50 62 114 143 152 165 205
25 35 53 95 106 118 147 181 196 209
27 28 29 30 31 32 33 34 35 36
37 38 39 40 41 42 43 44 45 46
47 48 49 50 51 52 53 54 55
74 75 76 77 78 79 80 81 82
2 17 29 37 85 172 186 201
3 75 111 123 138 173 187
67 68 69 70 71 72 73
