0 1 2 3 4 5 6 7 8 9 10 11 12 13
2 16 26 37 47 62 74 103 128 138 147 157 167 180
7 17 29 52 67 76 87 95 118 141 151 161 172 185
8 18 30 41 53 77 88 96 106 119 131 142 162 194
46 47 48 49 50 51 52 53 54 55 56 57 58 59
12 21 34 58 69 81 110 134 143 152 176 188 197
112 113 114 115 116 117 118 119 120 121 122 123 124
3 38 48 63 84 93 104 114 129 148 158 168
10 20 32 42 55 79 90 108 120 132 174 195
23 35 70 82 100 124 136 145 154 177 189 199
24 25 26 27 28 29 30 31 32 33 34 35
71 72 73 74 75 76 77 78 79 80 81 82
125 126 127 128 129 130 131 132 133 134 135 136
166 167 168 169 170 171 172 173 174 175 176 177
178 179 180 181 182 183 184 185 186 187 188 189
0 14 24 36 60 71 83 101 125 137 190
4 49 64 75 85 105 115 139 149 181 192
9 19 31 54 78 89 97 107 163 173 186
11 44 57 80 99 122 133 164 175 187 196
13 22 45 59 111 123 135 144 153 165 198
15 25 61 73 92 113 127 156 166 179 191
60 61 62 63 64 65 66 67 68 69 70
101 102 103 104 105 106 107 108 109 110 111
155 156 157 158 159 160 161 162 163 164 165
5 27 39 50 86 116 159 169 182 193
14 15 16 17 18 19 20 21 22 23
36 37 38 39 40 41 42 43 44 45
190 191 192 193 194 195 196 197 198 199
1 46 72 102 112 126 146 155 178
6 28 40 66 94 130 150 171 184
83 84 85 86 87 88 89 90 91
92 93 94 95 96 97 98 99 100
137 138 139 140 141 142 143 144 145
146 147 148 149 150 151 152 153 154
33 43 56 68 91 98 109 121
51 65 117 140 160 170 183
