1 12 36 48 58 75 90 112 123 143 152 164 175
4 15 28 40 50 59 71 85 104 126 137 146 156
8 21 55 65 73 95 109 118 141 150 161 171 182
11 12 13 14 15 16 17 18 19 20 21 22 23
14 25 38 76 91 101 113 124 134 144 153 165 177
5 30 42 51 61 78 93 106 128 139 147 179
6 17 43 52 79 86 94 107 129 148 158 180
9 22 33 66 74 81 88 96 119 131 162 172
19 31 44 63 87 108 130 140 149 160 170 181
24 25 26 27 28 29 30 31 32 33 34 35
57 58 59 60 61 62 63 64 65 66 67 68
99 100 101 102 103 104 105 106 107 108 109 110
122 123 124 125 126 127 128 129 130 131 132 133
152 153 154 155 156 157 158 159 160 161 162 163
0 1 2 3 4 5 6 7 8 9 10
10 23 35 46 68 82 98 121 133 163 184
34 56 67 89 97 110 120 132 151 173 183
36 37 38 39 40 41 42 43 44 45 46
111 112 113 114 115 116 117 118 119 120 121
174 175 176 177 178 179 180 181 182 183 184
0 11 47 57 69 99 111 122 142 174
3 27 77 84 103 125 135 154 167 178
47 48 49 50 51 52 53 54 55 56
142 143 144 145 146 147 148 149 150 151
164 165 166 167 168 169 170 171 172 173
16 29 41 60 105 127 138 157 168
90 91 92 93 94 95 96 97 98
7 18 53 62 80 116 159 169
75 76 77 78 79 80 81 82
134 135 136 137 138 139 140 141
2 26 70 102 114 145 166
20 32 45 54 64 72 117
83 84 85 86 87 88 89
13 24 37 83 100 176
39 49 92 115 136 155
69 70 71 72 73 74
