178 179 180 181 182 183 184 185 186 187 188 189 190 191 192 193
0 11 23 47 57 67 79 90 104 114 126 139 153 178 205
5 15 27 49 83 94 109 119 130 144 156 168 183 198
20 33 45 54 77 87 102 136 150 162 174 191 203 213
22 34 46 56 66 89 113 138 152 164 177 193 204 216
31 43 53 63 76 100 110 123 135 148 172 189 201 211
90 91 92 93 94 95 96 97 98 99 100 101 102 103
139 140 141 142 143 144 145 146 147 148 149 150 151 152
3 13 37 60 70 82 92 117 129 155 167 181 196
18 29 52 61 74 97 121 132 146 158 170 186 208
126 127 128 129 130 131 132 133 134 135 136 137 138
165 166 167 168 169 170 171 172 173 174 175 176 177
2 12 25 36 48 68 80 106 128 141 166 206
7 30 41 62 75 85 98 133 147 159 187 209
11 12 13 14 15 16 17 18 19 20 21 22
19 32 44 64 101 124 149 161 173 190 202 212
23 24 25 26 27 28 29 30 31 32 33 34
26 59 69 81 91 107 116 142 154 180 195 207
35 36 37 38 39 40 41 42 43 44 45 46
67 68 69 70 71 72 73 74 75 76 77 78
114 115 116 117 118 119 120 121 122 123 124 125
153 154 155 156 157 158 159 160 161 162 163 164
205 206 207 208 209 210 211 212 213 214 215 216
0 1 2 3 4 5 6 7 8 9 10
1 24 35 58 105 115 127 140 165 179 194
6 17 40 51 73 96 131 145 157 185 199
8 42 86 99 122 134 160 171 188 200 210
9 78 88 103 111 137 151 163 175 192 214
79 80 81 82 83 84 85 86 87 88 89
194 195 196 197 198 199 200 201 202 203 204
4 14 38 71 93 108 118 143 182 197
16 28 39 50 72 84 95 120 169 184
47 48 49 50 51 52 53 54 55 56
57 58 59 60 61 62 63 64 65 66
104 105 106 107 108 109 110 111 112 113
10 21 55 65 112 125 176 215
