0 15 30 78 107 118 134 146 158 171 186 200 213 230 243 254 268
6 21 33 42 55 71 98 124 163 175 191 206 220 234 248 259 271
213 214 215 216 217 218 219 220 221 222 223 224 225 226 227 228 229
3 18 40 53 68 80 96 109 137 161 188 203 217 233 257 269
118 119 120 121 122 123 124 125 126 127 128 129 130 131 132 133
0 1 2 3 4 5 6 7 8 9 10 11 12 13 14
4 19 31 54 69 81 110 122 149 174 189 204 218 247 270
5 20 32 41 70 82 97 111 123 138 162 190 205 219 258
15 16 17 18 19 20 21 22 23 24 25 26 27 28 29
17 52 67 79 95 121 136 148 160 173 187 202 216 246 256
78 79 80 81 82 83 84 85 86 87 88 89 90 91 92
171 172 173 174 175 176 177 178 179 180 181 182 183 184 185
8 23 45 58 73 84 100 140 150 165 193 223 261 274
11 26 36 47 62 88 103 114 168 182 209 239 250 277
13 63 105 115 131 156 170 198 211 228 242 252 265 280
24 46 85 101 126 141 151 178 194 208 224 236 262 275
51 52 53 54 55 56 57 58 59 60 61 62 63 64
93 94 95 96 97 98 99 100 101 102 103 104 105 106
186 187 188 189 190 191 192 193 194 195 196 197 198 199
254 255 256 257 258 259 260 261 262 263 264 265 266 267
1 16 51 65 93 119 135 159 172 201 214 231 244
7 22 44 57 72 83 112 177 192 222 235 260 273
10 60 74 87 113 128 153 166 180 196 237 264 276
65 66 67 68 69 70 71 72 73 74 75 76 77
158 159 160 161 162 163 164 165 166 167 168 169 170
200 201 202 203 204 205 206 207 208 209 210 211 212
230 231 232 233 234 235 236 237 238 239 240 241 242
268 269 270 271 272 273 274 275 276 277 278 279 280
9 34 59 86 102 127 142 152 179 195 225 263
12 27 48 76 89 104 144 155 183 210 240 278
14 37 50 91 106 116 132 199 212 229 253 266
25 35 61 75 129 143 154 167 181 226 238 249
28 49 77 90 130 169 184 197 227 241 251 279
39 40 41 42 43 44 45 46 47 48 49 50
134 135 136 137 138 139 140 141 142 143 144 145
146 147 148 149 150 151 152 153 154 155 156 157
2 39 66 94 108 120 147 215 232 245 255
107 108 109 110 111 112 113 114 115 116 117
243 244 245 246 247 248 249 250 251 252 253
29 38 64 92 117 133 145 157 185 267
43 56 99 125 139 164 176 207 221 272
30 31 32 33 34 35 36 37 38
