11 24 38 54 65 88 100 111 138 149 161 189 207 221 239 252 265 280
195 196 197 198 199 200 201 202 203 204 205 206 207 208 209 210 211 212
3 19 32 48 60 73 83 95 107 118 131 159 170 184 200 217 262
268 269 270 271 272 273 274 275 276 277 278 279 280 281 282 283 284
0 1 2 3 4 5 6 7 8 9 10 11 12 13 14 15
0 16 27 43 57 70 80 115 127 142 153 213 227 243 257 268
27 28 29 30 31 32 33 34 35 36 37 38 39 40 41 42
227 228 229 230 231 232 233 234 235 236 237 238 239 240 241 242
5 20 34 85 97 120 133 146 160 172 201 218 233 247 276
15 42 69 79 90 102 141 164 179 194 212 226 242 256 284
39 55 66 101 125 139 150 176 190 208 222 240 253 266 281
127 128 129 130 131 132 133 134 135 136 137 138 139 140 141
165 166 167 168 169 170 171 172 173 174 175 176 177 178 179
180 181 182 183 184 185 186 187 188 189 190 191 192 193 194
1 17 28 71 91 116 143 155 166 181 196 229 245 270
2 30 45 58 81 92 104 130 156 167 197 215 259 272
7 22 50 61 76 87 122 135 147 173 187 203 235 264
8 36 51 62 99 109 123 148 174 204 219 236 249 277
12 25 56 67 77 112 140 162 177 191 209 223 254 267
18 47 59 82 94 106 158 169 183 199 232 246 261 274
43 44 45 46 47 48 49 50 51 52 53 54 55 56
213 214 215 216 217 218 219 220 221 222 223 224 225 226
243 244 245 246 247 248 249 250 251 252 253 254 255 256
4 33 49 74 84 96 119 132 145 171 185 263 275
6 21 35 75 86 98 108 121 134 186 202 234 248
9 23 52 63 110 136 175 188 205 220 237 250 278
14 41 68 78 89 114 126 152 163 193 211 225 283
57 58 59 60 61 62 63 64 65 66 67 68 69
13 26 40 113 151 178 192 210 224 241 255 282
31 46 93 105 144 157 168 198 216 231 260 273
91 92 93 94 95 96 97 98 99 100 101 102
103 104 105 106 107 108 109 110 111 112 113 114
115 116 117 118 119 120 121 122 123 124 125 126
153 154 155 156 157 158 159 160 161 162 163 164
16 17 18 19 20 21 22 23 24 25 26
80 81 82 83 84 85 86 87 88 89 90
142 143 144 145 146 147 148 149 150 151 152
257 258 259 260 261 262 263 264 265 266 267
10 37 53 64 124 137 206 238 251 279
44 128 154 165 180 195 228 244 258 269
70 71 72 73 74 75 76 77 78 79
29 72 103 117 129 182 214 230 271
