203 204 205 206 207 208 209 210 211 212 213 214 215 216 217 218 219 220
26 37 51 66 77 97 113 142 155 172 187 219 232 247 262 273 286
157 158 159 160 161 162 163 164 165 166 167 168 169 170 171 172 173
3 14 56 71 80 87 100 131 147 176 193 206 223 236 251 275
20 45 61 92 106 121 151 165 181 197 213 225 241 256 269 281
128 129 130 131 132 133 134 135 136 137 138 139 140 141 142 143
4 15 42 57 72 81 88 132 148 159 207 224 237 252 276
11 38 52 86 98 143 156 173 188 202 220 233 248 263 287
12 13 14 15 16 17 18 19 20 21 22 23 24 25 26
99 100 101 102 103 104 105 106 107 108 109 110 111 112 113
174 175 176 177 178 179 180 181 182 183 184 185 186 187 188
234 235 236 237 238 239 240 241 242 243 244 245 246 247 248
249 250 251 252 253 254 255 256 257 258 259 260 261 262 263
2 41 55 70 79 130 146 158 175 192 205 222 235 266
5 18 31 59 82 89 103 119 135 150 162 179 210 254
12 27 39 67 78 99 114 128 174 189 203 234 249 264
17 30 58 73 102 118 134 149 161 178 209 239 253 278
24 35 49 84 95 110 126 140 169 185 200 217 230 245
34 62 74 93 122 137 182 198 214 226 242 257 270 282
39 40 41 42 43 44 45 46 47 48 49 50 51 52
53 54 55 56 57 58 59 60 61 62 63 64 65 66
114 115 116 117 118 119 120 121 122 123 124 125 126 127
189 190 191 192 193 194 195 196 197 198 199 200 201 202
274 275 276 277 278 279 280 281 282 283 284 285 286 287
6 32 60 90 104 120 136 163 180 195 211 268 279
7 19 33 44 83 91 105 164 196 212 240 255 280
8 21 46 75 107 123 138 166 199 227 243 258 283
9 50 64 76 111 127 141 153 170 186 201 272 285
10 25 36 65 85 96 112 154 171 218 231 246 261
23 48 63 109 125 152 168 184 216 229 244 260 284
144 145 146 147 148 149 150 151 152 153 154 155 156
221 222 223 224 225 226 227 228 229 230 231 232 233
0 1 2 3 4 5 6 7 8 9 10 11
1 29 54 69 116 129 145 157 191 204 250 265
16 43 101 117 133 160 177 194 208 238 267 277
22 47 94 108 124 139 167 183 215 228 259 271
27 28 29 30 31 32 33 34 35 36 37 38
87 88 89 90 91 92 93 94 95 96 97 98
0 13 28 40 53 68 115 144 190 221 274
67 68 69 70 71 72 73 74 75 76 77
264 265 266 267 268 269 270 271 272 273
78 79 80 81 82 83 84 85 86
