194 195 196 197 198 199 200 201 202 203 204 205 206 207 208 209 210
3 12 27 39 65 79 92 103 119 132 146 158 183 199 229 239
8 34 50 60 88 113 129 141 152 167 179 223 237 244 256 268
20 47 57 71 85 98 109 126 139 150 164 190 208 235 243 253
35 36 37 38 39 40 41 42 43 44 45 46 47 48 49 50
114 115 116 117 118 119 120 121 122 123 124 125 126 127 128 129
5 21 48 58 72 86 99 110 140 191 209 220 236 254 266
9 23 35 51 61 75 89 114 130 142 153 168 180 194 224
11 26 38 64 78 102 118 145 157 172 182 198 213 228 247
153 154 155 156 157 158 159 160 161 162 163 164 165 166 167
4 45 56 70 83 107 124 137 177 189 206 234 252 264
6 22 49 73 87 100 111 127 151 165 192 210 221 267
9 10 11 12 13 14 15 16 17 18 19 20 21 22
18 44 69 82 106 123 162 176 188 205 218 233 251 263
61 62 63 64 65 66 67 68 69 70 71 72 73 74
75 76 77 78 79 80 81 82 83 84 85 86 87 88
180 181 182 183 184 185 186 187 188 189 190 191 192 193
224 225 226 227 228 229 230 231 232 233 234 235 236 237
17 32 43 68 97 105 122 136 149 175 187 204 262
28 40 53 80 93 120 133 147 159 173 184 200 260
89 90 91 92 93 94 95 96 97 98 99 100 101
211 212 213 214 215 216 217 218 219 220 221 222 223
2 25 37 62 77 91 117 131 143 196 226 258
14 29 54 66 95 104 121 134 148 174 215 231
19 33 46 84 108 125 138 163 207 219 242 265
23 24 25 26 27 28 29 30 31 32 33 34
102 103 104 105 106 107 108 109 110 111 112 113
130 131 132 133 134 135 136 137 138 139 140 141
168 169 170 171 172 173 174 175 176 177 178 179
245 246 247 248 249 250 251 252 253 254 255 256
257 258 259 260 261 262 263 264 265 266 267 268
0 36 52 115 154 169 195 211 225 245 257
7 59 74 101 112 128 166 178 193 222 255
13 41 81 94 160 201 214 230 240 248 261
16 31 67 96 135 161 186 203 217 232 250
142 143 144 145 146 147 148 149 150 151 152
51 52 53 54 55 56 57 58 59 60
63 144 156 171 197 212 227 238 246 259
0 1 2 3 4 5 6 7 8
1 10 24 76 90 116 155 170 181
15 30 42 55 185 202 216 241 249
238 239 240 241 242 243 244
