222 223 224 225 226 227 228 229 230 231 232 233 234 235 236 237 238
93 94 95 96 97 98 99 100 101 102 103 104 105 106 107 108
5 19 44 55 86 100 118 132 142 174 186 201 231 248 260
12 39 47 61 70 80 108 136 147 169 179 193 207 221 265
109 110 111 112 113 114 115 116 117 118 119 120 121 122 123
3 17 30 43 67 85 99 116 140 151 172 184 246 258
4 18 31 54 117 131 141 173 185 200 214 230 247 259
6 20 32 76 87 101 133 143 152 166 202 215 232 261
7 33 45 56 77 102 144 153 167 175 187 203 216 233
26 27 28 29 30 31 32 33 34 35 36 37 38 39
48 49 50 51 52 53 54 55 56 57 58 59 60 61
180 181 182 183 184 185 186 187 188 189 190 191 192 193
194 195 196 197 198 199 200 201 202 203 204 205 206 207
208 209 210 211 212 213 214 215 216 217 218 219 220 221
252 253 254 255 256 257 258 259 260 261 262 263 264 265
0 1 2 3 4 5 6 7 8 9 10 11 12
0 26 48 71 81 109 124 137 148 194 222 239 252
2 28 42 65 97 114 129 139 164 182 228 245 257
8 35 58 89 105 120 155 190 205 218 235 250 262
9 23 36 79 90 121 156 177 191 206 219 236 263
10 24 37 59 91 106 122 146 157 178 220 237 264
11 25 38 60 69 92 107 123 135 158 192 238 251
13 14 15 16 17 18 19 20 21 22 23 24 25
41 53 64 74 96 113 128 163 199 212 227 244 256
124 125 126 127 128 129 130 131 132 133 134 135 136
239 240 241 242 243 244 245 246 247 248 249 250 251
14 40 51 62 72 111 161 197 210 224 241 253
15 52 63 95 112 150 181 198 211 225 242 254
49 82 93 110 125 149 159 170 180 195 208 223
81 82 83 84 85 86 87 88 89 90 91 92
21 57 68 88 103 119 134 154 188 204 217
22 34 46 78 104 145 168 176 189 234 249
29 66 75 84 98 115 130 165 183 213 229
137 138 139 140 141 142 143 144 145 146 147
148 149 150 151 152 153 154 155 156 157 158
159 160 161 162 163 164 165 166 167 168 169
1 13 27 50 94 126 160 196 209 240
16 73 83 127 138 162 171 226 243 255
71 72 73 74 75 76 77 78 79 80
170 171 172 173 174 175 176 177 178 179
62 63 64 65 66 67 68 69 70
40 41 42 43 44 45 46 47
