14 15 16 17 18 19 20 21 22 23 24 25 26 27 28 29 30 31
4 20 53 65 80 108 122 134 143 156 185 195 207 220 245 259 273
6 22 38 55 68 82 110 135 158 173 186 209 222 236 248 262
19 36 52 79 92 121 133 142 155 170 184 219 234 244 258 272
32 33 34 35 36 37 38 39 40 41 42 43 44 45 46 47
48 49 50 51 52 53 54 55 56 57 58 59 60 61 62 63
0 14 32 48 64 75 103 117 131 166 180 191 215 230 270
3 18 35 51 78 91 107 120 132 154 169 183 194 206 218
7 24 39 57 83 112 137 147 175 187 198 211 223 237 277
13 31 47 63 88 102 130 140 153 202 214 229 255 269 283
29 45 62 74 87 100 129 151 164 200 228 241 253 267 281
215 216 217 218 219 220 221 222 223 224 225 226 227 228 229
0 1 2 3 4 5 6 7 8 9 10 11 12 13
2 17 50 77 90 106 119 168 182 205 217 233 243 257
8 25 40 58 69 84 95 124 138 176 199 224 238 278
21 37 54 67 109 123 145 172 197 221 235 247 261 275
75 76 77 78 79 80 81 82 83 84 85 86 87 88
89 90 91 92 93 94 95 96 97 98 99 100 101 102
103 104 105 106 107 108 109 110 111 112 113 114 115 116
117 118 119 120 121 122 123 124 125 126 127 128 129 130
166 167 168 169 170 171 172 173 174 175 176 177 178 179
242 243 244 245 246 247 248 249 250 251 252 253 254 255
256 257 258 259 260 261 262 263 264 265 266 267 268 269
270 271 272 273 274 275 276 277 278 279 280 281 282 283
10 27 61 86 99 150 162 190 213 226 252 265 280
42 59 71 97 114 126 148 161 212 225 239 251 264
141 142 143 144 145 146 147 148 149 150 151 152 153
1 16 34 76 105 118 181 193 204 232 256 271
5 66 81 93 144 157 171 196 208 246 260 274
12 30 46 101 116 152 165 179 201 254 268 282
15 33 49 89 104 141 167 192 203 216 231 242
26 41 70 96 113 125 139 160 177 188 250 263
154 155 156 157 158 159 160 161 162 163 164 165
191 192 193 194 195 196 197 198 199 200 201 202
203 204 205 206 207 208 209 210 211 212 213 214
230 231 232 233 234 235 236 237 238 239 240 241
9 43 60 72 85 98 115 127 149 189 279
23 56 94 111 136 146 159 174 210 249 276
64 65 66 67 68 69 70 71 72 73 74
180 181 182 183 184 185 186 187 188 189 190
11 28 44 73 128 163 178 227 240 266
131 132 133 134 135 136 137 138 139 140
