2 13 25 45 65 79 92 104 141 154 167 180 206 218 232 246
8 33 40 57 72 83 108 119 145 158 172 198 210 225 237 253
11 42 51 60 75 88 100 111 124 136 149 176 202 228 240 258
243 244 245 246 247 248 249 250 251 252 253 254 255 256 257 258
5 17 29 47 69 80 131 157 169 183 197 222 235 251
12 35 43 61 76 101 112 137 150 162 177 190 214 241
63 64 65 66 67 68 69 70 71 72 73 74 75 76
138 139 140 141 142 143 144 145 146 147 148 149 150 151
164 165 166 167 168 169 170 171 172 173 174 175 176 177
178 179 180 181 182 183 184 185 186 187 188 189 190 191
216 217 218 219 220 221 222 223 224 225 226 227 228 229
0 1 2 3 4 5 6 7 8 9 10 11 12
0 23 53 78 90 139 152 165 179 193 204 231 244
1 24 64 91 114 127 140 153 166 194 205 217 245
9 20 49 58 84 109 120 159 173 186 199 211 254
23 24 25 26 27 28 29 30 31 32 33 34 35
52 63 77 103 113 126 138 164 178 192 216 230 243
77 78 79 80 81 82 83 84 85 86 87 88 89
90 91 92 93 94 95 96 97 98 99 100 101 102
113 114 115 116 117 118 119 120 121 122 123 124 125
230 231 232 233 234 235 236 237 238 239 240 241 242
4 16 28 68 116 130 156 168 209 221 234 250
7 18 31 39 71 81 96 107 144 170 184 224
14 36 54 66 93 115 128 181 207 219 233 247
41 73 85 121 133 146 174 187 200 226 238 255
44 62 89 102 125 151 163 191 203 215 229 242
126 127 128 129 130 131 132 133 134 135 136 137
152 153 154 155 156 157 158 159 160 161 162 163
192 193 194 195 196 197 198 199 200 201 202 203
204 205 206 207 208 209 210 211 212 213 214 215
21 86 98 134 160 175 201 212 227 239 256
26 37 46 67 105 142 155 182 195 220 248
52 53 54 55 56 57 58 59 60 61 62
3 15 27 38 55 94 129 196 208 249
6 30 56 70 95 106 117 143 223 252
13 14 15 16 17 18 19 20 21 22
19 32 48 82 97 118 132 171 185 236
22 34 50 74 87 110 122 147 188 213
103 104 105 106 107 108 109 110 111 112
10 59 99 123 135 148 161 189 257
36 37 38 39 40 41 42 43 44
45 46 47 48 49 50 51
