3 18 33 47 61 81 94 108 131 142 161 175 191 201 213 239 252 265 281
35 50 64 83 96 121 134 144 162 178 192 204 215 229 241 254 268
73 74 75 76 77 78 79 80 81 82 83 84 85 86 87 88 89
101 102 103 104 105 106 107 108 109 110 111 112 113 114 115 116 117
153 154 155 156 157 158 159 160 161 162 163 164 165 166 167 168 169
0 29 44 58 76 91 104 127 156 171 199 209 225 236 249 262
9 22 38 53 68 85 112 122 137 148 165 179 219 232 244 257
10 23 39 69 86 113 123 149 166 194 206 220 233 258 271 286
12 26 42 56 72 89 100 117 139 152 169 183 196 245 260 287
27 28 29 30 31 32 33 34 35 36 37 38 39 40 41 42
57 58 59 60 61 62 63 64 65 66 67 68 69 70 71 72
246 247 248 249 250 251 252 253 254 255 256 257 258 259 260
5 19 49 63 109 133 143 177 203 214 228 240 267 283
6 20 36 65 97 110 135 145 163 216 242 255 269 284
13 14 15 16 17 18 19 20 21 22 23 24 25 26
13 27 43 73 101 118 126 153 170 184 197 223 246 275
15 30 45 59 77 92 105 128 141 157 172 187 210 250
31 78 93 106 120 129 158 173 188 226 237 251 263 278
43 44 45 46 47 48 49 50 51 52 53 54 55 56
126 127 128 129 130 131 132 133 134 135 136 137 138 139
170 171 172 173 174 175 176 177 178 179 180 181 182 183
209 210 211 212 213 214 215 216 217 218 219 220 221 222
261 262 263 264 265 266 267 268 269 270 271 272 273 274
0 1 2 3 4 5 6 7 8 9 10 11 12
55 71 99 116 125 138 168 182 195 222 235 259 274
140 141 142 143 144 145 146 147 148 149 150 151 152
184 185 186 187 188 189 190 191 192 193 194 195 196
223 224 225 226 227 228 229 230 231 232 233 234 235
275 276 277 278 279 280 281 282 283 284 285 286 287
1 16 32 46 60 79 159 174 189 211 227 279
2 17 80 107 130 160 190 200 212 238 264 280
4 34 48 62 82 95 132 176 202 253 266 282
7 37 51 66 84 146 164 193 205 217 230 285
8 21 52 67 111 136 147 218 231 243 256 270
11 25 41 70 88 98 115 151 167 181 208 273
24 40 54 87 114 124 150 180 207 221 234 272
197 198 199 200 201 202 203 204 205 206 207 208
14 57 74 102 119 154 185 198 247 261 276
90 91 92 93 94 95 96 97 98 99 100
28 75 90 103 140 155 186 224 248 277
236 237 238 239 240 241 242 243 244 245
118 119 120 121 122 123 124 125
