7 20 35 64 74 90 104 116 129 143 157 173 186 206 231 245 259
39 40 41 42 43 44 45 46 47 48 49 50 51 52 53 54 55
81 82 83 84 85 86 87 88 89 90 91 92 93 94 95 96 97
149 150 151 152 153 154 155 156 157 158 159 160 161 162 163 164 165
6 19 34 73 89 103 115 128 142 156 172 185 218 244 258 274
1 15 28 42 57 69 83 100 123 137 151 180 201 225 268
8 65 75 91 105 117 130 144 158 174 187 207 232 260 275
9 22 37 51 67 77 93 107 118 161 176 196 209 220 247
10 23 52 78 94 119 132 146 162 197 210 235 248 263 278
237 238 239 240 241 242 243 244 245 246 247 248 249 250 251
266 267 268 269 270 271 272 273 274 275 276 277 278 279 280
0 12 26 39 81 98 121 135 166 178 212 223 237 252
12 13 14 15 16 17 18 19 20 21 22 23 24 25
18 33 48 88 102 127 141 155 171 184 217 230 243 257
24 38 53 79 95 108 120 163 177 198 221 249 264 279
29 43 58 70 84 138 152 167 192 202 213 226 239 269
121 122 123 124 125 126 127 128 129 130 131 132 133 134
135 136 137 138 139 140 141 142 143 144 145 146 147 148
223 224 225 226 227 228 229 230 231 232 233 234 235 236
252 253 254 255 256 257 258 259 260 261 262 263 264 265
4 17 32 46 62 72 114 125 140 204 215 242 255
5 47 63 87 126 170 183 195 205 216 229 256 273
11 54 68 96 133 147 164 189 211 222 250 265 280
26 27 28 29 30 31 32 33 34 35 36 37 38
31 45 60 101 112 139 153 169 182 214 227 241 271
56 57 58 59 60 61 62 63 64 65 66 67 68
178 179 180 181 182 183 184 185 186 187 188 189 190
0 1 2 3 4 5 6 7 8 9 10 11
2 30 44 59 85 111 124 168 181 193 240 270
3 16 61 71 86 113 154 194 203 228 254 272
21 49 66 92 131 159 175 188 208 233 261 276
69 70 71 72 73 74 75 76 77 78 79 80
109 110 111 112 113 114 115 116 117 118 119 120
166 167 168 169 170 171 172 173 174 175 176 177
200 201 202 203 204 205 206 207 208 209 210 211
13 40 82 99 109 136 149 191 200 238 266
14 27 41 56 110 122 150 179 224 253 267
25 55 80 97 134 148 165 190 199 236 251
36 50 76 106 145 160 219 234 246 262 277
98 99 100 101 102 103 104 105 106 107 108
212 213 214 215 216 217 218 219 220 221 222
191 192 193 194 195 196 197 198 199
