4 18 31 62 76 89 103 115 131 146 161 173 186 202 217 233 264 277 292
5 19 32 47 63 90 116 132 162 174 187 203 218 234 248 265 278 293
1 16 29 44 60 73 87 100 113 130 143 171 200 230 245 275 289
7 22 34 50 92 106 119 149 176 189 205 220 236 251 267 280 295
9 23 36 53 65 94 107 121 135 151 166 191 207 222 237 254 283
12 26 39 55 67 81 96 137 153 179 193 210 224 240 257 269 298
197 198 199 200 201 202 203 204 205 206 207 208 209 210 211 212 213
3 17 30 46 61 75 88 102 114 145 160 172 232 247 263 291
10 24 37 66 95 122 136 167 177 192 208 238 255 268 284 297
14 43 59 72 86 112 128 142 158 184 216 228 244 261 273 287
28 42 71 85 98 111 127 141 157 169 198 215 227 260 272 286
42 43 44 45 46 47 48 49 50 51 52 53 54 55 56 57
110 111 112 113 114 115 116 117 118 119 120 121 122 123 124 125
140 141 142 143 144 145 146 147 148 149 150 151 152 153 154 155
227 228 229 230 231 232 233 234 235 236 237 238 239 240 241 242
243 244 245 246 247 248 249 250 251 252 253 254 255 256 257 258
11 25 38 54 80 108 123 152 168 178 209 223 239 256 285
13 14 15 16 17 18 19 20 21 22 23 24 25 26 27
20 48 91 104 117 133 147 175 188 204 219 235 249 266 279
271 272 273 274 275 276 277 278 279 280 281 282 283 284 285
286 287 288 289 290 291 292 293 294 295 296 297 298 299 300
13 58 70 84 110 126 140 156 183 197 214 243 259 271
28 29 30 31 32 33 34 35 36 37 38 39 40 41
70 71 72 73 74 75 76 77 78 79 80 81 82 83
84 85 86 87 88 89 90 91 92 93 94 95 96 97
126 127 128 129 130 131 132 133 134 135 136 137 138 139
169 170 171 172 173 174 175 176 177 178 179 180 181 182
183 184 185 186 187 188 189 190 191 192 193 194 195 196
0 1 2 3 4 5 6 7 8 9 10 11 12
41 69 83 125 139 155 182 196 213 226 242 258 300
156 157 158 159 160 161 162 163 164 165 166 167 168
214 215 216 217 218 219 220 221 222 223 224 225 226
2 45 74 101 144 159 185 201 231 246 276 290
58 59 60 61 62 63 64 65 66 67 68 69
98 99 100 101 102 103 104 105 106 107 108 109
259 260 261 262 263 264 265 266 267 268 269 270
6 21 33 49 77 105 118 148 163 250 294
8 52 79 120 134 150 165 190 221 253 282
57 68 82 154 181 195 212 225 241 270 299
0 15 99 129 170 199 229 262 274 288
27 40 56 97 109 124 138 180 194 211
35 51 64 78 93 164 206 252 281 296
