1 3 7 9 24 25 33
2 3 7 9 15 24 25
2 7 8 10 20 24 30
2 7 8 10 24 30 43
2 7 10 15 20 24 25
2 7 10 15 20 24 30
2 7 10 15 24 30 43
2 8 10 24 30 42 43
2 8 13 16 20 24 30
2 8 13 16 20 30 34
2 8 13 20 24 26 29
2 13 15 16 20 24 30
2 13 15 20 24 26 29
3 7 9 15 24 25 33
3 9 15 24 25 28 33
4 7 14 15 23 45 46
4 7 15 23 25 45 46
4 7 15 24 25 45 46
4 14 15 35 39 46 49
4 14 15 36 39 46 49
4 15 24 25 35 39 46
4 15 24 25 35 45 46
4 15 25 35 39 46 49
7 8 10 19 20 24 30
7 8 10 19 24 30 43
7 9 15 24 25 33 45
7 9 15 24 25 45 46
7 10 15 20 24 25 33
7 14 23 32 41 45 46
7 15 20 24 25 33 45
8 10 11 19 20 24 39
8 10 11 19 24 39 43
8 10 11 24 28 39 43
8 10 19 20 24 27 30
8 11 13 20 24 26 29
8 11 19 20 24 26 29
8 12 17 19 26 27 38
8 13 16 20 24 27 30
8 13 16 20 27 30 34
8 13 20 24 26 27 29
8 17 19 24 26 27 38
8 19 20 24 26 27 29
9 19 24 26 27 38 44
10 11 15 24 28 39 43
11 13 15 20 24 26 29
13 15 16 20 24 27 30
13 15 20 24 26 27 29
17 19 24 26 27 38 44
0 2 13 16 20 24
0 2 13 20 24 29
0 10 11 19 20 24
0 11 13 20 24 29
0 11 19 20 24 29
0 11 19 24 29 35
0 11 20 24 29 41
1 3 6 7 33 47
1 3 6 22 33 47
1 3 7 9 21 25
1 3 7 9 33 47
1 3 7 24 29 33
1 4 5 24 39 46
1 4 7 24 25 46
1 4 24 25 39 46
1 7 9 21 25 46
1 7 9 24 25 46
1 7 10 24 25 33
1 7 10 24 30 43
2 3 7 8 24 29
2 3 7 9 24 44
2 3 7 15 24 29
2 3 9 24 25 42
2 7 8 20 24 29
2 7 8 24 29 43
2 7 9 14 15 48
2 7 9 15 24 48
2 7 9 24 44 48
2 7 10 20 25 37
2 7 10 20 30 37
2 7 10 30 37 43
2 7 15 20 24 29
2 7 15 24 29 43
2 8 13 20 29 34
2 8 16 24 30 42
2 8 16 30 34 42
2 9 14 15 16 48
2 9 15 16 24 25
2 9 15 16 24 48
2 9 15 24 26 48
2 9 16 24 25 42
2 9 16 25 37 42
2 9 24 26 44 48
2 10 30 37 42 43
2 13 14 15 16 30
2 13 14 16 30 34
2 14 15 16 30 49
2 15 16 20 24 25
2 16 20 25 34 37
2 16 20 30 34 37
2 16 25 34 37 42
2 16 30 34 37 42
2 18 24 25 35 42
3 6 7 8 19 47
3 6 7 19 33 47
3 6 7 19 44 47
3 6 19 22 33 47
3 6 19 22 44 47
3 7 8 12 19 29
3 7 8 12 19 47
3 7 8 19 24 29
3 7 9 15 33 47
3 7 9 19 24 33
3 7 9 19 24 44
3 7 9 19 33 47
3 7 9 19 44 47
3 7 15 24 29 33
3 7 19 24 29 33
3 8 12 19 39 47
3 9 15 28 33 47
3 15 22 24 28 33
3 15 22 28 33 47
3 15 24 25 28 39
4 5 14 39 46 49
4 14 15 23 39 46
4 14 15 35 45 46
4 15 16 24 25 27
4 15 16 24 25 45
4 15 23 25 27 46
4 15 23 25 39 46
4 15 24 25 27 46
4 15 36 39 43 49
7 8 10 20 23 40
7 8 12 19 30 47
7 8 19 20 24 29
7 8 19 20 30 47
7 8 19 24 29 43
7 8 19 29 32 43
7 8 19 30 43 47
7 9 14 15 45 46
7 9 14 21 32 46
7 9 14 32 45 46
7 9 15 24 33 48
7 9 21 25 32 46
7 9 25 32 45 46
7 10 15 20 23 25
7 10 19 20 24 33
7 10 20 23 25 37
7 15 20 23 25 45
7 15 20 24 29 33
7 19 20 24 29 33
7 20 24 29 33 41
7 20 24 33 41 45
7 23 25 32 45 46
8 10 19 24 27 38
8 10 23 28 39 43
8 10 24 28 30 43
8 11 13 24 26 28
8 11 17 19 24 26
8 11 17 19 24 43
8 11 17 19 43 47
8 11 17 24 26 28
8 11 17 24 28 43
8 11 17 28 43 47
8 11 19 20 39 47
8 11 19 24 29 35
8 11 19 24 29 43
8 11 19 24 35 39
8 11 19 29 32 35
8 11 19 29 32 43
8 11 19 32 35 39
8 11 19 32 39 43
8 11 19 35 39 47
8 11 19 39 43 47
8 11 24 26 28 48
8 11 24 28 39 48
8 11 28 32 39 43
8 11 28 39 43 47
8 12 17 19 38 47
8 12 19 26 27 29
8 13 20 23 26 27
8 13 20 23 27 34
8 13 20 27 29 34
8 13 23 26 27 38
8 13 23 28 32 34
8 13 24 26 27 38
8 23 28 32 39 43
8 23 28 39 43 47
9 15 16 24 25 27
9 15 16 24 25 45
9 15 24 25 27 46
9 15 24 26 27 38
9 15 24 26 27 46
9 15 24 26 28 48
9 15 24 28 33 48
9 15 25 28 31 33
9 15 28 31 33 47
10 11 15 20 24 33
10 11 15 20 24 39
10 11 15 24 28 33
10 11 19 20 24 33
10 15 20 23 25 27
10 15 20 23 25 39
10 15 20 24 25 27
10 15 20 24 25 39
10 15 20 24 27 30
10 15 20 25 31 33
10 15 23 25 28 39
10 15 23 28 39 43
10 15 24 25 28 33
10 15 24 25 28 39
10 15 24 28 30 43
10 15 25 28 31 33
10 15 28 30 31 43
10 19 24 27 38 44
10 20 23 25 37 39
10 23 25 28 37 39
10 23 28 37 39 43
10 28 30 31 37 43
10 30 31 37 42 43
11 13 15 24 26 28
11 15 17 24 26 28
11 15 17 24 28 43
11 15 17 28 43 47
11 15 17 43 47 49
11 15 20 24 29 33
11 15 20 24 33 45
11 15 24 26 28 48
11 15 24 28 33 48
11 15 24 28 39 48
11 15 28 39 43 47
11 15 35 39 47 49
11 15 39 43 47 49
11 19 20 24 29 33
11 20 24 29 33 41
11 20 24 33 41 45
13 14 23 28 32 34
13 15 20 23 26 27
13 15 23 26 27 38
13 15 24 26 27 38
13 24 26 27 38 44
14 15 23 28 39 48
14 23 32 34 41 45
14 23 32 39 41 46
15 16 17 24 25 27
15 16 20 24 25 27
15 16 20 24 25 45
15 17 24 25 27 46
15 17 24 26 27 38
15 17 24 26 27 46
15 20 22 24 33 45
15 20 22 31 33 47
15 20 31 33 36 47
15 22 24 28 33 48
15 22 28 31 33 47
15 23 28 39 43 47
15 28 30 31 43 47
15 35 39 46 47 49
15 36 39 43 47 49
15 36 39 46 47 49
30 31 41 42 43 47
0 2 6 16 48
0 2 6 18 48
0 2 10 20 24
0 2 10 20 37
0 2 13 14 16
0 2 13 14 29
0 2 14 16 48
0 2 14 29 35
0 2 16 20 37
0 2 16 24 48
0 2 16 37 48
0 2 18 24 35
0 2 18 24 48
0 2 24 29 35
0 4 18 24 35
0 6 10 11 19
0 6 10 19 38
0 6 19 36 38
0 10 11 21 28
0 10 11 24 28
0 10 19 24 38
0 11 13 24 28
0 11 17 19 24
0 11 17 21 28
0 11 17 24 28
0 11 21 28 48
0 11 24 28 48
0 12 17 19 38
0 12 17 21 38
0 13 14 36 38
0 14 17 19 38
0 14 17 21 28
0 14 17 21 38
0 14 19 29 35
0 14 19 35 38
0 14 19 36 38
0 14 21 28 48
0 14 21 36 38
0 14 21 36 48
0 17 19 24 38
0 19 24 35 38
1 3 5 24 33
1 3 5 24 39
1 3 7 21 29
1 3 22 24 33
1 3 24 25 39
1 4 7 24 43
1 4 24 39 43
1 5 10 24 33
1 5 10 24 39
1 6 7 10 33
1 7 9 46 47
1 7 10 21 25
1 7 10 21 43
1 7 21 29 43
1 7 24 29 43
1 7 30 43 47
1 9 21 26 38
1 9 21 26 46
1 9 24 26 38
1 9 24 26 46
1 10 24 25 39
1 10 24 39 43
1 17 21 25 46
1 17 21 26 38
1 17 21 26 46
1 17 24 25 46
1 17 24 26 38
1 17 24 26 46
2 3 6 7 8
2 3 6 7 44
2 3 6 8 34
2 3 6 34 44
2 3 8 24 42
2 3 8 29 34
2 3 8 34 42
2 3 25 34 42
2 6 7 8 10
2 6 7 8 48
2 6 7 10 44
2 6 7 18 48
2 6 7 44 48
2 6 8 16 34
2 6 8 16 48
2 6 8 26 48
2 6 18 26 48
2 6 26 44 48
2 7 8 24 48
2 7 9 25 37
2 7 9 37 48
2 7 10 24 44
2 7 14 15 29
2 7 14 15 30
2 7 18 24 25
2 7 18 24 30
2 7 18 24 48
2 8 16 24 48
2 8 24 26 48
2 8 24 29 35
2 8 24 35 42
2 9 16 37 48
2 9 26 37 48
2 10 24 25 42
2 10 25 37 42
2 13 14 15 29
2 13 14 29 34
2 13 24 26 44
2 14 15 29 35
2 14 15 35 49
2 15 16 25 49
2 15 24 25 35
2 15 24 29 35
2 15 25 35 49
2 15 30 43 49
2 18 24 26 48
2 18 24 30 42
2 18 25 34 42
2 18 25 35 49
2 18 30 34 42
2 25 35 37 42
3 5 12 19 39
3 5 19 24 33
3 5 19 24 39
3 5 24 28 33
3 5 24 28 39
3 6 22 33 34
3 6 22 34 44
3 7 8 12 40
3 7 9 21 44
3 7 12 21 29
3 8 12 42 47
3 8 19 24 39
3 8 24 28 39
3 8 28 39 47
3 9 21 25 28
3 9 21 25 42
3 15 28 39 47
3 19 22 24 33
3 19 22 24 44
3 19 24 39 44
3 19 39 44 47
3 22 28 33 34
3 25 28 33 34
4 5 14 45 46
4 5 24 45 46
4 6 22 34 44
4 7 15 23 43
4 7 15 24 43
4 7 18 24 25
4 7 24 44 45
4 14 15 16 45
4 14 15 16 49
4 14 15 31 35
4 14 15 31 36
4 14 16 34 45
4 14 23 34 45
4 15 16 25 49
4 15 22 24 45
4 15 23 39 43
4 15 24 39 43
4 15 25 31 35
4 15 27 36 46
4 15 31 36 43
4 16 25 27 34
4 16 25 34 45
4 18 24 25 27
4 18 24 25 35
4 18 25 27 34
4 18 25 31 35
4 18 25 35 49
4 22 24 44 45
4 22 34 44 45
4 23 25 27 34
4 23 25 34 45
4 24 35 39 44
4 24 35 44 45
5 10 19 24 33
5 10 19 24 39
5 10 24 28 33
5 10 24 28 39
5 10 28 31 33
6 7 8 10 19
6 7 8 10 23
6 7 8 19 32
6 7 8 23 32
6 7 8 23 47
6 7 8 23 48
6 7 10 19 33
6 7 10 19 44
6 7 18 32 41
6 7 18 33 41
6 7 18 33 48
6 7 19 32 44
6 7 23 32 41
6 7 23 41 47
6 7 33 41 47
6 8 10 11 19
6 8 10 19 38
6 8 10 23 38
6 8 11 19 26
6 8 11 19 32
6 8 11 19 47
6 8 11 26 48
6 8 19 26 38
6 8 19 38 47
6 8 23 26 38
6 8 23 26 48
6 8 23 32 34
6 8 23 38 47
6 10 11 19 33
6 10 19 38 44
6 11 19 33 47
6 11 33 41 47
6 18 31 32 41
6 18 31 33 41
6 18 32 34 41
6 18 33 34 41
6 19 26 38 44
6 19 33 36 47
6 19 36 38 47
6 19 38 44 47
6 22 31 33 47
6 23 32 34 41
6 23 38 41 47
6 31 33 36 47
6 31 33 41 47
7 8 10 23 43
7 8 12 40 48
7 8 20 23 47
7 8 23 32 43
7 8 23 40 48
7 8 23 43 47
7 9 14 19 32
7 9 14 21 48
7 9 15 46 47
7 9 19 32 44
7 9 21 32 44
7 9 21 44 48
7 9 24 44 45
7 9 25 37 46
7 9 32 44 45
7 10 15 23 43
7 10 19 24 44
7 10 23 37 43
7 12 30 41 47
7 14 15 23 48
7 14 19 29 32
7 14 21 29 32
7 14 29 32 41
7 15 20 23 47
7 15 20 30 47
7 15 20 33 47
7 15 23 43 47
7 15 23 46 47
7 15 30 43 47
7 18 21 25 32
7 18 24 25 33
7 18 24 30 41
7 18 24 33 41
7 18 24 33 48
7 19 20 33 47
7 20 23 40 41
7 20 23 41 45
7 20 23 41 47
7 20 24 30 41
7 20 30 41 47
7 20 33 41 47
7 21 29 32 43
7 23 25 37 46
7 23 32 41 43
7 23 41 43 47
7 23 41 46 47
7 24 29 41 43
7 24 30 41 43
7 24 41 45 46
7 29 32 41 43
7 30 41 43 47
8 10 20 23 27
8 10 20 23 39
8 10 23 27 38
8 11 13 28 32
8 11 13 29 32
8 12 19 27 30
8 12 26 40 48
8 12 30 42 47
8 13 23 26 28
8 13 24 28 30
8 13 28 30 34
8 13 29 32 34
8 16 17 24 27
8 16 20 34 40
8 19 24 35 38
8 19 35 38 47
8 20 23 26 40
8 20 23 34 40
8 20 23 39 47
8 23 26 28 48
8 23 26 40 48
8 23 28 39 48
8 28 30 43 47
8 30 42 43 47
9 14 15 16 45
9 14 15 28 31
9 14 15 28 48
9 14 15 38 45
9 14 21 28 32
9 14 21 28 48
9 14 28 31 32
9 15 24 38 45
9 15 26 28 31
9 19 38 44 47
9 21 25 28 32
9 21 26 28 48
9 21 26 38 44
9 21 26 44 48
9 24 38 44 45
9 25 28 31 32
9 25 28 31 37
9 25 31 37 42
9 26 28 31 37
9 26 28 37 48
10 11 21 28 43
10 15 20 30 31
10 15 23 27 38
10 15 24 27 38
10 19 24 39 44
10 20 25 31 37
10 20 30 31 37
10 25 28 31 37
10 25 31 37 42
11 15 17 26 49
11 15 20 33 47
11 15 20 39 47
11 15 24 29 35
11 15 24 29 43
11 15 24 35 39
11 15 24 35 45
11 15 28 33 47
11 17 21 26 28
11 17 21 28 43
11 19 20 33 47
11 20 24 39 41
11 20 33 41 47
11 20 39 41 47
11 21 26 28 48
11 21 28 32 43
11 21 29 32 43
11 24 29 41 43
11 24 39 41 43
11 29 32 41 43
11 32 39 41 43
11 39 41 43 47
12 17 21 26 38
12 30 41 42 47
13 14 15 23 28
13 14 15 23 38
13 14 15 28 30
13 14 15 36 38
13 14 28 30 34
13 14 29 32 34
13 15 20 22 24
13 15 20 27 36
13 15 22 24 28
13 15 23 26 28
13 15 24 28 30
13 15 27 36 38
13 20 27 34 36
14 15 16 17 49
14 15 17 38 49
14 15 17 46 49
14 15 23 38 45
14 15 28 30 31
14 15 35 38 45
14 15 35 38 49
14 15 36 38 49
14 15 36 39 48
14 19 29 32 35
14 19 32 35 39
14 23 28 32 39
14 23 38 41 45
14 29 32 34 41
14 32 35 39 46
14 32 35 45 46
15 16 17 25 49
15 17 24 25 28
15 17 25 46 49
15 17 26 38 49
15 17 26 46 49
15 17 38 47 49
15 17 46 47 49
15 20 23 39 47
15 20 30 31 47
15 20 36 39 47
15 23 26 27 46
15 23 26 28 48
15 23 39 46 47
15 24 35 38 45
15 30 43 47 49
15 31 36 43 47
15 35 38 47 49
15 36 38 47 49
16 20 25 27 34
16 20 25 34 45
17 19 38 44 47
17 21 26 38 44
18 24 30 41 42
18 25 31 32 35
18 25 31 35 42
18 30 31 41 42
18 30 34 41 42
19 20 22 24 33
19 20 22 33 47
19 20 33 36 47
19 20 36 39 47
19 24 35 38 44
19 24 35 39 44
19 32 35 39 44
19 35 38 44 47
19 35 39 44 47
19 36 39 43 47
20 22 33 34 45
20 23 25 27 34
20 23 25 34 37
20 23 25 34 45
20 23 34 40 41
20 23 34 41 45
20 23 39 41 47
20 25 33 34 45
20 29 33 34 41
20 30 31 41 47
20 31 33 41 47
20 33 34 41 45
23 25 28 32 34
23 25 28 32 39
23 25 28 34 37
23 25 32 34 45
23 25 32 39 46
23 25 37 39 46
23 26 28 37 48
23 28 37 39 48
23 32 39 41 43
23 39 41 43 47
23 39 41 46 47
24 30 41 42 43
24 35 38 44 45
25 31 35 37 42
25 32 35 39 46
25 32 35 45 46
25 35 37 39 46
31 36 42 43 47
0 2 6 10
0 2 35 37
0 4 6 16
0 4 6 18
0 4 6 36
0 4 14 16
0 4 14 35
0 4 14 36
0 4 16 24
0 4 16 40
0 4 18 40
0 4 36 40
0 6 11 41
0 6 11 48
0 6 18 41
0 6 36 48
0 6 38 41
0 10 20 40
0 10 21 38
0 10 28 37
0 10 37 38
0 11 21 29
0 12 19 29
0 12 21 29
0 12 21 48
0 12 29 41
0 12 37 38
0 12 37 48
0 12 38 41
0 12 40 41
0 12 40 48
0 13 14 28
0 13 20 36
0 13 24 38
0 14 16 17
0 14 21 29
0 14 29 41
0 14 38 41
0 16 17 24
0 16 20 40
0 16 40 48
0 18 21 48
0 18 24 41
0 18 40 41
0 18 40 48
0 19 20 36
0 20 36 40
0 20 40 41
0 24 38 41
0 28 37 48
0 35 37 38
0 36 40 48
1 3 5 40
1 3 7 40
1 3 21 22
1 3 39 47
1 4 5 40
1 4 6 7
1 4 6 22
1 4 7 40
1 4 22 24
1 5 10 40
1 6 10 38
1 6 26 38
1 6 38 47
1 7 10 40
1 9 38 47
1 10 21 38
1 10 24 38
1 17 21 43
1 17 24 43
1 17 38 47
1 17 43 47
1 17 46 47
1 21 26 29
1 24 26 29
1 39 43 47
1 39 46 47
2 3 5 24
2 5 10 24
2 5 13 14
2 5 13 24
2 5 14 49
2 6 18 34
2 13 34 44
2 15 26 49
2 18 26 49
2 18 30 49
2 20 26 37
2 24 35 44
3 5 12 40
3 8 28 34
3 8 34 40
3 9 42 47
3 12 21 42
3 21 22 28
3 21 22 44
3 29 33 34
4 5 14 31
4 5 40 49
4 6 7 18
4 6 7 23
4 6 7 44
4 6 16 34
4 6 18 31
4 6 18 34
4 6 22 31
4 6 23 34
4 6 31 36
4 6 34 36
4 7 18 40
4 7 23 40
4 14 34 36
4 15 22 31
4 16 34 40
4 16 40 49
4 18 34 40
4 18 40 49
4 23 34 40
4 24 27 44
4 27 34 36
4 27 34 44
4 34 36 40
4 36 40 49
5 13 14 28
5 13 24 28
5 14 19 39
5 14 28 31
5 14 28 39
5 24 33 45
6 10 31 33
6 11 32 41
6 11 33 48
6 18 26 31
6 22 33 48
6 22 44 48
6 32 34 44
6 33 34 36
6 33 36 48
7 10 21 44
7 12 21 48
7 12 29 41
7 12 30 37
7 12 37 48
7 12 40 41
7 12 41 45
7 14 19 30
7 14 30 41
7 18 21 48
7 18 40 41
7 18 40 48
7 23 37 48
8 12 39 48
8 16 40 48
8 35 42 47
9 14 19 38
9 14 21 38
9 15 38 47
9 26 37 38
9 26 37 46
9 31 42 47
10 21 25 28
10 21 25 42
10 21 38 44
10 21 42 43
10 23 37 38
11 21 26 29
11 32 35 45
11 32 41 45
12 21 26 29
12 21 26 48
12 26 37 38
12 26 37 48
12 30 37 42
12 37 39 48
12 38 41 45
12 38 41 47
12 39 41 47
13 14 34 36
13 20 22 34
13 22 24 44
13 22 28 34
13 22 34 44
13 27 34 44
13 32 34 44
14 15 17 28
14 17 21 46
14 19 36 39
14 21 36 46
14 30 31 41
14 30 34 41
14 31 32 35
14 31 32 41
15 20 26 31
15 23 38 47
15 31 35 47
15 33 36 48
17 21 25 28
18 21 25 42
18 21 26 48
18 24 26 27
18 24 27 30
18 25 31 33
18 25 32 34
18 25 33 34
18 26 40 48
18 26 40 49
18 27 30 34
18 34 40 41
19 20 27 36
19 27 36 38
20 22 31 37
20 22 34 37
20 23 26 37
20 26 31 37
20 30 34 41
20 33 34 36
20 34 36 40
21 22 28 48
21 22 44 48
21 36 42 43
22 24 44 48
22 28 31 37
22 28 34 37
22 28 37 48
23 26 37 38
23 26 37 46
24 38 41 45
24 39 41 46
24 39 44 48
28 30 34 37
28 31 32 43
31 32 41 43
31 35 42 47
32 34 44 45
32 35 44 45
1 26 40
5 12 45
34 36 42
