0 2 42 51 56 60 64 66
1 4 6 19 58 64 69 72
1 10 22 28 32 33 35 64
1 10 22 28 32 33 64 72
1 10 22 28 32 35 55 64
1 10 22 28 35 55 64 68
1 10 28 35 55 64 66 68
1 12 16 21 38 63 65 68
1 14 17 22 27 37 38 63
1 16 21 22 38 63 64 68
1 16 21 38 63 64 65 68
1 16 22 28 35 38 64 68
1 16 22 28 35 55 64 68
1 16 28 35 55 64 66 68
1 17 22 25 27 37 38 63
1 17 22 25 27 37 55 63
1 22 28 32 33 35 37 64
1 22 28 32 33 37 64 72
1 22 28 32 35 37 55 64
1 22 28 33 35 37 38 64
1 22 28 35 37 38 64 68
1 22 28 35 37 55 64 68
1 28 35 37 55 64 66 68
4 6 19 31 40 64 69 72
4 6 19 40 58 64 69 72
4 19 31 37 40 64 69 72
4 19 40 56 58 64 69 72
7 9 22 29 38 44 56 62
8 25 42 44 54 56 59 68
8 25 44 54 56 59 62 68
9 20 21 22 25 27 32 44
9 20 22 25 27 32 44 56
9 22 25 37 44 50 54 68
9 22 25 38 44 56 62 68
9 22 25 44 54 56 62 68
9 22 29 38 44 56 62 68
9 25 31 37 40 54 68 71
9 25 31 37 50 54 68 71
9 29 32 44 46 56 58 73
14 32 36 42 46 56 59 64
15 19 44 53 56 58 72 73
16 28 31 36 49 64 65 72
17 20 22 25 26 27 44 45
17 22 25 27 37 45 55 63
17 22 25 37 39 45 55 63
19 25 44 53 56 58 72 73
19 25 44 56 58 59 69 72
19 31 36 37 40 64 69 72
19 33 36 37 40 63 64 66
19 33 36 37 40 63 64 69
19 33 36 37 40 64 69 72
19 37 40 55 63 64 66 71
20 22 25 32 35 44 49 56
22 25 32 44 49 56 60 72
22 25 32 44 53 56 60 72
22 25 37 44 50 53 54 72
22 25 37 44 50 54 68 72
25 32 44 49 56 58 72 73
25 32 44 53 56 58 72 73
28 32 33 36 49 64 65 72
37 40 55 63 64 66 68 71
0 2 3 12 56 60 67
0 2 3 49 56 60 67
0 2 18 24 51 60 66
0 2 24 42 51 60 66
0 2 42 49 56 60 64
0 3 13 56 60 67 74
0 3 20 35 49 56 67
0 6 8 18 24 25 74
0 6 8 18 24 51 74
0 6 8 24 25 42 74
0 6 8 24 42 51 74
0 6 16 18 24 66 71
0 6 24 35 42 51 66
0 6 35 42 51 64 66
0 8 18 24 25 60 74
0 8 18 24 51 60 74
0 8 24 25 42 60 74
0 8 24 42 51 60 74
0 8 25 42 56 60 74
0 8 42 51 56 60 64
0 8 42 51 56 60 74
0 20 25 35 49 56 67
0 20 25 49 56 58 67
0 20 25 49 58 67 71
0 35 42 51 56 64 66
1 4 6 7 58 69 72
1 4 6 35 38 64 69
1 4 7 37 38 63 69
1 4 17 19 37 55 63
1 4 17 27 37 38 63
1 4 17 27 37 55 63
1 4 17 27 47 55 63
1 4 19 37 55 63 64
1 4 19 37 63 64 69
1 4 19 37 64 69 72
1 4 19 58 63 64 69
1 4 35 37 38 64 68
1 4 35 37 38 64 69
1 4 35 37 55 64 68
1 4 37 38 63 64 68
1 4 37 38 63 64 69
1 4 37 55 63 64 68
1 4 47 55 63 64 68
1 4 47 58 63 64 68
1 4 47 58 63 64 69
1 6 19 25 58 69 72
1 7 12 37 38 63 69
1 7 13 22 28 37 38
1 7 13 22 28 37 55
1 7 14 22 37 38 63
1 7 14 37 38 63 69
1 10 11 21 22 33 64
1 10 11 21 22 64 68
1 10 13 22 28 32 55
1 10 13 22 28 55 68
1 10 21 22 32 33 64
1 10 21 22 33 63 64
1 10 21 22 63 64 68
1 10 21 33 63 64 66
1 10 21 33 63 64 69
1 10 21 63 64 66 68
1 10 22 28 64 68 72
1 10 22 55 63 64 68
1 10 28 33 35 48 64
1 10 28 33 35 64 66
1 10 28 33 48 64 72
1 10 55 63 64 66 68
1 12 16 28 38 65 68
1 12 21 33 38 63 65
1 12 21 33 38 63 69
1 12 33 37 38 63 69
1 13 22 28 32 37 55
1 13 22 28 37 38 68
1 13 22 28 37 55 68
1 14 17 22 26 27 63
1 14 21 22 26 27 63
1 14 21 22 27 38 63
1 14 21 22 38 63 64
1 14 21 38 63 64 69
1 14 21 47 63 64 69
1 14 22 37 38 63 64
1 14 37 38 63 64 69
1 16 21 22 27 38 63
1 16 21 27 38 63 65
1 16 21 63 64 66 68
1 16 22 28 46 64 68
1 16 22 28 64 68 72
1 16 22 38 62 64 68
1 16 22 55 63 64 68
1 16 28 38 64 65 68
1 16 28 46 64 66 68
1 16 28 64 65 68 72
1 16 55 63 64 66 68
1 17 19 25 37 55 63
1 17 22 25 26 27 63
1 19 33 37 63 64 66
1 19 33 37 63 64 69
1 19 33 37 64 69 72
1 19 37 55 63 64 66
1 21 22 25 26 27 63
1 21 22 25 27 38 63
1 21 22 25 38 63 68
1 21 22 27 33 38 63
1 21 22 33 38 63 64
1 21 27 33 38 63 65
1 21 33 38 63 64 65
1 21 33 38 63 64 69
1 21 47 63 64 65 68
1 22 25 26 27 53 63
1 22 25 27 32 37 53
1 22 25 27 32 37 55
1 22 25 27 37 53 63
1 22 25 32 35 37 55
1 22 25 32 37 53 72
1 22 25 35 37 38 68
1 22 25 35 37 55 68
1 22 25 37 38 63 68
1 22 25 37 53 54 63
1 22 25 37 53 54 72
1 22 25 37 54 63 68
1 22 25 37 54 68 72
1 22 25 37 55 63 68
1 22 27 28 32 33 37
1 22 27 28 32 37 55
1 22 27 28 33 37 38
1 22 27 33 37 38 63
1 22 28 37 64 68 72
1 22 33 37 38 63 64
1 22 37 38 63 64 68
1 22 37 55 63 64 68
1 25 37 53 54 63 74
1 28 32 33 64 65 72
1 28 33 35 37 64 66
1 28 33 35 38 48 64
1 28 35 51 64 66 68
1 33 35 37 38 64 69
1 33 37 38 63 64 69
1 37 55 63 64 66 68
2 3 9 39 51 52 73
2 3 9 39 51 56 73
2 3 9 39 52 62 73
2 3 9 39 56 62 73
2 3 12 26 52 62 67
2 3 12 26 52 62 73
2 3 12 26 56 62 67
2 3 12 26 56 62 73
2 3 12 39 52 62 73
2 3 12 39 56 62 73
2 3 26 45 48 52 73
2 3 26 45 51 52 73
2 3 26 45 52 62 73
2 3 39 45 51 52 73
2 3 39 45 52 62 73
2 10 11 21 22 33 64
2 10 11 21 22 60 64
2 10 21 22 33 39 63
2 10 21 22 33 63 64
2 10 21 33 63 64 66
2 10 21 33 63 64 69
2 10 23 24 48 60 61
2 10 23 24 48 60 72
2 10 23 34 48 60 61
2 12 21 33 39 63 65
2 17 22 37 39 45 63
2 18 24 41 51 60 66
2 22 49 56 60 64 72
2 24 41 42 51 60 66
2 42 46 49 56 64 73
3 27 28 33 38 48 57
4 6 8 18 24 54 74
4 6 8 18 40 54 74
4 6 8 19 31 40 64
4 8 19 31 37 40 64
4 8 19 37 40 63 64
4 8 31 37 40 54 68
4 8 31 37 40 64 68
4 8 37 40 54 63 68
4 8 37 40 54 63 74
4 8 37 40 63 64 68
4 15 19 30 40 56 58
4 15 19 40 56 58 72
4 19 31 40 43 64 69
4 19 37 40 55 63 64
4 19 37 40 63 64 69
4 19 40 43 56 64 69
4 19 40 58 63 64 69
4 31 37 40 54 68 72
4 31 37 40 64 68 72
4 35 37 40 55 64 68
4 35 38 43 56 64 69
4 35 40 43 56 64 69
4 37 40 55 63 64 68
4 40 56 58 64 68 72
6 8 11 24 25 42 74
6 8 11 24 41 42 74
6 8 11 25 40 42 74
6 8 18 24 25 54 74
6 8 18 24 41 51 74
6 8 18 25 40 54 74
6 8 19 24 25 42 52
6 8 19 24 42 51 52
6 8 19 25 40 42 52
6 8 24 25 42 54 74
6 8 24 41 42 51 74
6 8 25 40 42 54 74
6 16 18 24 41 66 71
6 16 18 41 46 66 71
6 16 18 46 49 71 73
6 16 31 46 49 64 71
6 16 46 49 64 71 73
6 19 24 25 26 52 71
6 19 25 26 50 71 73
6 19 25 26 52 71 73
6 19 25 31 40 69 71
6 19 25 31 40 69 72
6 19 25 31 50 69 71
6 19 25 31 50 69 72
6 19 25 40 52 69 71
6 19 25 40 58 69 71
6 19 25 40 58 69 72
6 19 31 40 64 69 71
6 19 31 50 64 69 71
6 19 31 50 64 69 72
6 19 40 58 64 69 71
6 24 35 41 42 51 66
6 25 26 45 52 71 73
6 25 32 49 58 72 73
6 32 42 46 49 64 73
6 32 46 49 58 64 73
6 32 49 58 64 72 73
6 46 49 58 64 71 73
7 9 29 44 56 58 62
7 9 38 44 56 62 69
7 9 44 56 58 62 69
7 12 29 38 43 56 62
7 12 38 43 56 62 69
7 14 22 37 38 61 63
7 14 31 37 45 69 71
7 14 37 45 63 69 71
7 15 44 53 56 58 72
7 15 44 53 56 60 72
7 22 29 30 38 56 62
7 22 29 38 43 56 62
7 22 44 53 56 60 72
7 29 30 56 58 59 62
7 29 44 56 58 59 62
7 44 56 58 59 62 69
7 44 56 58 59 69 72
8 11 12 20 21 41 68
8 11 12 21 41 60 68
8 11 21 25 42 60 68
8 11 21 41 42 60 68
8 11 21 42 60 64 68
8 11 24 25 42 60 68
8 11 24 25 42 60 74
8 11 24 41 42 60 68
8 11 24 41 42 60 74
8 12 16 18 21 41 60
8 12 16 21 23 60 68
8 12 16 21 41 60 68
8 12 16 21 41 63 68
8 16 21 41 59 63 68
8 16 21 59 63 64 68
8 16 44 54 59 62 68
8 18 20 21 25 44 59
8 18 24 41 51 60 74
8 19 20 25 44 56 59
8 19 24 25 42 44 60
8 19 24 42 44 51 60
8 19 25 42 44 56 59
8 19 25 42 44 56 60
8 19 42 44 51 56 59
8 19 42 44 51 56 60
8 19 42 51 56 59 64
8 19 42 51 56 60 64
8 20 21 25 44 59 68
8 20 25 44 56 59 68
8 21 25 42 44 59 68
8 21 25 42 44 60 68
8 24 25 42 44 54 68
8 24 25 42 44 60 68
8 24 41 42 51 60 68
8 24 41 42 51 60 74
8 24 42 44 51 60 68
8 25 31 37 40 54 68
8 25 31 37 50 54 68
8 25 37 40 54 63 68
8 25 37 40 54 63 74
8 25 37 44 50 54 68
8 25 37 50 54 63 68
8 25 40 42 54 56 68
8 25 40 42 54 56 74
8 25 40 54 56 62 68
8 25 40 54 56 62 74
8 25 42 44 50 54 68
8 25 42 44 56 60 68
8 25 42 54 56 59 74
8 25 54 56 59 62 74
8 42 44 51 56 59 68
8 42 44 51 56 60 68
8 42 51 56 59 64 68
8 42 51 56 60 64 68
9 16 21 22 27 38 44
9 16 21 22 38 44 68
9 16 21 22 38 64 68
9 16 22 28 38 64 68
9 16 22 28 46 64 68
9 16 22 38 44 62 68
9 16 22 38 62 64 68
9 16 22 44 54 62 68
9 16 28 31 36 46 64
9 16 28 31 46 64 68
9 16 28 36 46 64 66
9 16 28 46 64 66 68
9 16 31 46 64 68 71
9 16 46 64 66 68 71
9 16 62 64 66 68 71
9 18 20 21 25 27 44
9 20 21 22 25 44 68
9 20 22 25 27 44 50
9 20 22 25 44 50 68
9 20 22 25 44 56 68
9 20 25 31 50 68 71
9 20 25 32 44 56 58
9 20 25 44 56 58 68
9 20 31 50 64 68 71
9 21 22 25 27 38 44
9 21 22 25 38 44 68
9 22 25 27 32 37 44
9 22 25 27 37 38 44
9 22 25 27 37 44 50
9 22 25 27 38 44 56
9 22 25 37 38 44 68
9 22 27 32 44 46 56
9 22 28 37 38 64 68
9 22 29 32 44 46 56
9 22 29 44 46 56 68
9 22 38 56 62 64 68
9 25 31 37 40 69 71
9 25 31 37 50 69 71
9 25 32 44 56 58 73
9 25 38 44 56 62 69
9 25 38 44 56 62 73
9 25 40 52 62 69 71
9 25 40 54 56 62 68
9 25 40 54 62 68 71
9 25 40 56 58 62 68
9 25 40 56 58 62 69
9 25 40 58 62 68 71
9 25 40 58 62 69 71
9 25 44 54 56 62 73
9 25 44 56 58 62 68
9 25 44 56 58 62 69
9 25 44 56 58 62 73
9 29 38 44 56 62 73
9 29 44 46 56 58 68
9 29 44 56 58 62 68
9 29 44 56 58 62 73
9 31 36 37 40 64 69
9 31 37 40 64 68 71
9 31 37 40 64 69 71
9 31 37 50 64 68 71
9 31 37 50 64 69 71
9 32 46 56 58 64 73
9 37 40 64 66 68 71
9 40 56 58 62 64 68
9 40 56 58 62 64 69
9 40 56 62 64 66 68
9 40 58 62 64 68 71
9 40 58 62 64 69 71
9 40 62 64 66 68 71
10 11 20 21 22 64 68
10 11 21 22 33 43 64
10 11 21 22 43 60 64
10 11 21 22 60 64 68
10 13 22 28 32 55 60
10 13 22 28 55 60 68
10 20 22 28 32 35 64
10 20 22 28 35 64 68
10 20 22 32 35 45 64
10 20 32 35 45 59 64
10 21 22 32 33 43 64
10 21 22 32 43 60 64
10 21 32 33 43 59 64
10 21 33 43 59 64 69
10 21 33 59 63 64 69
10 22 28 29 32 33 35
10 22 28 32 55 60 64
10 22 28 32 60 64 72
10 22 28 55 60 64 68
10 22 28 60 64 68 72
10 22 29 32 33 35 43
10 22 32 33 35 43 64
10 22 32 35 43 55 64
10 22 32 35 45 55 64
10 22 32 43 55 60 64
10 22 32 45 55 60 64
10 23 24 29 35 43 48
10 23 24 29 35 66 68
10 23 24 29 43 48 60
10 23 24 29 60 66 68
10 23 29 32 35 43 59
10 24 29 33 35 43 48
10 28 55 60 64 66 68
10 29 32 33 35 43 59
10 32 33 35 43 59 64
10 33 35 43 59 64 69
10 33 43 59 62 64 69
10 55 63 64 66 68 71
12 16 21 38 41 63 68
12 29 32 46 56 58 73
12 29 38 43 52 62 67
12 29 38 43 52 62 73
12 29 38 43 56 62 67
12 29 38 43 56 62 73
12 33 36 37 40 63 69
13 19 31 36 37 40 53
13 19 36 40 42 53 56
13 32 36 40 42 53 56
13 36 40 42 53 56 74
14 17 22 26 27 44 45
14 17 22 26 27 45 63
14 17 22 27 37 38 44
14 17 22 27 37 44 45
14 17 22 27 37 45 63
14 17 22 37 38 61 63
14 17 22 37 39 45 63
14 21 47 59 63 64 69
14 22 26 27 44 46 56
14 22 27 32 37 44 45
14 22 27 32 44 46 56
14 27 32 42 44 46 56
14 27 42 46 56 57 66
14 31 36 37 45 64 69
14 31 37 45 64 69 71
14 31 37 50 64 69 71
14 32 36 42 45 59 64
14 32 42 44 46 56 59
14 36 37 45 63 64 69
14 36 42 46 56 57 66
14 36 42 46 56 64 66
14 36 45 59 63 64 69
14 36 46 56 59 64 69
14 36 47 59 63 64 69
14 37 45 63 64 69 71
14 37 50 63 64 69 71
15 19 26 44 53 56 73
15 19 30 33 36 40 66
15 19 30 36 40 56 66
15 19 33 36 37 40 66
15 19 33 36 37 40 72
15 19 36 37 40 53 66
15 19 36 37 40 53 72
15 19 36 40 53 56 66
15 19 36 40 53 56 72
15 19 40 53 56 58 72
15 19 44 53 56 60 72
15 26 27 44 46 48 53
15 26 27 44 46 53 56
15 26 27 46 48 53 57
15 26 27 46 53 56 57
15 26 44 46 48 53 73
15 26 44 46 49 56 73
15 26 44 46 53 56 73
15 27 46 53 56 57 66
15 36 46 53 56 57 66
15 44 46 49 56 58 73
15 44 46 53 56 58 73
15 44 49 56 58 72 73
16 22 28 49 60 64 72
16 22 28 55 60 64 68
16 22 28 60 64 68 72
16 24 41 63 66 68 71
16 28 30 31 36 49 65
16 28 31 36 46 49 64
16 28 31 64 65 68 72
16 28 49 64 65 72 73
16 28 55 60 64 66 68
16 41 55 63 66 68 71
16 44 53 54 65 72 73
16 55 63 64 66 68 71
17 19 25 37 39 55 63
17 19 25 37 55 63 71
17 22 25 26 27 45 63
17 22 25 26 44 45 62
17 22 25 27 37 38 44
17 22 25 27 37 44 45
17 25 37 45 55 63 71
19 20 25 44 56 58 59
19 25 26 44 50 53 73
19 25 26 44 53 56 73
19 25 26 50 53 63 71
19 25 26 50 53 71 73
19 25 31 37 40 53 71
19 25 31 37 40 53 72
19 25 31 37 40 69 71
19 25 31 37 40 69 72
19 25 31 37 50 53 71
19 25 31 37 50 53 72
19 25 31 37 50 69 71
19 25 31 37 50 69 72
19 25 37 40 53 63 71
19 25 37 40 55 63 71
19 25 37 40 63 69 71
19 25 37 44 50 53 72
19 25 37 44 50 69 72
19 25 37 50 53 63 71
19 25 37 50 55 63 71
19 25 37 50 63 69 71
19 25 40 53 56 58 72
19 25 40 53 58 63 71
19 25 40 56 58 69 72
19 25 40 58 63 69 71
19 25 42 44 50 53 73
19 25 42 44 53 56 60
19 25 42 44 53 56 73
19 25 44 50 53 72 73
19 25 44 53 56 60 72
19 26 44 51 53 56 73
19 31 36 37 40 53 72
19 31 36 40 43 64 69
19 31 37 40 64 69 71
19 31 37 50 64 69 71
19 31 37 50 64 69 72
19 33 36 40 43 64 69
19 33 36 43 59 64 69
19 33 36 59 63 64 69
19 33 36 59 64 69 72
19 34 40 58 63 69 71
19 36 37 40 53 63 66
19 36 40 42 43 53 56
19 36 40 42 43 56 64
19 36 40 42 53 56 66
19 36 40 42 56 64 66
19 36 40 43 56 64 69
19 36 40 56 64 69 72
19 36 42 43 56 59 64
19 36 43 56 59 64 69
19 36 56 59 64 69 72
19 37 40 53 63 66 71
19 37 40 63 64 69 71
19 37 50 55 63 64 71
19 37 50 63 64 69 71
19 40 58 63 64 69 71
19 42 44 51 53 56 60
19 42 44 51 53 56 73
19 42 51 53 56 60 66
19 42 51 56 60 64 66
19 56 58 59 64 69 72
20 21 22 25 26 27 44
20 22 25 26 27 44 50
20 22 25 26 27 44 56
20 22 25 26 44 49 56
20 22 25 27 32 44 45
20 22 25 32 35 44 45
20 22 25 35 44 56 68
20 22 28 32 35 49 64
20 22 32 35 49 56 64
20 25 32 35 44 45 59
20 25 32 35 44 56 59
20 25 32 44 49 56 58
20 25 32 44 56 58 59
20 25 35 44 56 59 68
20 25 44 56 58 59 68
20 28 30 31 36 49 65
20 28 31 36 49 64 65
20 28 32 36 49 64 65
22 25 26 27 44 50 53
22 25 26 27 44 53 56
22 25 26 27 50 53 63
22 25 27 32 37 44 45
22 25 27 32 37 44 53
22 25 27 32 37 45 55
22 25 27 32 44 53 56
22 25 27 37 44 50 53
22 25 27 37 50 53 63
22 25 27 37 50 55 63
22 25 32 35 37 44 45
22 25 32 35 37 45 55
22 25 32 37 44 53 72
22 25 35 37 38 44 68
22 25 35 38 44 56 68
22 25 37 50 53 54 63
22 25 37 50 54 63 68
22 25 37 50 55 63 68
22 25 44 53 54 56 72
22 25 44 54 56 68 72
22 25 44 56 60 68 72
22 26 27 44 46 53 56
22 27 32 44 46 53 56
22 28 32 33 35 49 64
22 28 32 33 49 64 72
22 28 32 49 60 64 72
22 29 35 38 44 56 68
22 32 35 37 45 55 64
22 32 49 56 60 64 72
22 37 50 55 63 64 68
23 24 29 35 38 43 48
24 29 33 35 38 43 48
24 29 33 35 38 44 48
24 35 41 42 51 66 68
24 41 42 51 60 66 68
25 26 45 52 62 71 73
25 27 32 40 42 53 56
25 27 32 42 44 53 56
25 31 37 40 53 54 71
25 31 37 40 53 54 72
25 31 37 40 54 68 72
25 31 37 50 53 54 71
25 31 37 50 53 54 72
25 31 37 50 54 68 72
25 32 35 42 44 45 59
25 32 35 42 44 49 56
25 32 35 42 44 56 59
25 32 40 53 56 58 72
25 32 42 44 49 56 60
25 32 42 44 49 56 73
25 32 42 44 53 56 60
25 32 42 44 53 56 73
25 32 44 56 58 59 72
25 35 42 44 56 59 68
25 37 40 53 54 63 71
25 37 40 53 54 63 74
25 37 40 54 63 68 71
25 37 40 55 63 68 71
25 37 50 53 54 63 71
25 37 50 54 63 68 71
25 37 50 55 63 68 71
25 40 42 53 54 56 74
25 42 44 50 53 54 73
25 42 44 53 54 56 73
25 44 50 53 54 72 73
25 44 53 54 56 72 73
25 44 54 56 59 68 72
25 44 56 58 59 62 68
25 44 56 58 59 62 69
25 44 56 58 59 68 72
27 32 42 44 46 53 56
27 42 44 51 53 56 70
27 42 46 53 56 57 66
28 32 33 36 37 64 72
28 32 49 64 65 72 73
29 32 35 42 43 56 59
29 32 35 42 44 56 59
29 32 42 44 46 56 59
29 32 42 44 46 56 73
29 32 44 46 56 58 59
29 35 42 44 56 59 68
29 42 44 46 56 59 68
29 44 46 56 58 59 68
29 44 56 58 59 62 68
32 33 36 37 40 64 72
32 35 40 42 43 56 64
32 35 42 43 56 59 64
32 36 40 42 43 53 56
32 36 40 42 43 56 64
32 36 42 43 56 59 64
32 36 42 46 49 56 64
32 42 44 46 49 56 73
32 42 44 46 53 56 73
32 42 46 49 56 64 73
32 44 46 49 56 58 73
32 44 46 53 56 58 73
32 46 49 56 58 64 73
32 49 56 58 64 72 73
35 37 40 55 64 66 68
35 40 42 56 64 66 68
35 42 44 51 56 59 68
35 42 51 56 59 64 68
35 42 51 56 64 66 68
36 42 46 53 56 57 66
37 41 55 63 66 68 71
37 50 55 63 64 68 71
42 51 56 60 64 66 68
0 2 3 51 56 60
0 2 17 34 42 51
0 2 18 34 51 60
0 2 24 60 66 67
0 2 34 42 51 60
0 2 56 60 66 67
0 3 12 20 56 67
0 3 13 20 56 67
0 3 13 48 60 74
0 3 20 30 49 56
0 3 30 49 56 60
0 3 30 56 60 74
0 3 51 56 60 74
0 5 12 20 58 67
0 5 17 34 42 51
0 5 20 25 58 67
0 5 25 42 60 74
0 5 25 60 67 74
0 5 30 34 47 58
0 5 34 42 51 60
0 5 42 51 60 74
0 6 8 16 18 24
0 6 8 24 48 74
0 6 8 25 42 50
0 6 8 42 50 64
0 6 8 42 51 64
0 6 16 18 49 71
0 6 16 24 35 66
0 6 16 35 49 64
0 6 16 35 64 66
0 6 16 49 64 71
0 6 16 64 66 71
0 6 18 24 25 71
0 6 18 24 51 66
0 6 18 25 49 71
0 6 24 25 35 42
0 6 24 42 57 66
0 6 25 35 42 49
0 6 25 49 58 71
0 6 35 42 49 64
0 6 49 58 64 71
0 8 12 16 18 60
0 8 16 18 24 60
0 8 16 24 30 60
0 8 24 30 60 74
0 8 24 48 60 74
0 8 30 56 60 74
0 12 20 56 58 67
0 12 20 58 67 71
0 13 20 56 58 67
0 13 42 56 60 74
0 14 37 50 64 71
0 14 37 64 66 71
0 14 42 56 57 66
0 14 42 56 64 66
0 16 18 24 60 66
0 16 24 30 60 66
0 16 24 30 66 71
0 18 20 25 49 71
0 20 30 49 56 58
0 20 30 49 58 71
0 20 35 49 56 64
0 20 49 56 58 64
0 20 49 58 64 71
0 24 25 60 67 74
0 25 35 42 49 56
0 25 42 49 56 60
0 25 49 56 60 67
0 25 56 60 67 74
0 35 42 49 56 64
1 4 6 7 13 38
1 4 6 7 13 58
1 4 6 7 38 69
1 4 6 7 69 70
1 4 6 13 19 52
1 4 6 13 19 58
1 4 6 13 38 52
1 4 6 13 38 74
1 4 6 19 26 52
1 4 6 19 52 69
1 4 6 38 52 69
1 4 6 52 69 70
1 4 7 13 37 38
1 4 7 13 37 55
1 4 7 37 55 63
1 4 7 37 69 72
1 4 7 58 63 69
1 4 13 19 37 55
1 4 13 37 38 68
1 4 13 37 38 74
1 4 13 37 55 68
1 4 13 47 55 68
1 4 13 47 58 68
1 4 17 19 26 63
1 4 17 19 37 72
1 4 17 26 27 63
1 4 37 38 63 74
1 4 37 54 63 68
1 4 37 54 63 74
1 4 37 54 68 72
1 4 37 64 68 72
1 4 58 64 68 72
1 6 7 11 13 58
1 6 11 21 25 27
1 6 11 21 27 70
1 6 11 46 58 64
1 6 13 38 48 52
1 6 13 38 48 74
1 6 16 21 27 38
1 6 16 21 27 66
1 6 16 21 27 70
1 6 16 21 38 64
1 6 16 21 64 66
1 6 16 27 46 66
1 6 16 35 38 64
1 6 16 35 64 66
1 6 16 46 64 66
1 6 19 25 26 52
1 6 19 25 52 69
1 6 19 26 51 52
1 6 19 51 64 66
1 6 21 25 26 27
1 6 21 25 27 32
1 6 21 25 27 38
1 6 21 25 38 69
1 6 21 38 64 69
1 6 25 32 58 72
1 6 25 35 38 69
1 6 25 38 52 69
1 6 26 27 46 48
1 6 26 46 48 52
1 6 32 46 58 64
1 6 32 58 64 72
1 6 35 38 48 64
1 6 35 51 64 66
1 6 46 58 64 69
1 7 11 12 65 70
1 7 11 13 22 53
1 7 11 13 53 58
1 7 11 13 53 65
1 7 11 22 53 70
1 7 11 53 65 70
1 7 12 28 37 38
1 7 12 28 38 65
1 7 12 28 65 70
1 7 12 38 62 69
1 7 12 38 63 65
1 7 12 58 62 69
1 7 12 58 63 69
1 7 13 22 37 53
1 7 13 28 38 65
1 7 14 22 26 63
1 7 14 37 63 66
1 7 22 26 53 63
1 7 22 28 37 72
1 7 22 37 53 63
1 7 22 37 53 72
1 7 22 37 55 63
1 7 28 37 55 66
1 7 37 53 63 66
1 7 37 55 63 66
1 10 11 13 22 53
1 10 11 13 22 68
1 10 11 21 22 70
1 10 11 22 53 70
1 10 13 22 32 53
1 10 21 22 26 63
1 10 22 26 53 63
1 10 22 32 53 72
1 10 22 33 62 64
1 10 22 62 64 68
1 10 33 35 64 69
1 10 33 62 64 66
1 10 33 62 64 69
1 10 33 64 69 72
1 10 62 64 66 68
1 11 12 21 33 65
1 11 12 21 65 68
1 11 12 21 65 70
1 11 12 46 58 68
1 11 17 22 25 27
1 11 21 22 25 27
1 11 21 22 25 68
1 11 21 22 27 33
1 11 21 22 27 70
1 11 21 27 33 65
1 11 21 27 65 70
1 11 21 33 64 65
1 11 21 64 65 68
1 11 22 25 27 53
1 11 22 27 46 53
1 11 22 27 53 70
1 11 22 46 64 68
1 11 27 53 65 70
1 11 46 58 64 68
1 12 16 21 65 70
1 12 16 28 46 68
1 12 16 28 65 70
1 12 16 38 62 68
1 12 21 32 33 65
1 12 28 32 33 37
1 12 28 32 33 65
1 12 28 33 37 38
1 12 28 33 38 65
1 12 28 37 38 68
1 12 33 38 62 69
1 12 37 38 63 68
1 12 38 52 62 69
1 13 22 32 37 53
1 13 28 38 65 68
1 13 28 47 55 68
1 13 28 47 65 68
1 14 17 27 47 63
1 14 21 22 27 32
1 14 21 22 27 70
1 14 21 22 32 64
1 14 21 27 47 63
1 14 21 27 63 66
1 14 21 63 64 66
1 14 22 26 27 46
1 14 22 27 32 37
1 14 22 27 32 46
1 14 22 32 37 64
1 14 22 32 46 64
1 14 22 37 54 63
1 14 27 37 63 66
1 14 37 38 63 74
1 14 37 54 63 74
1 14 37 63 64 66
1 16 21 22 27 70
1 16 21 27 63 66
1 16 21 27 65 70
1 16 22 27 28 38
1 16 22 27 28 46
1 16 22 27 28 55
1 16 22 27 28 70
1 16 22 27 46 53
1 16 22 27 53 63
1 16 22 27 53 70
1 16 22 27 55 63
1 16 22 53 54 63
1 16 22 53 54 72
1 16 22 54 62 68
1 16 22 54 63 68
1 16 22 54 68 72
1 16 27 28 38 65
1 16 27 28 46 66
1 16 27 28 55 66
1 16 27 28 65 70
1 16 27 46 53 66
1 16 27 53 63 65
1 16 27 53 63 66
1 16 27 53 65 70
1 16 27 55 63 66
1 16 53 54 63 65
1 16 53 54 65 72
1 16 54 63 65 68
1 16 54 65 68 72
1 16 62 64 66 68
1 17 19 25 26 63
1 17 19 25 37 72
1 17 22 25 26 62
1 17 22 25 37 72
1 17 22 25 38 62
1 17 27 38 63 65
1 17 27 47 63 65
1 19 25 26 53 63
1 19 25 37 53 63
1 19 25 37 53 72
1 19 25 37 63 69
1 19 25 37 69 72
1 19 25 53 58 63
1 19 25 53 58 72
1 19 25 58 63 69
1 19 37 53 63 66
1 21 22 25 27 32
1 21 22 27 32 33
1 21 25 38 63 69
1 21 27 32 33 65
1 21 27 33 63 66
1 21 27 47 63 65
1 21 32 33 64 65
1 22 25 38 62 68
1 22 25 54 62 68
1 22 26 27 28 46
1 22 26 27 46 53
1 22 27 28 32 46
1 22 27 32 46 53
1 22 28 32 46 64
1 22 33 37 54 63
1 22 33 37 54 72
1 22 33 38 62 64
1 25 32 53 58 72
1 25 35 37 38 69
1 25 37 38 63 69
1 25 37 38 63 74
1 25 38 52 62 69
1 26 27 28 46 48
1 26 27 46 48 53
1 27 28 32 33 65
1 27 28 33 37 66
1 27 28 33 38 48
1 27 28 33 38 65
1 27 28 37 55 66
1 27 33 37 63 66
1 27 37 53 63 66
1 27 37 55 63 66
1 28 33 38 64 65
1 28 47 55 64 68
1 28 47 64 65 68
1 33 37 38 63 74
1 33 37 54 63 74
1 33 38 62 64 69
1 47 58 62 64 68
1 47 58 62 64 69
2 3 9 48 52 73
2 3 11 12 41 60
2 3 11 12 60 67
2 3 12 33 37 39
2 3 12 33 39 62
2 3 12 37 39 41
2 3 17 26 45 51
2 3 17 26 45 62
2 3 17 37 39 45
2 3 17 39 45 51
2 3 17 39 45 62
2 3 26 49 56 67
2 3 26 49 56 73
2 3 26 51 56 73
2 3 37 39 41 45
2 3 39 41 45 51
2 3 41 45 51 60
2 7 9 22 37 61
2 7 9 22 56 61
2 7 9 22 56 62
2 7 9 51 56 61
2 7 9 51 56 66
2 7 9 56 62 66
2 7 9 56 62 69
2 7 11 12 60 61
2 7 11 12 61 65
2 7 11 12 65 70
2 7 11 22 60 61
2 7 12 23 60 61
2 7 12 26 56 62
2 7 12 37 61 63
2 7 12 37 63 69
2 7 12 56 60 61
2 7 12 56 62 69
2 7 12 56 69 70
2 7 12 61 63 65
2 7 22 26 45 62
2 7 22 26 45 63
2 7 22 26 56 62
2 7 22 37 45 63
2 7 22 37 61 63
2 7 22 56 60 61
2 7 22 56 60 72
2 7 23 51 60 61
2 7 23 51 60 66
2 7 37 45 63 69
2 7 51 56 60 61
2 7 51 56 60 66
2 9 18 21 39 73
2 9 18 34 51 73
2 9 18 39 51 73
2 9 22 37 50 54
2 9 22 37 50 64
2 9 22 37 54 61
2 9 22 39 56 62
2 9 22 46 56 64
2 9 22 54 56 61
2 9 22 54 56 62
2 9 22 56 62 64
2 9 34 48 61 73
2 9 34 51 61 73
2 9 37 50 64 69
2 9 46 48 52 73
2 9 46 48 64 73
2 9 46 56 64 66
2 9 46 56 64 69
2 9 46 56 64 73
2 9 48 54 61 73
2 9 51 56 61 73
2 9 51 56 64 66
2 9 51 56 64 73
2 9 54 56 61 73
2 9 54 56 62 73
2 9 56 62 64 66
2 9 56 62 64 69
2 9 56 62 64 73
2 10 11 21 22 70
2 10 11 22 60 61
2 10 11 24 60 61
2 10 21 22 26 63
2 10 21 22 39 70
2 10 21 23 39 70
2 10 21 23 60 66
2 10 21 60 64 66
2 10 22 26 45 62
2 10 22 26 45 63
2 10 22 33 39 62
2 10 22 33 39 72
2 10 22 33 62 64
2 10 22 33 64 72
2 10 22 39 45 62
2 10 22 39 45 63
2 10 22 39 45 70
2 10 22 45 60 64
2 10 22 45 62 64
2 10 22 45 63 64
2 10 22 60 64 72
2 10 23 24 26 48
2 10 23 24 60 66
2 10 24 33 48 72
2 10 24 33 63 66
2 10 26 45 48 73
2 10 26 45 62 73
2 10 33 48 64 72
2 10 33 62 64 66
2 10 33 62 64 69
2 10 33 64 69 72
2 10 34 45 48 60
2 10 34 45 48 73
2 10 34 45 63 69
2 10 34 48 61 73
2 10 39 45 62 73
2 10 45 48 60 64
2 10 45 48 64 73
2 10 45 62 64 69
2 10 45 62 64 73
2 10 45 63 64 69
2 10 48 60 64 72
2 10 48 64 72 73
2 11 12 21 33 65
2 11 12 21 41 60
2 11 12 21 60 67
2 11 12 21 65 67
2 11 12 21 65 70
2 11 12 41 60 61
2 11 12 60 61 67
2 11 12 61 65 67
2 11 21 33 64 65
2 11 21 41 42 60
2 11 21 42 60 64
2 11 24 41 42 60
2 11 24 41 60 61
2 11 24 60 61 67
2 12 18 21 39 41
2 12 18 21 39 70
2 12 18 21 39 73
2 12 18 21 41 60
2 12 18 21 41 69
2 12 18 21 69 70
2 12 18 41 46 69
2 12 21 23 39 70
2 12 21 26 63 67
2 12 21 33 63 69
2 12 21 39 41 63
2 12 21 39 65 70
2 12 21 39 65 73
2 12 21 41 63 69
2 12 21 63 65 67
2 12 26 46 52 67
2 12 26 46 52 73
2 12 26 46 56 67
2 12 26 46 56 73
2 12 33 37 39 63
2 12 33 37 63 69
2 12 37 39 41 63
2 12 37 41 61 63
2 12 37 41 63 69
2 12 56 60 61 67
2 12 61 63 65 67
2 17 22 26 45 62
2 17 22 26 45 63
2 17 22 37 39 72
2 17 22 37 61 63
2 17 22 39 45 62
2 17 23 34 51 61
2 17 34 42 45 51
2 17 34 45 63 65
2 17 34 61 63 65
2 17 39 45 63 65
2 18 21 41 60 66
2 18 34 45 51 60
2 18 34 45 51 73
2 18 39 41 45 51
2 18 39 45 51 70
2 18 39 45 51 73
2 18 41 45 51 60
2 21 33 63 64 65
2 21 41 42 60 66
2 21 42 60 64 66
2 22 26 46 49 56
2 22 33 37 39 63
2 22 33 37 39 72
2 22 33 37 54 63
2 22 33 37 54 72
2 22 33 37 63 64
2 22 33 37 64 72
2 22 33 49 64 72
2 22 37 45 63 64
2 22 37 50 54 63
2 22 37 50 54 72
2 22 37 50 63 64
2 22 37 50 64 72
2 22 37 54 61 63
2 22 46 49 56 64
2 22 49 56 60 61
2 23 24 51 60 61
2 23 24 51 60 66
2 23 34 51 60 61
2 24 33 48 54 72
2 24 41 51 60 61
2 24 54 61 63 67
2 26 46 48 52 73
2 26 46 49 56 67
2 26 46 49 56 73
2 33 37 63 64 66
2 33 37 63 64 69
2 33 37 64 69 72
2 33 49 64 65 72
2 34 42 45 51 60
2 34 42 45 51 73
2 37 39 41 45 63
2 37 41 45 63 69
2 37 45 63 64 69
2 37 50 63 64 69
2 37 50 64 69 72
2 39 45 51 52 70
2 41 42 45 51 60
2 42 45 51 52 70
2 42 45 51 52 73
2 42 45 51 60 64
2 42 45 51 64 73
2 42 46 56 64 66
2 42 51 56 64 73
2 49 56 60 61 67
2 49 56 64 72 73
2 49 64 65 72 73
2 54 61 63 65 67
3 4 13 37 38 68
3 4 13 37 38 74
3 4 13 38 56 57
3 4 13 38 56 68
3 4 13 38 56 74
3 4 13 56 60 68
3 4 13 56 60 74
3 4 17 26 27 57
3 4 17 27 37 38
3 4 17 27 38 57
3 4 26 27 56 57
3 4 27 38 56 57
3 4 30 38 56 74
3 4 30 56 60 74
3 4 35 37 38 68
3 4 35 38 56 68
3 9 20 27 28 48
3 9 27 28 37 38
3 9 27 28 38 48
3 9 28 37 38 68
3 9 28 38 48 73
3 9 28 39 51 73
3 9 38 48 52 73
3 9 38 52 62 73
3 9 38 56 62 68
3 9 38 56 62 73
3 11 12 20 41 68
3 11 12 41 60 68
3 11 13 20 50 68
3 11 13 53 60 74
3 11 13 60 67 74
3 12 20 26 52 67
3 12 20 26 56 67
3 12 28 33 37 38
3 12 28 33 37 39
3 12 28 37 38 68
3 12 37 38 41 68
3 12 38 52 62 67
3 12 38 52 62 73
3 12 38 56 62 67
3 12 38 56 62 68
3 12 38 56 62 73
3 13 20 56 59 68
3 13 28 37 38 68
3 13 28 38 48 57
3 13 38 56 67 74
3 13 48 53 60 74
3 13 53 56 60 74
3 17 20 26 27 45
3 17 26 27 45 51
3 17 26 27 45 57
3 17 26 45 57 62
3 20 26 27 28 48
3 20 26 27 45 48
3 20 26 28 30 49
3 20 26 30 45 52
3 20 26 30 49 56
3 20 26 45 48 52
3 20 26 49 56 67
3 20 30 45 52 59
3 20 35 41 45 59
3 20 35 41 59 68
3 20 35 56 59 68
3 26 27 28 48 57
3 26 27 45 48 57
3 26 27 48 53 57
3 26 27 51 53 56
3 26 27 53 56 57
3 26 30 45 52 62
3 26 51 53 56 73
3 27 28 33 37 38
3 28 33 35 37 38
3 28 33 35 38 48
3 28 35 37 38 68
3 30 33 38 62 74
3 30 33 59 62 74
3 30 38 56 62 74
3 30 45 52 59 62
3 30 45 59 62 74
3 30 56 59 62 74
3 35 37 38 41 68
3 35 41 45 51 59
3 35 41 51 59 68
3 35 51 56 59 68
3 38 56 62 67 74
3 41 45 51 59 74
3 41 45 51 60 74
3 51 53 56 60 74
4 6 7 13 38 57
4 6 7 13 57 58
4 6 7 31 69 72
4 6 8 19 24 31
4 6 8 19 24 52
4 6 8 19 40 52
4 6 8 24 31 54
4 6 8 31 40 54
4 6 13 18 40 74
4 6 13 19 31 40
4 6 13 19 40 52
4 6 13 19 40 58
4 6 19 24 26 52
4 6 19 24 31 72
4 6 19 40 52 69
4 6 24 31 54 72
4 6 31 40 54 72
4 6 35 40 64 69
4 7 13 38 56 57
4 7 13 56 57 58
4 7 15 26 30 56
4 7 15 26 56 57
4 7 15 30 56 58
4 7 15 30 56 60
4 7 15 56 57 58
4 7 15 56 58 72
4 7 15 56 60 72
4 7 29 30 38 56
4 7 29 30 56 58
4 7 29 30 56 60
4 7 29 38 43 56
4 7 29 43 56 60
4 7 31 37 69 72
4 7 38 43 56 69
4 7 56 58 69 72
4 8 18 24 60 74
4 8 19 24 30 31
4 8 19 24 30 52
4 8 19 24 30 60
4 8 19 30 31 40
4 8 19 30 40 52
4 8 19 30 40 56
4 8 19 30 56 60
4 8 19 40 56 64
4 8 19 56 60 64
4 8 24 30 60 74
4 8 24 31 54 68
4 8 24 54 63 68
4 8 24 54 63 74
4 8 30 40 56 74
4 8 30 56 60 74
4 8 40 54 56 68
4 8 40 54 56 74
4 8 40 56 64 68
4 8 56 60 64 68
4 13 19 31 37 40
4 13 19 37 40 55
4 13 19 40 56 58
4 13 31 37 40 68
4 13 37 40 55 68
4 13 40 56 58 68
4 15 19 24 26 30
4 15 19 24 30 60
4 15 19 24 60 72
4 15 19 26 30 56
4 15 19 30 56 60
4 15 19 37 40 72
4 15 19 56 60 72
4 15 26 27 56 57
4 18 24 29 60 74
4 19 24 26 30 52
4 19 40 43 52 69
4 19 40 43 55 64
4 19 43 55 60 64
4 19 43 56 60 64
4 19 56 60 64 72
4 24 29 30 38 52
4 24 29 30 38 74
4 24 29 30 60 74
4 24 29 35 38 43
4 24 29 35 38 68
4 24 29 38 43 52
4 24 31 54 68 72
4 27 37 40 55 63
4 29 30 38 56 74
4 29 30 56 60 74
4 29 35 38 43 56
4 29 35 38 56 68
4 35 37 40 64 69
4 35 38 56 64 68
4 35 40 43 55 64
4 35 40 56 64 68
4 40 54 56 68 72
4 40 58 63 64 68
4 56 60 64 68 72
5 12 20 21 39 41
5 12 20 21 39 65
5 12 20 21 41 68
5 12 20 21 65 67
5 12 20 21 65 68
5 12 20 28 39 65
5 12 20 28 65 68
5 12 21 23 39 70
5 12 21 23 60 68
5 12 21 39 41 63
5 12 21 39 63 65
5 12 21 39 65 70
5 12 21 39 65 73
5 12 21 41 60 68
5 12 21 41 63 68
5 12 21 41 63 69
5 12 21 63 65 67
5 12 21 63 65 68
5 12 23 46 58 68
5 12 28 39 65 70
5 12 28 39 65 73
5 17 19 20 25 39
5 17 19 23 25 39
5 17 19 23 34 51
5 17 19 23 39 51
5 17 19 25 39 63
5 17 19 34 42 51
5 17 27 47 63 65
5 17 34 47 63 65
5 19 20 25 39 52
5 19 23 34 51 60
5 19 25 39 52 73
5 19 25 42 52 73
5 19 25 42 53 60
5 19 25 42 53 73
5 19 25 53 58 63
5 19 25 53 58 73
5 19 25 58 63 69
5 19 34 42 51 60
5 19 34 42 51 73
5 19 34 58 63 69
5 19 39 51 52 73
5 19 42 51 52 73
5 19 42 51 53 60
5 19 42 51 53 73
5 21 23 25 60 68
5 21 25 42 60 68
5 21 27 47 63 65
5 21 41 42 60 68
5 21 47 63 65 68
5 23 34 47 58 68
5 23 34 51 60 68
5 25 42 53 54 73
5 25 42 53 54 74
5 25 42 53 60 74
5 25 53 54 63 74
5 25 54 63 67 74
5 27 42 51 53 70
5 34 42 51 60 68
5 34 47 58 63 68
5 34 47 58 63 69
5 34 47 63 65 68
5 41 42 51 60 68
5 41 42 51 60 74
5 42 51 53 60 74
6 7 13 23 38 57
6 7 13 23 57 58
6 7 31 45 69 71
6 8 11 21 25 42
6 8 11 21 41 42
6 8 11 21 42 64
6 8 11 25 42 50
6 8 11 40 42 64
6 8 11 42 50 64
6 8 16 18 21 41
6 8 16 18 24 41
6 8 16 18 24 54
6 8 16 24 31 54
6 8 19 23 24 25
6 8 19 23 24 51
6 8 19 23 25 50
6 8 19 24 25 31
6 8 19 24 31 51
6 8 19 25 31 40
6 8 19 25 31 50
6 8 19 25 42 50
6 8 19 31 50 64
6 8 19 31 51 64
6 8 19 40 42 64
6 8 19 42 50 64
6 8 19 42 51 64
6 8 24 25 31 54
6 8 24 48 54 74
6 8 25 31 40 54
6 8 25 31 50 54
6 8 25 42 50 54
6 8 40 48 54 74
6 11 13 40 42 74
6 11 21 25 27 42
6 11 21 27 42 70
6 11 25 27 40 42
6 11 25 27 42 50
6 13 19 40 42 52
6 13 23 38 48 57
6 16 18 21 27 66
6 16 18 21 27 70
6 16 18 21 39 41
6 16 18 21 39 70
6 16 18 21 39 73
6 16 18 21 41 66
6 16 18 24 54 71
6 16 18 27 46 66
6 16 18 54 71 73
6 16 21 23 39 70
6 16 21 38 64 73
6 16 23 24 35 38
6 16 23 24 35 66
6 16 24 31 54 71
6 16 24 31 54 72
6 16 24 35 38 41
6 16 24 35 41 66
6 16 31 49 64 72
6 16 46 64 66 71
6 16 49 64 72 73
6 18 21 25 39 73
6 18 24 25 54 71
6 18 24 41 51 66
6 18 25 39 45 73
6 18 25 40 54 71
6 18 25 40 69 71
6 18 25 45 69 71
6 18 25 45 71 73
6 18 25 49 71 73
6 18 25 54 71 73
6 18 27 45 51 70
6 18 39 41 45 51
6 18 39 45 51 70
6 18 39 45 51 73
6 18 41 45 51 74
6 18 41 45 69 71
6 18 41 46 69 71
6 19 23 24 25 26
6 19 23 24 25 72
6 19 23 24 26 51
6 19 23 24 51 66
6 19 23 25 26 50
6 19 23 25 39 72
6 19 23 25 50 72
6 19 23 25 58 72
6 19 24 25 31 71
6 19 24 25 31 72
6 19 24 26 51 52
6 19 24 42 51 66
6 19 25 39 52 73
6 19 25 39 72 73
6 19 25 42 50 73
6 19 25 42 52 73
6 19 25 50 72 73
6 19 25 58 71 73
6 19 25 58 72 73
6 19 26 51 52 73
6 19 39 51 52 73
6 19 40 42 64 66
6 19 40 64 66 71
6 19 42 50 64 73
6 19 42 51 52 73
6 19 42 51 64 66
6 19 42 51 64 73
6 19 50 64 71 73
6 19 50 64 72 73
6 19 58 64 71 73
6 19 58 64 72 73
6 21 25 27 32 42
6 21 25 32 42 73
6 21 32 42 64 73
6 23 24 25 35 38
6 23 24 26 48 57
6 23 24 35 38 48
6 23 24 35 51 66
6 23 24 38 48 57
6 23 25 32 58 72
6 23 26 46 48 57
6 24 25 31 54 71
6 24 25 31 54 72
6 24 41 42 57 66
6 25 26 49 71 73
6 25 27 32 40 42
6 25 27 32 42 45
6 25 31 40 54 71
6 25 31 40 54 72
6 25 31 45 69 71
6 25 31 50 54 71
6 25 31 50 54 72
6 25 32 35 40 42
6 25 32 35 42 45
6 25 32 35 42 49
6 25 32 40 58 72
6 25 32 42 45 73
6 25 32 42 49 73
6 25 39 45 52 73
6 25 42 45 52 73
6 25 42 50 54 73
6 25 45 52 69 71
6 25 49 58 71 73
6 25 50 54 71 73
6 25 50 54 72 73
6 26 27 45 48 57
6 26 27 46 48 57
6 26 45 48 52 73
6 26 45 51 52 73
6 26 46 48 52 73
6 26 46 49 71 73
6 26 46 52 71 73
6 27 42 45 51 70
6 27 42 45 57 70
6 27 42 46 57 66
6 31 45 64 69 71
6 31 46 64 69 71
6 32 35 40 42 64
6 32 35 41 42 45
6 32 35 42 45 64
6 32 35 42 49 64
6 32 40 58 64 72
6 32 42 45 64 73
6 35 40 42 64 66
6 35 41 42 45 51
6 35 42 45 51 64
6 39 45 51 52 70
6 39 45 51 52 73
6 41 42 45 51 74
6 41 42 46 57 66
6 42 45 51 52 70
6 42 45 51 52 73
6 42 45 51 64 73
6 46 58 64 69 71
7 9 22 28 29 38
7 9 22 28 37 38
7 9 22 37 38 44
7 9 22 37 38 61
7 9 22 38 56 61
7 9 29 56 62 66
7 9 29 58 62 71
7 9 29 62 66 71
7 9 31 37 69 71
7 9 37 38 44 69
7 9 58 62 69 71
7 11 13 22 53 60
7 11 22 43 53 60
7 11 22 53 60 61
7 12 23 29 38 43
7 12 23 29 43 60
7 12 28 29 31 65
7 12 28 29 38 65
7 12 29 31 65 71
7 12 29 43 56 60
7 12 29 56 58 62
7 12 29 58 62 71
7 12 31 37 69 71
7 12 37 38 61 63
7 12 37 63 69 71
7 12 38 61 63 65
7 12 56 58 62 69
7 12 58 62 69 71
7 12 58 63 69 71
7 13 22 28 55 60
7 13 22 53 56 60
7 13 28 38 57 65
7 13 53 56 57 58
7 14 22 26 30 45
7 14 22 26 30 56
7 14 22 26 44 45
7 14 22 26 44 56
7 14 22 26 45 63
7 14 22 30 38 56
7 14 22 37 38 44
7 14 22 37 44 45
7 14 22 37 45 63
7 14 22 38 44 56
7 14 22 38 56 61
7 14 22 44 45 70
7 14 22 44 56 70
7 14 26 30 45 71
7 14 26 45 63 71
7 14 30 31 45 71
7 14 37 38 44 69
7 14 37 44 45 69
7 14 37 63 66 71
7 14 38 44 56 69
7 14 44 45 59 69
7 14 44 45 69 70
7 14 44 56 59 69
7 14 44 56 69 70
7 14 45 59 63 69
7 15 26 44 53 56
7 15 26 53 56 57
7 15 30 56 60 66
7 15 37 44 53 72
7 15 44 53 65 72
7 15 53 56 57 58
7 15 53 56 57 66
7 15 53 56 60 61
7 15 53 56 60 66
7 22 26 30 45 62
7 22 26 30 56 62
7 22 26 44 45 62
7 22 26 44 53 56
7 22 26 44 56 62
7 22 28 29 30 38
7 22 28 29 30 60
7 22 28 30 55 60
7 22 29 30 56 60
7 22 29 43 56 60
7 22 29 44 56 60
7 22 30 45 55 60
7 22 37 44 53 72
7 22 37 45 55 63
7 22 37 53 61 63
7 22 37 55 61 63
7 22 43 53 56 60
7 22 44 53 56 70
7 22 53 56 60 61
7 26 30 45 62 71
7 26 44 51 53 56
7 28 29 30 31 65
7 28 29 30 38 65
7 28 29 30 60 66
7 28 30 55 60 66
7 29 30 31 65 71
7 29 30 56 60 66
7 29 30 56 62 66
7 29 30 58 62 71
7 29 30 62 66 71
7 29 43 56 59 62
7 30 31 45 65 71
7 37 45 55 63 71
7 37 53 63 66 71
7 37 55 63 66 71
7 43 56 59 62 69
7 44 45 59 62 69
7 44 51 53 56 60
7 44 51 53 56 70
7 51 53 56 60 61
7 51 53 56 60 66
8 11 12 20 41 61
8 11 12 41 60 61
8 11 20 21 25 68
8 11 20 21 64 68
8 11 20 25 50 68
8 11 20 50 64 68
8 11 24 30 60 74
8 11 24 41 60 61
8 11 25 40 42 68
8 11 25 42 50 68
8 11 40 42 64 68
8 11 42 50 64 68
8 12 16 23 60 61
8 12 16 28 31 68
8 12 16 28 60 68
8 12 16 41 60 61
8 12 16 41 61 63
8 12 18 20 21 41
8 12 20 28 31 68
8 12 28 31 37 68
8 12 31 37 40 68
8 12 37 40 63 68
8 12 37 41 61 63
8 12 37 41 63 68
8 12 40 56 62 68
8 16 18 21 41 59
8 16 18 21 44 59
8 16 18 21 44 60
8 16 18 24 41 60
8 16 18 24 44 54
8 16 18 24 44 60
8 16 18 44 54 59
8 16 21 23 59 68
8 16 21 44 59 68
8 16 21 44 60 68
8 16 21 60 64 68
8 16 23 24 60 61
8 16 23 24 60 68
8 16 24 31 54 61
8 16 24 31 54 68
8 16 24 41 60 61
8 16 24 41 60 68
8 16 24 41 61 63
8 16 24 41 63 68
8 16 24 44 54 68
8 16 24 44 60 68
8 16 24 54 61 63
8 16 24 54 63 68
8 16 28 31 64 68
8 16 28 60 64 68
8 16 54 59 63 68
8 16 59 62 64 68
8 18 20 21 41 59
8 18 21 25 44 60
8 18 24 25 44 54
8 18 24 25 44 60
8 18 24 44 51 60
8 18 25 44 54 59
8 18 25 54 59 74
8 18 41 51 59 74
8 19 20 25 31 50
8 19 20 25 44 50
8 19 20 25 52 59
8 19 20 30 31 50
8 19 20 30 52 59
8 19 20 30 56 59
8 19 20 31 50 64
8 19 20 56 59 64
8 19 23 24 25 60
8 19 23 24 51 60
8 19 25 31 37 40
8 19 25 31 37 50
8 19 25 37 40 63
8 19 25 37 44 50
8 19 25 37 50 63
8 19 25 40 42 56
8 19 25 42 44 50
8 19 25 42 52 59
8 19 31 37 50 64
8 19 37 50 63 64
8 19 40 42 56 64
8 19 42 51 52 59
8 20 21 41 59 68
8 20 21 59 64 68
8 20 25 31 50 68
8 20 25 44 50 68
8 20 28 31 64 68
8 20 31 50 64 68
8 20 56 59 64 68
8 21 23 25 59 68
8 21 23 25 60 68
8 21 25 59 63 68
8 21 41 42 59 68
8 21 42 59 64 68
8 23 24 25 60 68
8 23 24 48 60 61
8 23 24 51 60 61
8 23 24 51 60 68
8 24 25 31 54 68
8 24 25 54 63 68
8 24 25 54 63 74
8 24 41 51 60 61
8 25 54 59 63 68
8 25 54 59 63 74
8 28 31 37 64 68
8 28 31 51 64 68
8 28 51 60 64 68
8 30 40 56 62 74
8 30 56 59 62 74
8 31 37 50 64 68
8 37 50 63 64 68
8 40 42 56 64 68
8 40 56 62 64 68
8 41 42 51 59 68
8 41 42 51 59 74
8 42 51 56 59 74
8 56 59 62 64 68
9 16 18 21 27 44
9 16 18 21 27 66
9 16 18 21 39 73
9 16 18 21 44 73
9 16 18 27 44 46
9 16 18 27 46 66
9 16 18 36 46 66
9 16 18 44 46 73
9 16 18 44 54 73
9 16 18 46 66 71
9 16 18 46 71 73
9 16 18 54 71 73
9 16 21 38 44 73
9 16 21 38 64 73
9 16 21 64 66 68
9 16 22 27 28 38
9 16 22 27 28 46
9 16 22 27 44 46
9 16 22 44 46 68
9 16 27 28 31 46
9 16 27 28 46 66
9 16 28 38 64 73
9 16 28 46 64 73
9 16 31 54 68 71
9 16 38 44 62 73
9 16 38 62 64 73
9 16 44 54 62 73
9 16 46 64 71 73
9 16 54 62 68 71
9 16 54 62 71 73
9 16 62 64 71 73
9 18 20 21 25 39
9 18 21 25 39 73
9 18 21 25 44 69
9 18 21 25 44 73
9 18 25 40 54 71
9 18 25 40 69 71
9 18 25 44 54 73
9 18 25 54 71 73
9 18 29 44 46 73
9 18 29 46 66 71
9 18 29 46 71 73
9 18 34 36 40 69
9 18 34 40 69 71
9 18 34 44 51 73
9 20 21 22 25 39
9 20 21 22 32 64
9 20 21 22 64 68
9 20 22 25 39 56
9 20 22 27 28 32
9 20 22 28 32 64
9 20 22 28 64 68
9 20 22 32 56 64
9 20 22 50 64 68
9 20 22 56 64 68
9 20 25 27 31 50
9 20 25 58 68 71
9 20 28 31 36 64
9 20 28 31 64 68
9 20 28 32 36 64
9 20 32 36 56 64
9 20 32 56 58 64
9 20 56 58 64 68
9 20 58 64 68 71
9 21 25 32 44 73
9 21 25 38 44 69
9 21 25 38 44 73
9 22 25 39 56 62
9 22 27 28 32 37
9 22 27 28 32 46
9 22 27 28 37 38
9 22 28 29 32 46
9 22 28 29 38 68
9 22 28 29 46 68
9 22 28 32 37 64
9 22 28 32 46 64
9 22 29 44 50 68
9 22 32 46 56 64
9 22 37 50 64 68
9 22 46 56 64 68
9 25 27 31 37 40
9 25 27 31 37 50
9 25 27 32 37 40
9 25 27 32 40 56
9 25 32 40 56 58
9 25 37 38 44 69
9 25 37 44 50 69
9 25 38 52 62 69
9 25 38 52 62 73
9 25 39 52 62 73
9 25 39 56 62 73
9 25 44 50 54 73
9 25 50 54 71 73
9 25 52 62 71 73
9 25 54 62 71 73
9 25 58 62 71 73
9 28 29 31 46 68
9 28 29 32 46 73
9 28 29 38 48 73
9 28 29 46 48 73
9 28 29 46 66 68
9 28 31 36 37 64
9 28 31 37 64 68
9 28 31 51 64 68
9 28 32 36 37 64
9 28 32 36 46 64
9 28 32 46 64 73
9 28 36 37 64 66
9 28 37 64 66 68
9 28 38 48 64 73
9 28 46 48 64 73
9 28 51 64 66 68
9 29 31 46 68 71
9 29 31 50 68 71
9 29 38 44 48 73
9 29 38 48 52 73
9 29 38 52 62 73
9 29 44 46 48 73
9 29 46 48 52 73
9 29 46 52 71 73
9 29 46 56 66 68
9 29 46 58 68 71
9 29 46 58 71 73
9 29 46 66 68 71
9 29 52 62 71 73
9 29 56 62 66 68
9 29 58 62 68 71
9 29 58 62 71 73
9 29 62 66 68 71
9 31 36 46 64 69
9 31 46 64 69 71
9 32 34 44 58 73
9 32 36 37 40 64
9 32 36 40 56 64
9 32 36 46 56 64
9 32 40 56 58 64
9 34 40 58 68 71
9 34 40 58 69 71
9 36 37 40 64 66
9 36 40 56 64 66
9 36 40 56 64 69
9 36 46 56 64 66
9 36 46 56 64 69
9 38 56 62 64 69
9 38 56 62 64 73
9 44 46 56 58 69
9 46 56 58 64 68
9 46 56 58 64 69
9 46 56 64 66 68
9 46 58 64 68 71
9 46 58 64 69 71
9 46 58 64 71 73
9 47 58 62 64 68
9 47 58 62 64 69
9 47 58 62 64 73
9 51 56 64 66 68
9 56 58 62 64 73
9 58 62 64 71 73
10 11 13 20 22 68
10 11 13 22 53 60
10 11 13 22 60 68
10 11 22 43 53 60
10 11 22 53 60 61
10 13 20 22 28 32
10 13 20 22 28 39
10 13 20 22 28 68
10 13 22 28 39 55
10 13 22 32 53 60
10 13 23 32 34 60
10 13 23 32 55 60
10 13 23 34 48 60
10 13 23 34 60 68
10 13 23 55 60 68
10 20 21 22 32 64
10 20 21 32 59 64
10 20 21 59 64 68
10 20 28 35 48 64
10 20 35 45 48 64
10 20 35 59 64 68
10 21 22 33 39 43
10 21 23 32 43 59
10 21 23 32 43 60
10 21 23 60 66 68
10 21 32 43 64 73
10 21 59 63 64 68
10 21 60 64 66 68
10 22 28 29 32 60
10 22 28 29 35 68
10 22 28 29 60 68
10 22 28 33 39 72
10 22 29 32 43 60
10 22 29 33 43 62
10 22 32 43 53 60
10 22 32 53 60 72
10 22 33 39 43 62
10 22 33 43 62 64
10 22 39 45 55 63
10 22 45 55 63 64
10 23 24 35 48 61
10 23 24 60 68 72
10 23 29 32 43 60
10 23 29 35 59 68
10 23 32 35 43 55
10 23 32 43 55 60
10 23 35 55 66 68
10 23 55 60 66 68
10 24 29 33 35 66
10 24 29 66 68 71
10 24 63 66 68 71
10 26 45 62 71 73
10 28 29 33 35 48
10 28 29 33 35 66
10 28 29 35 66 68
10 28 29 60 66 68
10 28 32 64 72 73
10 28 48 60 64 72
10 28 48 64 72 73
10 29 33 43 59 62
10 29 62 66 68 71
10 32 33 59 64 72
10 33 35 43 48 64
10 33 59 64 69 72
10 34 45 63 69 71
10 35 45 59 64 69
10 45 55 63 64 71
10 45 59 62 64 69
10 45 59 63 64 69
10 45 62 64 69 71
10 45 62 64 71 73
10 45 63 64 69 71
10 62 64 66 68 71
11 12 20 21 65 67
11 12 20 21 65 68
11 12 20 61 65 67
11 12 21 41 43 60
11 12 21 43 60 67
11 13 20 22 50 68
11 13 40 42 53 74
11 13 42 53 60 74
11 17 20 22 25 27
11 20 21 22 25 27
11 20 21 22 25 68
11 20 21 64 65 68
11 20 22 25 27 50
11 20 22 25 50 68
11 20 22 50 64 68
11 21 22 25 60 68
11 21 41 42 43 60
11 21 42 43 60 64
11 22 25 27 50 53
11 24 25 60 67 74
11 24 41 42 43 60
11 25 27 40 42 53
11 25 27 42 50 53
11 25 40 42 53 74
11 25 42 53 60 74
12 16 18 21 39 41
12 16 18 21 39 70
12 16 18 21 39 73
12 16 18 36 41 46
12 16 18 41 46 71
12 16 18 46 71 73
12 16 21 23 38 43
12 16 21 23 38 68
12 16 21 23 39 43
12 16 21 23 39 70
12 16 21 23 43 60
12 16 21 38 41 43
12 16 21 38 43 73
12 16 21 38 65 73
12 16 21 39 41 43
12 16 21 39 41 63
12 16 21 39 43 73
12 16 21 39 63 65
12 16 21 39 65 70
12 16 21 39 65 73
12 16 21 41 43 60
12 16 28 31 36 46
12 16 28 31 36 65
12 16 28 31 46 68
12 16 28 31 65 68
12 16 28 36 65 70
12 16 28 38 65 73
12 16 28 39 65 70
12 16 28 39 65 73
12 16 31 46 68 71
12 16 31 65 68 71
12 16 38 41 61 63
12 16 38 43 62 73
12 16 38 61 63 65
12 16 38 61 65 73
12 16 39 43 62 73
12 16 41 46 68 71
12 16 41 63 68 71
12 16 63 65 68 71
12 18 20 21 39 41
12 18 29 46 71 73
12 18 36 41 46 69
12 18 41 46 69 71
12 20 26 52 67 71
12 20 28 31 36 65
12 20 28 31 65 68
12 20 28 32 36 65
12 20 31 65 68 71
12 21 23 32 43 60
12 21 32 41 43 60
12 21 33 38 43 69
12 21 38 41 43 69
12 21 38 41 63 69
12 21 38 63 65 67
12 23 29 32 43 60
12 23 29 32 46 58
12 23 29 46 58 68
12 26 46 52 67 71
12 26 46 52 71 73
12 26 52 62 67 71
12 26 52 62 71 73
12 28 29 31 46 68
12 28 29 31 65 68
12 28 29 32 33 65
12 28 29 32 46 73
12 28 29 32 65 73
12 28 29 33 38 65
12 28 29 38 65 68
12 28 29 38 65 73
12 28 32 33 36 37
12 28 32 33 36 65
12 29 31 46 68 71
12 29 31 65 68 71
12 29 32 43 56 60
12 29 32 43 56 73
12 29 33 38 43 62
12 29 38 56 62 68
12 29 43 56 60 67
12 29 46 52 67 71
12 29 46 52 71 73
12 29 46 56 58 67
12 29 46 56 58 68
12 29 46 58 67 71
12 29 46 58 68 71
12 29 46 58 71 73
12 29 52 62 67 71
12 29 52 62 71 73
12 29 56 58 62 67
12 29 56 58 62 68
12 29 56 58 62 73
12 29 58 62 67 71
12 29 58 62 68 71
12 29 58 62 71 73
12 31 36 37 40 69
12 31 36 40 43 69
12 31 37 40 68 71
12 31 37 40 69 71
12 32 33 36 37 40
12 32 33 36 40 43
12 32 36 40 43 56
12 33 36 40 43 69
12 33 38 43 62 69
12 33 40 43 62 69
12 36 37 41 63 69
12 36 40 43 56 69
12 37 38 41 61 63
12 37 38 41 63 68
12 37 38 41 63 69
12 37 40 63 68 71
12 37 40 63 69 71
12 37 41 63 68 71
12 37 41 63 69 71
12 38 43 52 62 69
12 38 61 63 65 67
12 39 43 52 62 73
12 39 43 56 62 73
12 40 43 52 62 69
12 40 43 56 62 69
12 40 52 62 69 71
12 40 56 58 62 68
12 40 56 58 62 69
12 40 58 62 68 71
12 40 58 62 69 71
12 40 58 63 68 71
12 40 58 63 69 71
13 18 36 40 53 74
13 19 20 36 56 59
13 19 20 56 58 59
13 19 31 37 50 53
13 19 34 36 40 42
13 19 36 42 56 59
13 19 40 53 56 58
13 19 42 53 56 60
13 20 28 31 36 65
13 20 28 31 65 68
13 20 28 32 36 65
13 20 32 36 56 59
13 20 32 56 58 59
13 20 56 58 59 68
13 22 28 37 39 55
13 22 32 53 56 60
13 22 37 50 55 68
13 23 34 47 58 68
13 23 47 50 55 68
13 23 47 58 59 68
13 32 34 36 40 42
13 32 36 37 40 53
13 32 36 42 56 59
13 32 40 53 56 58
13 32 42 53 56 60
13 36 37 40 53 74
13 36 42 53 56 57
13 36 42 56 59 74
13 42 53 56 60 74
14 17 26 27 45 57
14 17 26 45 63 71
14 17 27 42 44 45
14 17 27 42 45 57
14 17 36 37 45 63
14 17 36 42 45 57
14 17 37 45 63 71
14 21 22 26 27 44
14 21 22 27 32 44
14 21 22 27 38 44
14 21 22 27 44 70
14 21 27 32 42 44
14 21 27 42 44 70
14 21 32 42 44 59
14 21 32 42 59 64
14 22 26 27 44 50
14 22 26 27 50 63
14 22 27 37 44 50
14 22 27 37 50 63
14 22 27 38 44 56
14 22 27 44 45 70
14 22 27 44 56 70
14 22 32 37 45 64
14 22 32 46 56 64
14 22 37 44 50 54
14 22 37 45 63 64
14 22 37 50 54 63
14 22 37 50 63 64
14 22 37 54 61 63
14 23 32 36 46 59
14 23 36 46 57 66
14 26 27 46 56 57
14 26 30 45 52 71
14 26 46 52 67 71
14 27 32 42 44 45
14 27 42 44 45 70
14 27 42 44 56 70
14 27 42 45 57 70
14 27 42 56 57 70
14 30 36 45 59 74
14 30 36 56 59 74
14 31 36 46 64 69
14 31 37 50 54 71
14 31 46 64 69 71
14 32 36 37 45 64
14 32 42 44 45 59
14 36 37 45 63 74
14 36 37 63 64 66
14 36 42 45 57 70
14 36 42 45 59 74
14 36 42 56 57 70
14 36 42 56 59 74
14 36 45 59 63 74
14 36 46 56 66 67
14 37 50 54 63 71
14 37 63 64 66 71
14 42 44 54 56 59
14 42 54 56 59 74
14 44 46 56 59 69
14 47 50 63 64 69
15 19 23 24 60 66
15 19 23 24 60 72
15 19 24 30 33 66
15 19 24 30 60 66
15 19 24 33 44 72
15 19 24 44 60 72
15 19 30 56 60 66
15 19 33 37 44 72
15 19 37 44 53 72
15 19 53 56 60 66
15 23 24 26 48 57
15 23 24 48 60 61
15 23 24 48 60 72
15 23 26 46 48 57
15 23 36 46 57 66
15 24 33 44 48 72
15 24 44 48 60 72
15 27 33 37 40 66
15 27 37 40 53 66
15 27 40 53 56 66
15 30 33 36 49 65
15 30 36 47 49 65
15 33 36 49 65 72
15 33 44 49 65 72
15 36 41 46 57 66
15 44 48 53 60 72
15 44 48 53 72 73
15 44 49 56 60 72
15 44 49 65 72 73
15 44 53 65 72 73
15 46 53 56 57 58
15 47 49 61 65 73
16 18 21 27 44 70
16 18 21 41 60 66
16 18 24 41 60 66
16 18 27 44 46 53
16 18 27 44 53 70
16 18 27 46 53 66
16 18 36 41 46 59
16 18 36 41 46 66
16 18 36 46 53 66
16 18 44 46 49 73
16 18 44 46 53 73
16 18 44 53 54 73
16 18 46 53 66 71
16 18 46 53 71 73
16 18 53 54 71 73
16 21 22 27 44 70
16 21 22 38 43 64
16 21 22 43 60 64
16 21 22 44 60 68
16 21 22 60 64 68
16 21 23 60 66 68
16 21 27 38 44 65
16 21 27 44 65 70
16 21 38 43 64 73
16 21 38 44 65 68
16 21 38 44 65 73
16 21 38 64 65 73
16 21 41 60 66 68
16 21 41 63 66 68
16 21 60 64 66 68
16 22 27 44 46 53
16 22 27 44 53 70
16 22 28 30 49 60
16 22 28 30 55 60
16 22 28 35 49 64
16 22 28 46 49 64
16 22 35 38 43 64
16 22 35 38 44 68
16 22 35 43 55 64
16 22 38 43 62 64
16 22 43 55 60 64
16 22 44 49 60 72
16 22 44 53 54 72
16 22 44 53 60 72
16 22 44 54 68 72
16 22 44 60 68 72
16 22 53 54 61 63
16 23 24 35 38 43
16 23 24 35 38 61
16 23 24 35 38 68
16 23 24 35 66 68
16 23 24 60 66 68
16 23 24 60 68 72
16 23 35 55 66 68
16 23 55 60 66 68
16 24 31 54 68 71
16 24 31 54 68 72
16 24 35 38 41 43
16 24 35 38 41 61
16 24 35 38 41 68
16 24 35 38 44 68
16 24 35 41 66 68
16 24 38 41 61 63
16 24 38 41 63 68
16 24 41 60 66 68
16 24 44 54 68 72
16 24 44 60 68 72
16 24 54 63 68 71
16 27 44 53 65 70
16 28 30 55 60 66
16 28 38 64 65 73
16 28 39 65 72 73
16 28 46 49 64 73
16 30 31 49 65 71
16 31 36 53 65 72
16 31 49 64 65 71
16 31 53 54 61 65
16 31 53 54 65 71
16 31 53 54 65 72
16 31 54 65 68 71
16 31 54 65 68 72
16 31 64 65 68 71
16 35 41 55 66 68
16 38 43 62 64 73
16 41 46 66 68 71
16 41 55 60 66 68
16 44 49 65 72 73
16 44 54 59 68 72
16 44 54 65 68 72
16 49 64 65 71 73
16 53 54 61 63 65
16 53 54 61 65 73
16 53 54 63 65 71
16 53 54 65 71 73
16 54 63 65 68 71
16 63 64 65 68 71
17 19 20 25 26 44
17 19 20 25 26 71
17 19 23 25 39 55
17 19 23 25 39 72
17 19 25 26 63 71
17 19 25 37 39 72
17 19 25 37 44 72
17 19 34 42 44 51
17 20 22 25 39 45
17 20 25 26 45 71
17 20 27 44 45 65
17 22 25 37 39 72
17 22 25 37 44 72
17 22 25 38 44 62
17 22 25 39 45 62
17 22 37 55 61 63
17 25 26 45 62 71
17 25 26 45 63 71
17 25 27 42 44 45
17 26 27 44 45 51
17 27 42 44 45 51
17 34 36 42 45 57
17 34 36 45 57 65
17 34 36 45 63 65
17 34 36 47 63 65
17 34 42 44 45 51
17 34 45 63 65 71
17 34 47 61 63 65
18 20 25 27 44 45
18 20 25 44 45 59
18 20 36 41 45 59
18 21 25 44 59 69
18 25 40 53 54 71
18 25 40 53 54 74
18 25 44 45 59 69
18 25 44 53 54 73
18 25 53 54 71 73
18 27 44 45 51 70
18 27 44 51 53 70
18 34 44 45 51 60
18 34 44 45 51 73
18 36 41 45 59 69
18 36 41 45 59 74
18 36 41 46 59 69
18 41 45 51 59 74
18 41 45 51 60 74
19 20 25 26 44 50
19 20 25 26 44 56
19 20 25 26 50 71
19 20 25 26 52 71
19 20 25 31 50 71
19 20 26 30 50 71
19 20 26 30 52 71
19 20 30 31 50 71
19 20 30 36 56 59
19 20 30 56 58 59
19 20 31 50 64 71
19 20 36 56 59 64
19 20 56 58 59 64
19 23 24 25 60 72
19 23 24 51 60 66
19 23 25 58 59 72
19 24 25 26 63 71
19 24 25 44 60 72
19 24 26 30 52 71
19 24 42 51 60 66
19 25 39 56 72 73
19 25 40 42 53 56
19 25 53 58 71 73
19 25 58 59 63 69
19 30 34 40 58 71
19 30 40 55 66 71
19 31 36 40 43 53
19 31 43 50 64 69
19 33 37 44 69 72
19 33 44 59 69 72
19 34 36 40 63 69
19 34 42 44 51 60
19 34 42 44 51 73
19 42 43 50 53 73
19 42 43 50 64 73
19 42 43 53 56 60
19 42 43 53 56 73
19 42 43 56 60 64
19 42 43 56 64 73
19 42 51 56 64 73
19 56 58 64 72 73
19 58 59 63 64 69
20 21 25 32 44 59
20 21 27 32 44 65
20 22 26 28 30 49
20 22 26 30 49 56
20 22 35 49 56 61
20 22 35 56 64 68
20 25 26 45 52 71
20 25 26 49 56 67
20 25 26 49 67 71
20 25 26 52 67 71
20 26 27 44 45 48
20 26 30 45 52 71
20 27 32 44 45 65
20 28 31 64 65 68
20 30 31 36 45 65
20 30 31 45 65 71
20 30 31 49 65 71
20 31 36 45 64 65
20 31 45 64 65 71
20 31 49 64 65 71
20 31 64 65 68 71
20 32 35 41 45 59
20 32 35 56 59 64
20 32 36 41 45 59
20 32 36 45 59 64
20 32 36 45 64 65
20 32 36 49 56 64
20 32 36 56 59 64
20 32 49 56 58 64
20 32 56 58 59 64
20 35 49 56 61 67
20 35 56 59 64 68
20 56 58 59 64 68
21 22 25 32 44 60
21 22 25 44 60 68
21 22 27 32 33 44
21 22 27 33 38 44
21 22 33 38 43 64
21 25 27 32 42 44
21 25 32 42 44 59
21 25 32 42 44 60
21 25 32 42 44 73
21 27 32 33 44 65
21 27 33 38 44 65
21 32 41 42 43 59
21 32 41 42 43 60
21 32 42 43 59 64
21 32 42 43 60 64
21 32 42 43 64 73
21 33 38 43 64 69
21 41 42 60 66 68
21 42 60 64 66 68
21 43 47 59 64 69
21 47 59 63 64 68
22 25 26 44 56 62
22 25 32 44 45 60
22 25 32 45 55 60
22 26 44 46 49 56
22 27 32 33 37 44
22 27 33 37 38 44
22 27 44 53 56 70
22 28 29 30 33 38
22 28 29 33 35 38
22 28 29 35 38 68
22 28 32 46 49 64
22 28 33 37 39 72
22 29 30 33 38 62
22 29 32 33 35 44
22 29 32 35 43 56
22 29 32 35 44 56
22 29 32 43 56 60
22 29 32 44 56 60
22 29 33 35 38 43
22 29 33 35 38 44
22 29 33 38 43 62
22 29 33 38 44 62
22 29 35 38 43 56
22 29 44 56 60 68
22 32 33 35 37 44
22 32 33 35 44 49
22 32 33 37 44 72
22 32 33 44 49 72
22 32 35 43 56 64
22 32 43 53 56 60
22 32 43 56 60 64
22 32 44 46 49 56
22 32 46 49 56 64
22 33 35 37 38 44
22 33 35 38 43 64
22 33 37 44 54 72
22 33 38 43 62 64
22 35 38 43 56 64
22 35 38 56 64 68
22 37 45 55 63 64
22 37 50 64 68 72
22 37 53 54 61 63
22 38 43 56 62 64
22 56 60 64 68 72
23 24 25 35 38 68
23 24 25 60 68 72
23 24 29 35 38 68
23 24 35 38 48 61
23 24 35 51 66 68
23 24 51 60 66 68
23 25 32 58 59 72
23 25 58 59 68 72
23 29 32 46 58 59
23 29 46 58 59 68
24 25 26 52 67 71
24 25 26 63 67 71
24 25 31 54 68 71
24 25 31 54 68 72
24 25 35 38 44 68
24 25 35 42 44 68
24 25 38 63 67 74
24 25 44 54 68 72
24 25 44 60 68 72
24 25 54 63 67 71
24 25 54 63 67 74
24 25 54 63 68 71
24 29 30 33 38 74
24 29 33 38 48 74
24 29 35 38 43 67
24 29 35 38 44 68
24 29 35 42 44 68
24 29 35 42 66 68
24 29 38 43 48 52
24 29 38 43 52 67
24 29 42 44 60 68
24 29 42 60 66 68
24 33 44 48 54 72
24 35 42 44 51 68
25 26 44 45 62 73
25 26 44 49 56 73
25 26 44 56 62 73
25 26 52 62 67 71
25 27 31 37 40 53
25 27 31 37 50 53
25 27 32 37 40 53
25 27 32 37 40 55
25 27 32 42 44 45
25 27 37 40 53 63
25 27 37 40 55 63
25 27 42 44 50 53
25 31 37 45 69 71
25 32 35 37 40 55
25 32 35 40 42 56
25 32 37 40 53 72
25 32 42 44 45 60
25 32 42 44 45 73
25 35 37 38 44 69
25 35 37 40 55 68
25 35 37 44 45 69
25 35 38 44 56 69
25 35 40 42 56 68
25 35 44 45 59 69
25 35 44 56 59 69
25 37 45 63 69 71
25 38 56 62 67 74
25 39 45 52 62 73
25 40 53 54 56 72
25 40 54 56 68 72
25 40 56 58 68 72
25 40 58 63 68 71
25 42 53 56 60 74
25 44 45 59 62 69
25 45 52 59 62 69
25 45 52 62 69 71
25 50 53 54 71 73
25 54 56 62 67 74
26 27 28 46 48 57
26 27 44 51 53 56
26 30 45 52 62 71
27 28 33 38 57 65
27 33 37 40 63 66
27 37 40 53 63 66
27 37 40 55 63 66
27 40 42 53 56 66
27 42 44 45 51 70
27 42 51 53 56 66
27 42 53 56 57 70
28 29 30 33 38 65
28 29 33 35 38 48
28 30 33 36 49 65
28 30 36 47 49 65
28 31 36 37 64 72
28 31 37 64 68 72
28 32 36 46 49 64
28 32 46 49 64 73
28 33 36 37 64 66
28 36 47 49 64 65
28 47 49 64 65 73
28 51 60 64 66 68
29 30 33 38 62 74
29 30 33 59 62 74
29 30 38 56 62 74
29 30 56 59 62 74
29 32 33 35 44 59
29 32 42 43 56 60
29 32 42 43 56 73
29 32 42 44 56 60
29 35 38 43 56 67
29 35 42 56 66 68
29 38 43 48 52 73
29 38 56 62 67 74
29 42 44 56 60 68
29 42 46 56 66 68
29 42 56 60 66 68
31 37 50 64 68 72
32 33 35 37 40 64
32 33 35 40 43 64
32 33 36 40 43 64
32 33 36 43 59 64
32 33 36 59 64 72
32 33 44 49 65 72
32 34 42 44 45 60
32 34 42 44 45 73
32 34 44 45 65 73
32 35 37 40 55 64
32 35 37 41 45 55
32 35 40 43 55 64
32 35 41 42 43 59
32 35 41 42 45 59
32 35 42 45 59 64
32 35 42 49 56 64
32 36 37 40 53 72
32 36 40 53 56 72
32 36 40 56 64 72
32 36 41 42 43 59
32 36 41 42 45 59
32 36 41 42 46 59
32 36 42 46 53 56
32 36 49 56 64 72
32 36 56 59 64 72
32 40 56 58 64 72
32 42 43 53 56 60
32 42 43 53 56 73
32 42 43 56 60 64
32 42 43 56 64 73
32 42 49 56 60 64
32 44 49 65 72 73
32 44 53 65 72 73
32 46 56 58 59 64
32 56 58 59 64 72
33 35 37 38 44 69
33 35 37 40 64 66
33 35 37 40 64 69
33 35 38 43 48 64
33 35 38 43 64 69
33 35 40 43 48 64
33 35 40 43 64 69
33 36 37 40 63 74
33 37 40 54 63 74
33 38 43 62 64 69
33 40 43 62 64 69
34 40 58 63 68 71
34 42 44 45 51 60
34 42 44 45 51 73
34 42 44 51 60 68
35 37 41 55 66 68
35 41 42 45 51 59
35 41 42 51 59 68
35 42 44 45 51 59
35 42 45 51 59 64
35 43 56 59 64 69
36 37 40 53 63 74
36 37 41 45 63 69
36 37 41 45 63 74
36 41 42 45 59 74
36 41 42 46 57 66
36 41 45 59 63 69
36 41 45 59 63 74
36 42 53 56 57 70
36 43 47 59 64 69
37 39 41 45 55 63
37 41 45 55 63 71
37 41 45 63 69 71
37 45 55 63 64 71
38 43 56 62 64 69
38 43 56 62 64 73
40 43 56 62 64 69
40 58 63 64 68 71
41 42 45 51 59 74
41 42 45 51 60 74
42 46 56 59 64 68
42 46 56 64 66 68
42 51 53 56 60 74
43 47 59 62 64 69
43 56 59 62 64 69
44 46 56 58 59 69
44 48 53 54 72 73
46 56 58 59 64 68
46 56 58 59 64 69
47 50 55 63 64 68
47 58 59 62 64 68
47 58 59 62 64 69
47 58 59 63 64 68
47 58 59 63 64 69
56 58 59 62 64 68
56 58 59 62 64 69
56 58 59 64 68 72
0 2 3 12 37
0 2 3 17 37
0 2 3 17 51
0 2 3 37 50
0 2 3 48 60
0 2 12 18 60
0 2 18 49 60
0 2 24 48 60
0 2 34 48 60
0 2 37 50 64
0 2 37 64 66
0 2 42 50 64
0 2 48 60 64
0 3 13 20 48
0 3 13 20 50
0 3 13 37 50
0 3 13 37 74
0 3 13 47 50
0 3 13 48 57
0 3 13 56 57
0 3 20 30 50
0 3 20 35 48
0 3 30 47 49
0 3 30 47 50
0 3 35 51 56
0 5 12 60 67
0 5 17 20 25
0 5 17 25 42
0 5 17 34 47
0 5 20 30 58
0 5 30 34 60
0 5 30 60 74
0 6 8 16 64
0 6 8 48 64
0 6 13 18 74
0 6 13 42 50
0 6 13 42 57
0 6 13 42 74
0 6 13 48 57
0 6 13 48 74
0 6 13 57 58
0 6 24 35 48
0 6 24 48 57
0 6 25 50 71
0 6 35 48 64
0 6 50 64 71
0 8 12 18 20
0 8 12 20 56
0 8 12 56 60
0 8 16 60 64
0 8 18 20 25
0 8 20 25 50
0 8 20 25 56
0 8 20 30 50
0 8 20 30 56
0 8 20 48 64
0 8 20 50 64
0 8 20 56 64
0 8 25 37 50
0 8 25 37 74
0 8 37 50 64
0 8 48 60 64
0 12 16 18 71
0 12 18 20 71
0 13 18 34 60
0 13 18 60 74
0 13 34 42 57
0 13 34 42 60
0 13 34 47 58
0 13 34 48 57
0 13 34 48 60
0 13 34 57 58
0 13 42 56 57
0 13 56 57 58
0 14 17 37 71
0 14 17 42 57
0 14 30 47 50
0 14 30 50 71
0 14 30 56 66
0 14 30 56 74
0 14 30 66 71
0 14 42 50 64
0 14 42 56 74
0 14 47 50 64
0 14 56 66 67
0 14 56 67 74
0 14 66 67 71
0 16 18 49 60
0 16 30 49 60
0 16 30 49 71
0 16 49 60 64
0 16 60 64 66
0 17 20 25 71
0 17 25 37 71
0 17 34 42 57
0 18 25 49 60
0 20 25 50 71
0 20 30 50 71
0 20 35 48 64
0 20 50 64 71
0 24 25 35 67
0 24 25 67 71
0 24 35 66 67
0 24 66 67 71
0 25 37 50 71
0 30 34 58 71
0 30 47 49 58
0 30 56 60 66
0 35 37 64 66
0 35 56 66 67
0 47 49 58 64
1 4 6 7 26
1 4 6 26 27
1 4 6 27 38
1 4 6 27 70
1 4 6 54 72
1 4 6 54 74
1 4 7 26 63
1 6 7 11 70
1 6 7 26 51
1 6 7 51 66
1 6 7 51 70
1 6 11 13 74
1 6 11 21 64
1 6 11 25 58
1 6 11 25 74
1 6 11 27 46
1 6 13 32 58
1 6 16 54 72
1 6 16 64 72
1 6 21 32 64
1 6 21 69 70
1 6 25 32 35
1 6 25 38 74
1 6 25 54 72
1 6 25 54 74
1 6 26 27 51
1 6 27 32 46
1 6 27 38 48
1 6 27 51 66
1 6 27 51 70
1 6 32 35 64
1 6 46 48 64
1 6 46 52 69
1 6 48 54 72
1 6 48 54 74
1 6 48 64 72
1 6 51 52 70
1 7 11 12 58
1 7 12 26 28
1 7 12 26 62
1 7 12 26 63
1 7 12 69 70
1 7 14 22 70
1 7 14 69 70
1 7 22 26 28
1 7 22 26 62
1 7 22 28 70
1 7 22 38 62
1 7 26 28 51
1 7 26 51 53
1 7 28 51 66
1 7 28 51 70
1 7 28 65 72
1 7 51 53 66
1 7 51 53 70
1 7 53 58 63
1 7 53 58 72
1 7 53 63 65
1 7 53 65 72
1 10 13 28 48
1 10 13 48 53
1 10 21 69 70
1 10 22 26 28
1 10 22 26 62
1 10 22 28 70
1 10 26 28 48
1 10 26 48 53
1 10 48 53 72
1 10 53 63 66
1 11 13 53 74
1 11 13 58 68
1 11 13 65 68
1 11 17 27 65
1 11 25 53 58
1 11 25 53 74
1 11 25 58 68
1 11 46 53 58
1 12 21 26 63
1 12 21 69 70
1 12 26 28 46
1 12 26 46 52
1 12 26 52 62
1 12 28 32 46
1 12 32 46 58
1 12 46 52 69
1 12 46 58 69
1 12 52 69 70
1 12 58 62 68
1 12 58 63 68
1 13 19 37 53
1 13 19 53 58
1 13 28 32 65
1 13 28 38 48
1 13 32 53 58
1 13 32 53 65
1 13 37 53 74
1 13 48 53 74
1 14 21 69 70
1 14 26 46 52
1 14 27 46 66
1 14 38 52 69
1 14 46 52 69
1 14 46 64 66
1 14 46 64 69
1 14 52 69 70
1 17 19 26 51
1 17 26 27 51
1 19 26 51 53
1 19 51 53 66
1 22 33 54 62
1 25 26 52 62
1 25 38 62 74
1 25 54 62 74
1 25 58 62 68
1 25 58 62 69
1 25 58 63 68
1 25 58 68 72
1 26 27 28 51
1 26 27 51 53
1 27 28 47 55
1 27 28 47 65
1 27 28 51 66
1 27 28 51 70
1 27 32 53 65
1 27 51 53 66
1 27 51 53 70
1 28 46 48 64
1 32 46 53 58
1 32 53 65 72
1 33 38 48 74
1 33 38 62 74
1 33 48 54 72
1 33 48 54 74
1 33 54 62 74
1 33 54 63 65
1 33 54 65 72
1 48 53 54 72
1 48 53 54 74
2 3 9 37 39
2 3 9 37 50
2 3 9 50 73
2 3 11 12 33
2 3 26 50 73
2 3 45 48 60
2 7 9 37 66
2 7 9 37 69
2 7 11 22 70
2 7 12 23 26
2 7 12 23 70
2 7 12 26 63
2 7 22 37 72
2 7 22 45 60
2 7 22 45 70
2 7 22 56 70
2 7 23 26 51
2 7 23 51 70
2 7 23 60 72
2 7 26 45 51
2 7 26 51 56
2 7 37 63 66
2 7 37 69 72
2 7 45 51 60
2 7 45 51 70
2 7 45 62 69
2 7 45 63 65
2 7 45 65 70
2 7 45 69 70
2 7 51 56 70
2 7 56 69 72
2 9 18 21 66
2 9 18 21 69
2 9 18 34 69
2 9 18 46 66
2 9 18 46 69
2 9 18 46 73
2 9 18 51 66
2 9 18 54 73
2 9 21 22 39
2 9 21 22 64
2 9 21 64 66
2 9 21 64 69
2 9 21 64 73
2 9 22 37 39
2 9 37 64 66
2 9 46 52 69
2 9 50 54 73
2 9 50 64 73
2 9 52 62 69
2 10 11 24 33
2 10 21 23 26
2 10 21 26 73
2 10 21 39 73
2 10 21 64 73
2 10 21 69 70
2 10 22 61 63
2 10 23 39 72
2 10 24 26 63
2 10 24 61 63
2 10 34 61 63
2 10 39 72 73
2 10 45 69 70
2 11 12 41 46
2 11 12 46 67
2 11 17 22 61
2 11 17 61 65
2 11 21 42 70
2 11 22 46 64
2 11 22 50 64
2 11 41 42 46
2 11 42 46 64
2 11 42 50 64
2 12 18 46 73
2 12 21 23 26
2 12 21 23 60
2 12 21 26 73
2 12 23 26 46
2 12 33 62 69
2 12 39 52 70
2 12 39 56 70
2 12 46 52 69
2 12 46 56 69
2 12 52 62 69
2 12 52 69 70
2 12 56 61 73
2 12 61 65 73
2 17 23 26 51
2 17 23 39 51
2 17 23 39 72
2 17 39 65 72
2 18 34 45 69
2 18 41 45 69
2 18 41 46 66
2 18 45 69 70
2 18 46 49 73
2 21 41 63 66
2 21 42 64 73
2 21 60 66 67
2 21 63 66 67
2 21 64 65 73
2 22 26 50 63
2 22 33 54 62
2 22 39 56 70
2 22 39 56 72
2 22 54 56 72
2 23 24 26 51
2 23 26 46 48
2 23 39 51 70
2 24 26 48 52
2 24 26 51 52
2 24 26 52 67
2 24 26 63 67
2 24 33 54 63
2 24 41 61 63
2 24 41 63 66
2 24 42 51 52
2 24 48 54 61
2 24 63 66 67
2 33 39 65 72
2 33 54 63 65
2 33 54 65 72
2 34 45 65 73
2 34 61 65 73
2 37 41 63 66
2 39 45 65 70
2 39 45 65 73
2 39 51 56 70
2 39 56 72 73
2 39 65 72 73
2 41 42 46 66
2 42 46 52 73
2 42 50 54 73
2 42 50 64 73
2 42 51 56 70
2 42 54 56 73
2 45 52 62 69
2 45 52 69 70
2 45 63 64 65
2 45 64 65 73
2 46 56 66 67
2 48 54 72 73
2 49 56 61 73
2 49 61 65 67
2 49 61 65 73
2 50 54 72 73
2 50 64 72 73
2 54 56 61 67
2 54 56 62 67
2 54 56 72 73
2 54 61 65 73
2 54 65 72 73
2 56 62 66 67
2 56 64 69 72
3 4 13 38 52
3 4 13 47 68
3 4 17 27 47
3 4 26 30 52
3 4 26 30 56
3 4 30 38 52
3 9 20 27 50
3 9 20 27 56
3 9 20 28 39
3 9 20 28 68
3 9 20 39 52
3 9 20 39 56
3 9 20 48 52
3 9 20 50 68
3 9 20 56 68
3 9 27 28 47
3 9 27 28 51
3 9 27 37 50
3 9 27 38 56
3 9 27 47 50
3 9 27 51 56
3 9 28 37 39
3 9 28 47 68
3 9 28 47 73
3 9 28 51 68
3 9 37 50 68
3 9 47 50 68
3 9 47 50 73
3 9 47 62 68
3 9 47 62 73
3 9 51 56 68
3 11 12 20 67
3 11 13 20 67
3 11 13 50 53
3 11 13 60 68
3 11 17 20 27
3 11 20 27 50
3 11 20 30 50
3 11 27 50 53
3 11 30 33 74
3 11 30 60 74
3 11 41 60 74
3 12 20 26 28
3 12 20 28 39
3 12 20 28 68
3 12 20 39 41
3 12 20 39 52
3 12 20 39 56
3 12 20 56 68
3 12 26 28 73
3 12 28 38 73
3 12 28 39 73
3 12 28 60 68
3 12 33 38 62
3 12 56 60 68
3 13 20 28 39
3 13 20 28 48
3 13 20 28 68
3 13 20 39 52
3 13 20 39 56
3 13 20 48 52
3 13 20 52 59
3 13 20 52 67
3 13 28 37 39
3 13 28 47 68
3 13 28 48 60
3 13 28 60 68
3 13 37 50 53
3 13 37 50 68
3 13 37 53 74
3 13 38 48 52
3 13 38 48 74
3 13 38 52 67
3 13 47 50 68
3 13 47 59 68
3 13 48 53 57
3 13 53 56 57
3 13 56 59 74
3 17 20 39 45
3 17 27 37 45
3 17 38 57 62
3 20 26 27 50
3 20 26 27 56
3 20 26 30 50
3 20 28 35 48
3 20 28 35 49
3 20 28 35 68
3 20 30 56 59
3 20 35 45 48
3 20 39 41 45
3 20 39 45 52
3 26 27 28 51
3 26 27 50 53
3 26 28 48 73
3 26 28 49 73
3 26 28 51 73
3 26 30 56 62
3 26 48 53 73
3 26 50 53 73
3 26 56 57 62
3 27 37 50 53
3 28 30 33 38
3 28 30 33 49
3 28 30 47 49
3 28 30 49 60
3 28 33 35 49
3 28 35 51 68
3 28 47 49 73
3 28 51 60 68
3 30 38 52 62
3 30 45 60 74
3 30 47 59 62
3 33 37 38 74
3 33 38 48 74
3 33 38 57 62
3 35 37 41 45
3 35 38 56 67
3 37 38 41 74
3 37 41 45 74
3 38 56 57 62
3 41 51 60 68
3 45 48 60 74
3 45 51 52 59
3 47 59 62 68
3 51 56 59 74
3 51 56 60 68
3 56 59 62 68
4 6 7 13 31
4 6 7 26 57
4 6 7 57 70
4 6 18 27 40
4 6 18 27 70
4 6 18 40 69
4 6 18 69 70
4 6 24 26 57
4 6 24 35 38
4 6 24 38 52
4 6 24 38 57
4 6 24 38 74
4 6 24 54 57
4 6 26 27 57
4 6 27 31 40
4 6 27 38 57
4 6 27 57 70
4 7 13 31 37
4 7 13 55 57
4 7 13 55 60
4 7 13 56 60
4 7 15 37 72
4 7 29 30 31
4 7 29 31 43
4 7 30 55 60
4 7 31 43 69
4 7 43 55 60
4 7 56 57 70
4 7 56 69 70
4 8 19 24 63
4 8 24 60 68
4 13 18 60 74
4 13 19 55 60
4 13 19 56 60
4 13 37 40 74
4 13 40 56 74
4 13 55 60 68
4 15 24 26 57
4 15 27 37 40
4 15 27 40 56
4 15 30 47 58
4 17 27 55 57
4 19 24 26 63
4 19 24 31 43
4 19 24 43 52
4 19 24 43 60
4 19 30 40 55
4 19 30 55 60
4 24 29 30 31
4 24 29 31 43
4 24 29 31 68
4 24 29 43 60
4 24 29 60 68
4 24 38 63 68
4 24 38 63 74
4 24 60 68 72
4 27 31 37 40
4 27 56 57 70
4 29 56 58 68
4 29 56 60 68
4 38 43 52 69
4 43 47 55 64
4 43 47 64 69
4 55 60 64 68
5 12 20 39 52
5 12 20 52 67
5 12 20 58 68
5 12 21 60 67
5 12 21 69 70
5 12 28 46 68
5 12 28 46 73
5 12 28 60 68
5 12 39 52 70
5 12 39 52 73
5 12 41 46 68
5 12 41 46 69
5 12 46 52 67
5 12 46 52 69
5 12 46 52 73
5 12 46 58 67
5 12 46 58 69
5 12 46 58 73
5 12 52 69 70
5 12 58 63 67
5 12 58 63 68
5 12 58 63 69
5 17 19 25 42
5 17 19 34 63
5 17 20 25 27
5 17 20 27 65
5 17 20 39 65
5 17 23 34 47
5 17 25 27 42
5 17 25 27 63
5 17 27 42 51
5 17 39 63 65
5 19 20 25 58
5 19 20 30 52
5 19 20 30 58
5 19 23 25 58
5 19 23 25 60
5 19 23 34 58
5 19 25 52 69
5 19 30 34 58
5 19 30 34 60
5 19 34 58 73
5 20 21 25 27
5 20 21 25 39
5 20 21 25 67
5 20 21 25 68
5 20 21 27 65
5 20 21 30 65
5 20 25 52 67
5 20 25 58 68
5 20 27 28 65
5 20 28 30 65
5 21 23 25 39
5 21 23 47 68
5 21 25 27 42
5 21 25 27 63
5 21 25 39 63
5 21 25 39 73
5 21 25 42 73
5 21 25 60 67
5 21 25 63 67
5 21 25 63 68
5 21 25 63 69
5 21 27 42 70
5 21 27 65 70
5 21 30 47 65
5 21 47 63 69
5 21 47 65 73
5 23 25 58 68
5 23 39 51 70
5 25 27 42 53
5 25 27 53 63
5 25 42 54 68
5 25 54 63 68
5 25 58 63 67
5 25 58 63 68
5 27 28 47 65
5 27 28 51 70
5 27 28 65 70
5 27 42 46 53
5 27 53 63 65
5 27 53 65 70
5 28 30 47 65
5 28 39 51 70
5 28 39 51 73
5 28 47 65 68
5 28 47 65 73
5 28 51 60 68
5 30 34 47 65
5 34 47 58 73
5 34 47 65 73
5 39 51 52 70
5 41 42 46 68
5 42 46 52 73
5 42 46 53 73
5 42 51 52 70
5 46 53 58 73
5 53 54 63 65
5 53 54 65 73
5 54 63 65 67
5 54 63 65 68
6 7 23 26 51
6 7 23 26 57
6 7 23 51 66
6 7 23 51 70
6 7 23 57 66
6 7 23 57 70
6 7 23 58 72
6 7 26 45 51
6 7 26 45 57
6 7 26 45 71
6 7 31 45 51
6 7 45 51 70
6 7 45 57 70
6 7 45 69 70
6 7 58 69 71
6 8 16 21 23
6 8 16 21 64
6 8 16 23 24
6 8 16 31 64
6 8 18 21 25
6 8 21 23 25
6 8 23 24 48
6 8 24 48 52
6 8 40 48 52
6 8 40 48 64
6 11 13 40 58
6 11 13 42 50
6 11 25 40 58
6 11 27 42 46
6 11 40 58 64
6 11 41 42 46
6 11 42 46 64
6 13 19 23 39
6 13 19 23 50
6 13 19 23 58
6 13 19 31 50
6 13 19 39 52
6 13 19 42 50
6 13 23 32 58
6 13 32 40 42
6 13 32 40 58
6 13 40 48 52
6 13 40 48 74
6 16 21 23 38
6 16 21 23 66
6 16 21 38 41
6 16 23 24 72
6 16 23 39 72
6 16 23 46 66
6 16 27 31 46
6 16 39 72 73
6 16 54 72 73
6 18 21 25 27
6 18 21 25 69
6 18 21 41 69
6 18 21 69 70
6 18 25 27 40
6 18 25 27 45
6 18 25 45 74
6 18 27 40 66
6 18 27 51 66
6 18 40 66 71
6 18 45 69 70
6 19 23 39 51
6 19 24 66 71
6 21 23 25 26
6 21 23 25 32
6 21 23 25 38
6 21 23 25 39
6 21 25 26 73
6 21 25 38 73
6 21 27 42 66
6 21 32 41 42
6 21 38 41 69
6 21 41 42 66
6 21 42 64 66
6 23 24 48 72
6 23 24 57 66
6 23 25 32 35
6 23 32 46 58
6 23 39 51 70
6 23 46 57 58
6 23 46 57 66
6 24 25 38 52
6 24 25 38 74
6 24 26 48 52
6 24 38 41 57
6 24 38 41 74
6 24 38 48 52
6 24 38 48 74
6 24 42 54 57
6 24 48 54 57
6 24 48 54 72
6 25 26 27 45
6 25 26 27 50
6 25 27 31 40
6 25 27 31 45
6 25 27 31 50
6 25 31 49 71
6 25 31 49 72
6 25 35 40 69
6 25 35 45 69
6 25 38 52 73
6 25 42 45 74
6 26 27 45 51
6 27 31 45 51
6 27 32 42 46
6 27 38 48 57
6 27 40 42 66
6 27 42 51 66
6 31 45 51 64
6 32 41 42 46
6 35 38 41 69
6 35 40 48 64
6 35 41 45 69
6 35 45 48 64
6 35 45 64 69
6 38 48 52 73
6 38 48 64 73
6 40 48 54 72
6 40 48 64 72
6 41 42 45 57
6 42 46 52 73
6 42 46 64 66
6 45 48 64 73
6 45 52 69 70
6 45 64 71 73
6 46 48 64 73
6 46 52 69 71
6 48 54 72 73
6 48 64 72 73
7 9 28 29 31
7 9 28 29 66
7 9 28 31 37
7 9 28 31 51
7 9 28 37 66
7 9 28 51 66
7 9 29 31 71
7 9 31 37 61
7 9 31 51 61
7 9 37 66 71
7 9 44 51 56
7 11 12 43 60
7 11 22 30 60
7 11 53 61 65
7 12 23 29 58
7 12 23 38 61
7 12 26 62 71
7 12 26 63 71
7 12 28 29 60
7 12 28 31 37
7 12 29 31 43
7 12 31 37 61
7 12 31 43 69
7 12 31 61 65
7 12 38 56 61
7 12 63 65 71
7 13 22 38 56
7 13 23 55 57
7 13 23 55 60
7 13 23 58 59
7 13 28 31 37
7 13 28 31 65
7 13 28 55 57
7 13 31 37 53
7 13 31 53 65
7 13 53 57 65
7 13 56 58 59
7 14 23 26 57
7 14 23 38 57
7 14 23 38 61
7 14 23 57 66
7 14 23 57 70
7 14 26 45 57
7 14 26 56 57
7 14 30 45 59
7 14 30 56 59
7 14 30 56 66
7 14 30 66 71
7 14 31 37 61
7 14 38 56 57
7 14 45 57 70
7 14 56 57 66
7 14 56 57 70
7 15 23 26 57
7 15 23 57 58
7 15 23 57 66
7 15 23 58 72
7 15 23 60 61
7 15 23 60 66
7 15 23 60 72
7 15 37 53 61
7 15 37 53 66
7 15 53 57 65
7 15 53 61 65
7 22 26 28 30
7 22 28 60 72
7 22 43 55 60
7 22 44 45 60
7 22 55 60 61
7 23 29 43 59
7 23 29 58 59
7 23 29 60 66
7 23 43 55 60
7 23 55 57 66
7 23 55 60 61
7 23 55 60 66
7 23 58 59 72
7 26 44 45 51
7 26 45 57 62
7 26 53 63 71
7 26 56 57 62
7 28 31 37 72
7 28 31 65 72
7 28 51 60 66
7 28 55 57 66
7 28 57 65 70
7 29 38 44 65
7 30 45 55 71
7 30 45 59 62
7 30 55 66 71
7 31 37 53 61
7 31 37 53 71
7 31 37 53 72
7 31 51 53 61
7 31 53 61 65
7 31 53 65 71
7 31 53 65 72
7 37 44 69 72
7 38 56 57 62
7 44 45 51 59
7 44 45 51 60
7 44 45 51 70
7 44 45 65 70
7 44 51 56 59
7 44 53 65 70
7 45 57 65 70
7 45 62 69 71
7 45 63 65 71
7 53 56 57 70
7 53 57 65 70
7 53 58 63 71
7 53 61 63 65
7 53 63 65 71
7 56 57 58 62
7 56 57 62 66
7 58 59 63 69
8 11 12 40 68
8 11 20 21 30
8 11 20 30 50
8 11 21 30 60
8 11 30 40 74
8 12 16 31 61
8 12 16 62 68
8 12 20 31 61
8 12 20 56 61
8 12 20 56 68
8 12 31 37 61
8 12 40 52 62
8 12 56 60 61
8 12 56 60 68
8 16 21 30 59
8 16 21 30 60
8 16 24 30 31
8 16 28 30 31
8 16 28 30 60
8 16 30 59 62
8 18 44 51 59
8 19 23 25 59
8 19 23 51 59
8 19 24 25 63
8 19 25 59 63
8 19 59 63 64
8 20 21 30 59
8 20 28 30 31
8 20 28 48 64
8 23 25 50 68
8 23 51 59 68
8 24 31 51 61
8 24 31 51 68
8 24 41 63 74
8 24 44 48 54
8 24 44 48 60
8 24 48 54 61
8 25 40 52 62
8 25 52 59 62
8 28 48 60 64
8 30 40 52 62
8 30 52 59 62
8 31 37 54 61
8 37 41 63 74
8 37 54 61 63
8 41 59 63 74
8 51 56 60 61
9 16 21 22 39
9 16 22 28 39
9 16 22 38 61
9 16 22 39 62
9 16 22 54 61
9 16 28 39 73
9 16 31 54 61
9 16 38 61 73
9 16 39 62 73
9 16 54 61 73
9 18 20 25 71
9 18 25 27 40
9 18 27 40 66
9 18 27 44 51
9 18 27 51 66
9 18 34 44 69
9 18 34 71 73
9 18 36 40 66
9 18 36 46 69
9 18 40 66 71
9 18 44 46 69
9 18 46 69 71
9 20 22 28 39
9 20 22 56 61
9 20 25 39 52
9 20 25 52 71
9 20 27 28 31
9 20 27 44 48
9 20 28 48 64
9 21 32 64 73
9 21 38 64 69
9 21 47 64 68
9 21 47 64 69
9 21 47 64 73
9 22 25 37 39
9 22 28 37 39
9 27 28 31 37
9 27 28 31 51
9 27 28 37 66
9 27 28 46 48
9 27 28 51 66
9 27 37 40 66
9 27 38 44 48
9 27 40 56 66
9 27 44 46 48
9 27 44 51 56
9 27 46 56 66
9 27 51 56 66
9 28 36 47 64
9 28 47 64 68
9 28 47 64 73
9 28 51 64 73
9 29 44 50 73
9 29 50 71 73
9 31 37 54 61
9 32 34 36 40
9 32 34 40 58
9 34 36 47 69
9 34 44 48 73
9 34 44 51 68
9 34 44 58 68
9 34 44 58 69
9 34 47 58 68
9 34 47 58 69
9 34 47 58 73
9 34 47 61 73
9 34 58 71 73
9 36 47 64 69
9 37 38 64 69
9 38 48 61 73
9 38 56 61 73
9 44 48 54 73
9 44 51 56 68
9 44 51 56 73
9 46 52 69 71
9 47 50 64 68
9 47 50 64 69
9 47 50 64 73
9 50 64 71 73
10 11 20 22 61
10 11 24 33 43
10 11 24 43 60
10 11 24 60 68
10 13 20 28 48
10 13 20 32 59
10 13 20 59 68
10 13 23 32 59
10 13 23 39 55
10 13 23 59 68
10 13 28 48 60
10 13 48 53 60
10 20 21 22 26
10 20 21 22 39
10 20 22 26 28
10 20 22 26 45
10 20 22 35 61
10 20 22 39 45
10 20 26 28 48
10 20 26 45 48
10 20 26 45 71
10 20 35 48 61
10 20 45 64 71
10 20 64 68 71
10 21 23 39 43
10 21 23 59 68
10 21 39 43 73
10 22 28 39 70
10 22 29 62 68
10 22 35 55 61
10 22 39 43 55
10 22 53 61 63
10 22 55 60 61
10 22 55 61 63
10 23 32 59 72
10 23 32 60 72
10 23 35 55 61
10 23 39 43 55
10 23 55 60 61
10 23 59 68 72
10 24 26 63 71
10 26 28 48 73
10 26 45 63 71
10 26 48 53 73
10 26 53 63 71
10 26 53 71 73
10 28 29 32 73
10 28 29 48 60
10 28 29 48 73
10 28 39 72 73
10 29 32 43 73
10 29 33 62 66
10 29 43 48 73
10 29 43 62 73
10 29 59 62 68
10 29 62 71 73
10 32 34 45 60
10 32 34 45 73
10 32 43 53 73
10 32 45 64 73
10 32 53 72 73
10 34 45 71 73
10 34 63 68 71
10 39 43 62 73
10 43 48 53 60
10 43 48 53 73
10 43 48 60 64
10 43 48 64 73
10 43 62 64 73
10 48 53 60 61
10 48 53 60 72
10 48 53 61 73
10 48 53 72 73
10 53 63 66 71
10 59 62 64 68
10 59 64 68 72
11 12 20 58 67
11 12 20 58 68
11 12 21 33 43
11 12 33 40 43
11 12 40 58 68
11 12 41 46 68
11 12 46 58 67
11 13 20 58 67
11 13 20 58 68
11 13 20 65 67
11 13 20 65 68
11 13 22 50 53
11 13 40 42 68
11 13 40 53 58
11 13 40 58 68
11 13 42 50 53
11 13 42 50 68
11 13 42 60 68
11 17 20 22 61
11 17 20 27 65
11 17 20 61 65
11 17 25 27 42
11 20 21 22 30
11 20 21 25 67
11 20 21 27 65
11 20 21 30 65
11 20 22 30 50
11 20 25 58 67
11 20 25 58 68
11 20 58 64 68
11 21 22 30 33
11 21 22 30 60
11 21 25 60 67
11 21 30 33 65
11 22 25 53 60
11 22 43 50 53
11 22 43 50 64
11 24 30 33 74
11 24 43 60 67
11 25 40 53 58
11 25 40 58 68
11 27 42 46 53
11 27 42 53 70
11 30 33 40 74
11 33 40 43 64
11 40 42 43 53
11 40 42 43 64
11 40 58 64 68
11 41 42 46 68
11 42 43 50 53
11 42 43 50 64
11 42 43 53 60
11 42 46 64 68
12 16 18 36 70
12 16 23 36 43
12 16 23 36 46
12 16 23 36 70
12 16 23 38 61
12 16 23 46 68
12 16 28 46 73
12 16 31 36 43
12 16 31 61 65
12 16 36 41 43
12 16 36 41 63
12 16 36 63 65
12 16 62 68 71
12 16 62 71 73
12 16 65 71 73
12 18 20 36 41
12 18 20 41 71
12 18 36 40 69
12 18 36 69 70
12 18 40 69 71
12 20 21 26 67
12 20 21 32 41
12 20 21 32 65
12 20 31 61 65
12 20 32 36 41
12 20 32 36 56
12 20 32 56 58
12 20 36 56 67
12 20 36 65 67
12 20 41 68 71
12 20 56 58 68
12 20 56 61 67
12 20 58 68 71
12 20 65 67 71
12 21 32 33 43
12 21 32 43 73
12 21 32 65 73
12 21 33 39 43
12 21 38 43 67
12 23 29 38 68
12 23 29 60 68
12 23 32 36 43
12 23 32 36 46
12 26 28 46 73
12 26 63 67 71
12 28 29 32 60
12 28 29 60 68
12 28 31 36 37
12 28 32 36 46
12 28 33 39 65
12 29 32 33 43
12 29 38 65 67
12 29 56 60 68
12 29 65 67 71
12 29 65 71 73
12 31 36 46 69
12 31 46 69 71
12 32 36 37 41
12 32 36 41 43
12 32 36 41 46
12 32 36 46 56
12 32 40 56 58
12 33 36 63 65
12 33 39 43 62
12 36 41 43 69
12 36 43 56 67
12 36 46 56 67
12 36 46 56 69
12 36 56 69 70
12 36 63 65 67
12 38 56 61 67
12 38 56 61 73
12 46 52 69 71
12 46 56 58 69
12 46 58 69 71
12 58 63 67 71
12 63 65 67 71
13 18 20 36 59
13 18 34 36 40
13 18 36 59 74
13 18 53 60 74
13 19 20 31 36
13 19 20 31 50
13 19 20 39 52
13 19 20 39 56
13 19 20 52 59
13 19 23 34 36
13 19 23 34 58
13 19 23 34 60
13 19 23 36 59
13 19 23 39 55
13 19 23 50 55
13 19 23 55 60
13 19 23 58 59
13 19 34 40 58
13 19 34 42 60
13 19 37 39 55
13 19 37 50 55
13 19 42 50 53
13 19 42 52 59
13 20 22 32 56
13 20 22 39 56
13 20 22 56 68
13 20 28 39 65
13 20 31 50 68
13 20 36 56 67
13 20 36 65 67
13 22 37 50 53
13 22 38 56 68
13 22 56 60 68
13 23 32 34 36
13 23 32 34 58
13 23 32 36 59
13 23 32 58 59
13 23 34 36 47
13 23 34 36 57
13 23 34 48 57
13 23 34 57 58
13 23 36 47 59
13 28 31 36 37
13 28 31 37 68
13 28 32 36 37
13 28 36 47 65
13 28 36 57 65
13 31 36 53 65
13 31 37 50 68
13 32 34 36 65
13 32 34 40 58
13 32 34 42 60
13 32 36 53 65
13 32 37 40 55
13 34 36 42 57
13 34 36 47 65
13 34 36 57 65
13 34 40 42 68
13 34 40 58 68
13 34 42 60 68
13 34 47 65 68
13 36 53 57 65
13 36 56 67 74
13 40 42 56 68
13 40 48 53 74
13 42 56 59 68
13 42 56 60 68
14 17 23 26 57
14 17 23 36 47
14 17 23 36 57
14 17 23 38 57
14 17 23 38 61
14 17 23 47 61
14 17 27 38 57
14 17 36 47 63
14 17 47 61 63
14 21 22 26 30
14 21 22 30 38
14 21 22 39 63
14 21 22 39 70
14 21 23 32 59
14 21 23 39 70
14 21 23 47 59
14 21 26 63 67
14 21 27 42 66
14 21 30 47 59
14 21 38 44 69
14 21 38 63 67
14 21 42 64 66
14 21 44 59 69
14 21 44 69 70
14 21 63 66 67
14 22 26 30 50
14 22 38 56 64
14 22 39 45 70
14 22 39 56 70
14 22 44 54 56
14 22 54 56 61
14 23 26 46 57
14 23 36 47 59
14 23 36 57 70
14 26 30 50 71
14 26 46 56 67
14 26 50 63 71
14 26 63 67 71
14 27 31 37 45
14 27 31 37 50
14 27 38 56 57
14 27 42 44 50
14 27 47 50 63
14 30 31 36 45
14 30 31 50 71
14 30 36 47 59
14 30 36 56 66
14 30 38 56 74
14 30 45 52 59
14 31 37 54 61
14 36 45 69 70
14 36 56 67 74
14 36 56 69 70
14 36 63 66 67
14 36 63 67 74
14 37 44 50 69
14 38 56 61 67
14 38 56 64 69
14 38 56 67 74
14 38 61 63 67
14 38 63 67 74
14 39 45 52 70
14 42 44 50 54
14 42 45 52 59
14 42 45 52 70
14 42 46 52 59
14 42 54 56 57
14 45 52 59 69
14 45 52 69 70
14 45 52 69 71
14 46 52 59 69
14 46 52 69 71
14 46 64 66 71
14 46 66 67 71
14 54 56 61 67
14 54 56 67 74
14 54 59 63 74
14 54 61 63 67
14 54 63 67 71
14 54 63 67 74
14 63 66 67 71
15 19 23 24 26
15 19 23 36 66
15 19 23 36 72
15 19 23 58 72
15 19 24 26 44
15 23 24 57 66
15 23 46 57 58
15 24 26 44 48
15 24 33 48 57
15 24 33 57 66
15 24 41 57 66
15 24 41 60 61
15 24 41 60 66
15 26 30 49 56
15 27 33 37 44
15 27 33 40 48
15 27 33 44 48
15 27 33 44 65
15 27 33 48 57
15 27 33 57 65
15 27 33 57 66
15 27 37 44 53
15 27 40 48 53
15 27 44 53 65
15 27 53 57 65
15 30 36 49 56
15 30 47 49 58
15 30 49 56 58
15 30 49 56 60
15 33 36 57 65
15 33 36 57 66
15 33 40 48 72
15 36 37 41 66
15 36 46 49 56
15 36 49 56 72
15 36 53 57 65
15 36 53 65 72
15 40 48 53 72
15 47 49 58 73
15 48 53 60 61
15 48 53 61 73
15 49 56 60 61
15 49 56 61 73
15 53 56 61 73
15 53 61 65 73
16 18 36 46 49
16 18 36 53 70
16 18 44 46 59
16 18 44 49 60
16 18 44 53 60
16 18 53 60 66
16 21 22 30 38
16 21 22 30 60
16 21 22 39 43
16 21 22 39 63
16 21 22 39 70
16 21 23 43 59
16 21 30 38 65
16 21 30 60 66
16 21 41 43 59
16 21 43 59 64
16 22 28 30 38
16 22 28 39 55
16 22 28 39 70
16 22 28 39 72
16 22 30 38 62
16 22 35 38 61
16 22 35 44 49
16 22 35 49 61
16 22 35 55 61
16 22 38 61 63
16 22 39 43 55
16 22 39 43 62
16 22 39 55 63
16 22 43 53 60
16 22 44 46 49
16 22 49 60 61
16 22 53 60 61
16 22 55 60 61
16 22 55 61 63
16 23 24 43 60
16 23 35 43 55
16 23 35 43 59
16 23 35 55 61
16 23 35 59 68
16 23 36 43 59
16 23 36 46 59
16 23 36 46 66
16 23 36 59 72
16 23 39 43 55
16 23 43 55 60
16 23 46 59 68
16 23 46 66 68
16 23 55 60 61
16 23 59 68 72
16 24 30 31 71
16 24 41 43 60
16 27 28 31 65
16 27 31 46 53
16 27 31 53 65
16 28 30 36 66
16 28 30 38 65
16 30 55 66 71
16 30 62 66 71
16 31 36 43 53
16 31 36 43 64
16 31 36 46 53
16 31 46 53 71
16 31 49 61 65
16 35 41 43 55
16 35 41 43 59
16 35 41 55 61
16 35 41 59 68
16 35 43 59 64
16 35 44 59 68
16 35 59 64 68
16 36 41 43 59
16 36 41 59 63
16 36 41 63 66
16 36 43 59 64
16 36 46 59 64
16 36 53 63 65
16 36 53 63 66
16 36 53 65 70
16 36 59 63 64
16 36 59 64 72
16 36 63 64 65
16 36 63 64 66
16 39 41 43 55
16 39 41 55 63
16 41 43 55 60
16 41 46 59 68
16 41 55 60 61
16 41 55 61 63
16 43 59 62 64
16 44 46 59 68
16 46 59 64 68
16 49 61 65 73
16 53 63 66 71
16 59 64 68 72
17 19 23 25 26
17 19 23 26 51
17 19 23 34 36
17 19 23 36 72
17 19 25 42 44
17 19 26 44 51
17 19 34 36 42
17 19 34 36 63
17 19 34 63 71
17 19 36 37 63
17 19 36 37 72
17 20 36 45 65
17 20 39 45 65
17 20 45 65 71
17 23 34 36 47
17 23 34 36 57
17 23 34 47 61
17 23 47 55 61
17 27 38 44 65
17 27 38 57 65
17 27 45 55 57
17 27 45 57 65
17 27 45 63 65
17 34 44 45 65
17 38 61 63 65
17 47 55 61 63
18 20 25 39 45
18 20 25 44 49
18 20 25 45 71
18 20 39 41 45
18 20 41 45 71
18 21 41 59 69
18 21 44 69 70
18 24 29 44 60
18 24 29 60 66
18 24 29 66 71
18 25 27 40 53
18 25 27 44 53
18 25 44 45 60
18 25 44 45 73
18 25 44 49 60
18 25 44 49 73
18 25 44 53 60
18 25 45 59 74
18 25 45 60 74
18 25 53 60 74
18 27 40 53 66
18 27 51 53 66
18 29 44 46 59
18 34 36 45 69
18 34 44 45 69
18 34 45 69 71
18 34 45 71 73
18 36 40 53 66
18 36 45 69 70
18 40 53 66 71
18 44 45 51 59
18 44 45 69 70
18 44 46 59 69
18 44 51 53 60
18 44 51 53 73
18 51 53 60 66
18 51 53 60 74
19 20 25 39 56
19 20 25 58 71
19 20 26 30 56
19 20 30 31 36
19 20 30 58 71
19 20 31 36 64
19 20 58 64 71
19 23 24 43 60
19 23 25 50 55
19 23 25 55 60
19 23 36 43 59
19 23 36 59 72
19 23 39 43 55
19 23 43 50 55
19 23 43 55 60
19 23 55 60 66
19 24 25 26 44
19 24 26 44 51
19 24 30 31 71
19 24 30 66 71
19 24 33 63 66
19 24 42 43 52
19 24 42 43 60
19 24 63 66 71
19 25 52 59 69
19 30 31 36 40
19 30 31 40 71
19 30 33 36 59
19 30 34 36 40
19 30 40 52 71
19 30 50 55 71
19 30 55 60 66
19 31 43 50 53
19 33 37 39 63
19 33 37 39 72
19 34 44 58 69
19 34 44 58 73
19 34 58 71 73
19 39 43 52 73
19 39 43 56 73
19 39 51 56 73
19 40 42 43 52
19 42 43 52 59
19 42 43 52 73
19 43 50 55 64
19 43 52 59 69
19 55 60 64 66
20 21 22 26 30
20 21 25 26 67
20 21 32 41 59
20 21 32 64 65
20 21 44 65 68
20 22 26 27 28
20 22 26 30 45
20 22 26 30 50
20 25 27 31 45
20 25 31 45 71
20 25 31 49 71
20 25 39 45 52
20 25 45 52 59
20 26 30 49 71
20 27 28 31 65
20 27 28 32 65
20 27 31 45 65
20 30 36 45 59
20 30 36 49 56
20 31 49 61 65
20 32 44 49 65
20 35 44 45 48
20 36 49 56 67
20 36 49 65 67
20 49 61 65 67
20 49 65 67 71
21 22 25 39 63
21 22 30 33 38
21 23 25 32 59
21 23 25 32 60
21 23 25 38 68
21 23 43 47 59
21 23 47 59 68
21 25 26 44 73
21 25 26 63 67
21 25 38 63 67
21 25 59 63 69
21 30 33 38 65
21 32 33 44 59
21 32 44 65 73
21 32 64 65 73
21 33 38 44 69
21 33 44 59 69
21 41 43 59 69
21 41 59 63 69
21 43 47 64 73
21 47 64 65 73
22 25 39 56 72
22 25 55 60 68
22 26 28 46 49
22 28 30 33 49
22 30 49 56 60
22 33 44 54 62
22 35 37 38 61
22 35 37 55 61
22 35 38 56 61
22 39 43 56 62
22 43 50 55 64
22 53 54 56 61
23 24 35 51 61
23 25 32 35 55
23 25 32 35 59
23 25 32 55 60
23 25 32 60 72
23 25 35 55 68
23 25 35 59 68
23 25 50 55 68
23 25 50 68 72
23 25 55 60 68
23 29 46 66 68
23 32 36 43 59
23 32 36 59 72
23 35 51 59 68
23 36 43 47 59
23 43 47 50 55
24 25 35 38 67
24 25 38 52 67
24 25 38 63 68
24 29 30 31 71
24 29 30 33 66
24 29 30 52 71
24 29 30 60 66
24 29 30 66 71
24 29 31 68 71
24 29 35 42 43
24 29 35 66 67
24 29 38 67 74
24 29 42 43 52
24 29 42 43 60
24 29 42 60 74
24 29 43 60 67
24 29 44 48 60
24 29 48 60 74
24 29 52 67 71
24 29 60 66 67
24 29 60 67 74
24 29 66 67 71
24 33 38 48 57
24 33 38 63 74
24 33 48 54 57
24 33 48 54 74
24 33 54 63 74
24 35 38 61 67
24 35 41 42 43
24 35 41 51 61
24 38 41 63 74
24 38 61 63 67
24 63 66 67 71
25 26 56 62 67
25 27 31 37 45
25 35 37 40 69
25 35 38 56 67
25 35 40 56 69
25 37 45 63 74
25 38 52 62 67
25 42 45 52 59
25 42 45 59 74
25 42 45 60 74
25 45 59 62 74
25 45 59 63 69
25 45 59 63 74
25 54 62 67 71
25 56 58 62 67
25 58 59 63 68
25 58 62 67 71
25 58 63 67 71
26 28 46 48 73
26 28 46 49 73
26 44 45 48 73
26 44 45 51 73
26 46 49 67 71
26 46 53 71 73
27 28 33 57 66
27 28 46 57 66
27 28 55 57 66
27 28 57 65 70
27 32 33 37 40
27 32 44 53 65
27 33 38 44 48
27 44 45 65 70
27 45 57 65 70
27 47 50 55 63
27 53 57 65 70
28 29 30 33 66
28 30 33 36 66
28 33 36 57 65
28 33 36 57 66
28 33 39 65 72
28 36 46 57 66
28 36 57 65 70
29 30 31 50 71
29 30 33 62 66
29 30 38 52 62
29 30 52 59 62
29 30 52 62 71
29 32 33 44 65
29 32 44 65 73
29 33 38 44 65
29 33 44 59 62
29 35 56 66 67
29 38 44 65 68
29 38 44 65 73
29 42 43 50 73
29 42 43 52 59
29 42 43 52 73
29 42 44 50 68
29 42 44 50 73
29 42 46 52 59
29 42 46 52 73
29 42 56 59 74
29 42 56 60 74
29 43 52 59 62
29 46 56 66 67
29 46 66 67 71
29 56 60 66 67
29 56 60 67 74
29 56 62 66 67
29 62 66 67 71
30 33 36 40 74
30 33 36 59 74
30 33 40 62 66
30 33 40 62 74
30 34 36 45 65
30 34 36 47 65
30 34 45 65 71
30 36 40 56 74
30 40 52 62 71
30 40 56 58 62
30 40 56 62 66
30 40 58 62 71
30 40 62 66 71
30 47 58 59 62
31 37 53 54 61
32 33 44 59 72
32 34 36 42 45
32 34 36 45 65
32 35 41 43 55
32 36 37 41 45
32 36 53 65 72
32 41 42 45 60
32 41 43 55 60
32 41 45 55 60
32 42 45 60 64
32 45 64 65 73
33 35 44 59 69
33 36 59 63 74
33 36 63 64 65
33 37 40 54 72
33 38 44 62 69
33 40 48 54 72
33 40 48 54 74
33 40 48 64 72
33 40 54 62 74
33 40 62 64 66
33 44 54 59 62
33 44 54 59 72
33 44 54 65 72
33 44 59 62 69
33 54 59 62 74
33 54 59 63 74
34 36 45 63 69
34 36 47 63 69
34 44 45 48 60
34 44 45 48 73
34 45 65 71 73
34 47 61 65 73
34 63 65 68 71
35 37 38 41 61
35 37 38 41 69
35 37 41 45 69
35 37 41 55 61
35 37 45 64 69
35 38 41 43 69
35 38 56 61 67
35 41 43 59 69
35 41 45 59 69
36 37 41 63 66
36 41 42 45 57
36 41 43 59 69
36 45 57 65 70
36 45 63 64 65
36 46 49 56 67
36 47 63 64 65
36 53 57 65 70
37 38 41 63 74
37 41 55 61 63
38 43 48 64 73
40 48 53 54 72
40 48 53 54 74
41 42 46 59 68
41 42 46 66 68
42 45 51 52 59
42 53 54 56 57
43 47 50 55 64
43 47 50 64 69
43 47 50 64 73
43 47 62 64 73
43 52 59 62 69
45 63 64 65 71
45 64 65 71 73
46 49 56 58 67
46 49 58 67 71
46 53 58 71 73
47 49 58 64 73
48 53 54 61 73
51 53 56 61 73
53 54 56 61 73
54 63 65 67 71
0 3 17 20
0 3 17 47
0 3 17 57
0 3 35 37
0 8 12 37
0 12 37 71
0 13 18 20
0 14 17 47
0 14 37 74
0 17 34 71
0 18 34 71
0 25 35 37
1 6 51 74
1 7 62 66
1 11 33 74
1 17 47 62
1 17 65 72
1 51 53 74
2 3 11 17
2 3 11 50
2 3 33 48
2 3 33 49
2 7 65 72
2 11 17 42
2 18 24 54
2 23 26 50
2 23 46 66
2 23 50 72
2 24 42 54
3 4 30 47
3 11 27 33
3 17 47 62
3 33 35 59
3 38 41 57
3 41 45 57
4 15 27 47
4 30 47 55
4 54 56 57
5 21 30 60
5 27 28 46
5 28 30 60
5 39 41 51
5 41 63 74
6 7 66 71
6 13 18 39
6 27 40 48
6 45 48 74
7 11 30 58
7 11 30 65
7 14 23 59
7 15 30 65
7 23 51 59
7 26 28 57
7 31 43 53
7 45 55 57
8 12 18 40
8 12 20 52
8 20 44 48
8 20 48 52
8 20 48 61
8 54 56 61
9 18 20 36
9 20 31 61
9 20 48 61
9 21 27 47
9 27 40 48
9 34 40 48
9 40 48 52
9 40 48 54
9 40 48 64
10 53 60 66
11 20 30 58
11 27 33 40
11 30 40 58
12 18 29 60
13 18 20 39
13 23 38 68
13 34 40 48
13 38 65 67
14 17 23 39
14 21 23 26
14 21 23 38
14 21 23 66
14 21 30 66
14 23 26 50
14 23 47 50
14 27 31 46
14 30 38 52
14 38 52 67
15 23 36 47
15 23 47 58
15 23 47 61
15 27 47 65
15 37 41 61
16 24 30 38
16 24 31 43
16 30 36 59
16 43 53 73
17 19 20 36
17 23 25 38
17 23 55 57
17 36 65 72
17 44 65 72
18 20 36 49
18 29 59 74
19 24 33 43
19 31 51 53
19 33 39 43
20 35 41 61
21 30 33 59
21 30 33 66
22 29 30 50
22 29 43 50
22 30 50 55
23 29 43 50
23 29 46 48
23 29 50 68
27 31 51 53
28 30 47 55
29 31 43 50
30 34 45 60
30 47 50 55
33 54 57 62
33 54 57 65
33 57 62 66
34 44 65 68
34 45 48 57
35 51 56 61
40 43 48 52
40 43 48 53
41 45 55 57
41 55 57 66
48 53 54 57
53 54 57 65
54 56 57 62
