0 1 2 3 4 5 6 7 8 9 10 11 12 13 14 15 35 40 42 44 50 53 60 124 189 190 191 192 195 196
0 1 2 3 4 5 6 7 8 9 10 11 12 13 14 15 35 40 42 44 50 53 60 124 189 190 191 192 197 198
0 1 2 3 4 5 6 7 8 9 10 11 12 13 14 15 35 40 42 44 50 53 55 60 124 190 192 199 203
0 1 2 3 4 5 6 7 8 9 10 11 12 13 14 15 35 40 42 44 50 53 56 60 124 171 174 176 177
0 1 2 3 4 5 6 7 8 9 10 11 12 13 14 15 35 40 42 44 50 53 56 60 124 171 174 176 178
0 1 2 3 4 5 6 7 8 9 10 11 12 13 14 15 35 40 42 44 50 53 60 124 189 190 191 192 193
0 1 2 3 4 5 6 7 8 9 10 11 12 13 14 15 35 40 42 44 50 53 60 124 189 190 191 192 194
0 1 2 3 4 5 6 7 8 9 10 11 12 13 14 15 35 40 42 44 50 53 60 124 189 190 192 197 199
0 1 2 3 4 5 6 7 8 9 10 11 12 13 14 15 35 40 42 44 50 53 60 124 190 192 197 199 200
0 1 2 3 4 5 6 7 8 9 10 11 12 13 14 15 32 35 40 42 44 47 50 53 58 59 119 120
0 1 2 3 4 5 6 7 8 9 10 11 12 13 14 15 32 35 40 42 44 47 50 53 60 124 161 162
0 1 2 3 4 5 6 7 8 9 10 11 12 13 14 15 35 40 42 44 47 50 53 60 124 189 190 191
0 1 2 3 4 5 6 7 8 9 10 11 12 13 14 15 35 40 42 44 50 53 55 60 124 192 199 204
0 1 2 3 4 5 6 7 8 9 10 11 12 13 14 15 35 40 42 44 50 53 55 60 124 192 205 206
0 1 2 3 4 5 6 7 8 9 10 11 12 13 14 15 35 40 42 44 50 53 56 60 124 171 172 173
0 1 2 3 4 5 6 7 8 9 10 11 12 13 14 15 35 40 42 44 50 53 56 60 124 171 173 174
0 1 2 3 4 5 6 7 8 9 10 11 12 13 14 15 35 40 42 44 50 53 56 60 124 171 174 175
0 1 2 3 4 5 6 7 8 9 10 11 12 13 14 15 35 40 42 44 50 53 56 60 124 171 174 179
0 1 2 3 4 5 6 7 8 9 10 11 12 13 14 15 35 40 42 44 50 53 60 124 190 192 199 201
0 1 2 3 4 5 6 7 8 9 10 11 12 13 14 15 32 35 40 42 44 47 50 53 58 59 121
0 1 2 3 4 5 6 7 8 9 10 11 12 13 14 15 32 35 40 42 44 47 50 53 59 60 123
0 1 2 3 4 5 6 7 8 9 10 11 12 13 14 15 32 35 40 42 44 47 50 53 60 124 125
0 1 2 3 4 5 6 7 8 9 10 11 12 13 14 15 32 35 40 42 44 47 50 53 60 124 126
0 1 2 3 4 5 6 7 8 9 10 11 12 13 14 15 32 35 40 42 44 47 50 53 60 124 144
0 1 2 3 4 5 6 7 8 9 10 11 12 13 14 15 32 35 40 42 44 47 50 53 60 124 145
0 1 2 3 4 5 6 7 8 9 10 11 12 13 14 15 32 35 40 42 44 47 50 53 60 124 146
0 1 2 3 4 5 6 7 8 9 10 11 12 13 14 15 32 35 40 42 44 47 50 53 60 124 147
0 1 2 3 4 5 6 7 8 9 10 11 12 13 14 15 32 35 40 42 44 47 50 53 60 124 163
0 1 2 3 4 5 6 7 8 9 10 11 12 13 14 15 32 35 40 42 44 47 50 53 60 124 164
0 1 2 3 4 5 6 7 8 9 10 11 12 13 14 15 35 40 42 44 50 53 55 60 124 165 169
0 1 2 3 4 5 6 7 8 9 10 11 12 13 14 15 35 40 42 44 50 53 55 60 124 205 207
0 1 2 3 4 5 6 7 8 9 10 11 12 13 14 15 35 40 42 44 50 53 56 60 124 171 180
0 1 2 3 4 5 6 7 8 9 10 11 12 13 14 15 35 40 42 44 50 53 56 60 124 171 181
0 1 2 3 4 5 6 7 8 9 10 11 12 13 14 15 32 35 40 42 44 47 50 53 106 107
0 1 2 3 4 5 6 7 8 9 10 11 12 13 14 15 32 35 40 42 44 47 50 53 109 116
0 1 2 3 4 5 6 7 8 9 10 11 12 13 14 15 32 35 40 42 44 47 50 53 209 210
0 1 2 3 4 5 6 7 8 9 10 11 12 13 14 15 32 35 40 42 44 47 53 60 124 150
0 1 2 3 4 5 6 7 8 9 10 11 12 13 14 15 32 35 40 42 44 47 53 60 124 151
0 1 2 3 4 5 6 7 8 9 10 11 12 13 14 15 35 40 42 44 50 53 55 56 60 124
0 1 2 3 4 5 6 7 8 9 10 11 12 13 14 15 35 40 42 44 50 53 60 124 165 166
0 1 2 3 4 5 6 7 8 9 10 11 12 13 14 15 35 40 42 44 50 53 60 124 165 167
0 1 2 3 4 5 6 7 8 9 10 11 12 13 14 15 35 40 42 50 53 56 60 124 171 182
0 1 2 3 4 5 6 7 8 9 10 11 12 13 14 15 35 40 42 50 53 56 60 124 171 183
0 1 2 3 4 5 6 7 8 9 10 11 12 13 14 15 35 40 42 50 53 56 60 124 171 184
0 1 2 3 4 5 6 7 8 9 10 11 12 13 14 15 35 40 42 50 53 56 60 124 171 185
0 1 2 3 4 5 6 7 8 9 10 11 12 13 14 15 35 130 131 132 133 134 135 136 137 138
0 1 2 3 4 5 6 7 8 9 10 11 12 13 14 15 32 35 40 42 44 47 50 53 105
0 1 2 3 4 5 6 7 8 9 10 11 12 13 14 15 32 35 40 42 44 47 50 53 108
0 1 2 3 4 5 6 7 8 9 10 11 12 13 14 15 32 35 40 42 44 47 50 53 153
0 1 2 3 4 5 6 7 8 9 10 11 12 13 14 15 32 35 40 42 44 47 50 53 155
16 17 18 19 20 21 22 23 24 25 26 27 28 29 30 31 66 67 68 139 140 141 142 143
16 17 18 19 20 21 22 23 24 25 26 27 28 29 30 31 66 67 68 78 80 82 83
0 1 2 3 4 5 6 7 8 9 10 11 12 13 14 15 32 35 46 47 50 98
0 1 2 3 4 5 6 7 8 9 10 11 12 13 14 15 32 35 47 50 100
0 1 2 3 4 5 6 7 8 9 10 11 12 13 14 15 46 89 90
0 1 2 3 4 5 6 7 8 9 10 11 12 13 14 15 35 127
0 1 2 3 4 5 6 7 8 9 10 11 12 13 14 15 35 128
0 1 2 3 4 5 6 7 8 9 10 11 12 13 14 15 35 129
0 1 2 3 4 5 6 7 8 9 10 11 12 13 14 15 46 87
0 1 2 3 4 5 6 7 8 9 10 11 12 13 14 15 46 91
0 1 2 3 4 5 6 7 8 9 10 11 12 13 14 15 69
0 1 2 3 4 5 6 7 8 9 10 11 12 13 14 15 70
0 1 2 3 4 5 6 7 8 9 10 11 12 13 14 15 71
0 1 2 3 4 5 6 7 8 9 10 11 12 13 14 15 72
0 1 2 3 4 5 6 7 8 9 10 11 12 13 14 15 73
0 1 2 3 4 5 6 7 8 9 10 11 12 13 14 15 74
0 1 2 3 4 5 6 7 8 9 10 11 12 13 14 15 75
0 1 2 3 4 5 6 7 8 9 10 11 12 13 14 15 76
0 1 2 3 4 5 6 7 8 9 10 11 12 13 14 15 77
0 1 2 3 4 5 6 7 8 9 10 11 12 13 14 15 79
0 1 2 3 4 5 6 7 8 9 10 11 12 13 14 15 81
0 1 2 3 4 5 6 7 8 9 10 11 12 13 14 15 84
16 17 18 19 20 21 22 23 24 25 26 27 28 29 30 31 61
16 17 18 19 20 21 22 23 24 25 26 27 28 29 30 31 62
16 17 18 19 20 21 22 23 24 25 26 27 28 29 30 31 63
16 17 18 19 20 21 22 23 24 25 26 27 28 29 30 31 64
16 17 18 19 20 21 22 23 24 25 26 27 28 29 30 31 65
0 1 2 10 11 12 13 14 15 66 67 68 78 80 82 83
16 26 35 40 42 44 50 53 60 124 189 190 191 192 195 196
16 26 35 40 42 44 50 53 60 124 189 190 191 192 197 198
0 1 2 4 5 6 7 8 9 10 11 12 13 15 61
16 26 35 40 42 44 50 53 55 60 124 190 192 199 203
16 26 35 40 42 44 50 53 56 60 124 171 174 176 177
16 26 35 40 42 44 50 53 56 60 124 171 174 176 178
16 26 35 40 42 44 50 53 60 124 189 190 191 192 193
16 26 35 40 42 44 50 53 60 124 189 190 191 192 194
16 26 35 40 42 44 50 53 60 124 189 190 192 197 199
16 26 35 40 42 44 50 53 60 124 190 192 197 199 200
0 1 2 5 6 7 8 9 10 11 12 13 15 62
16 26 27 28 29 30 31 32 35 40 42 44 47 53
16 26 32 35 40 42 44 47 50 53 58 59 119 120
16 26 32 35 40 42 44 47 50 53 60 124 161 162
16 26 35 40 42 44 47 50 53 60 124 189 190 191
16 26 35 40 42 44 50 53 55 60 124 192 199 204
16 26 35 40 42 44 50 53 55 60 124 192 205 206
16 26 35 40 42 44 50 53 56 60 124 171 172 173
16 26 35 40 42 44 50 53 56 60 124 171 173 174
16 26 35 40 42 44 50 53 56 60 124 171 174 175
16 26 35 40 42 44 50 53 56 60 124 171 174 179
16 26 35 40 42 44 50 53 60 124 190 192 199 201
0 1 2 6 7 8 9 10 11 12 13 15 63
16 26 32 35 40 42 44 47 50 53 58 59 121
16 26 32 35 40 42 44 47 50 53 59 60 123
16 26 32 35 40 42 44 47 50 53 60 124 125
16 26 32 35 40 42 44 47 50 53 60 124 126
16 26 32 35 40 42 44 47 50 53 60 124 144
16 26 32 35 40 42 44 47 50 53 60 124 145
16 26 32 35 40 42 44 47 50 53 60 124 146
16 26 32 35 40 42 44 47 50 53 60 124 147
16 26 32 35 40 42 44 47 50 53 60 124 163
16 26 32 35 40 42 44 47 50 53 60 124 164
16 26 35 40 42 44 50 53 55 60 124 165 169
16 26 35 40 42 44 50 53 55 60 124 205 207
16 26 35 40 42 44 50 53 56 60 124 171 180
16 26 35 40 42 44 50 53 56 60 124 171 181
0 1 2 7 8 9 10 11 12 13 15 64
16 26 32 35 40 42 44 47 50 53 106 107
16 26 32 35 40 42 44 47 50 53 109 116
16 26 32 35 40 42 44 47 50 53 209 210
16 26 32 35 40 42 44 47 53 60 124 150
16 26 32 35 40 42 44 47 53 60 124 151
16 26 35 40 42 44 50 53 55 56 60 124
16 26 35 40 42 44 50 53 60 124 165 166
16 26 35 40 42 44 50 53 60 124 165 167
16 26 35 40 42 50 53 56 60 124 171 182
16 26 35 40 42 50 53 56 60 124 171 183
16 26 35 40 42 50 53 56 60 124 171 184
16 26 35 40 42 50 53 56 60 124 171 185
16 26 35 130 131 132 133 134 135 136 137 138
0 1 2 8 9 10 11 12 13 15 65
0 1 2 9 10 11 12 13 14 15 66
0 1 15 66 67 68 139 140 141 142 143
16 18 19 20 21 22 23 24 25 26 138
16 19 20 21 22 23 24 25 26 137 138
16 20 21 22 23 24 25 26 136 137 138
16 21 22 23 24 25 26 135 136 137 138
16 22 23 24 25 26 134 135 136 137 138
16 23 24 25 26 133 134 135 136 137 138
16 24 25 26 132 133 134 135 136 137 138
16 25 26 131 132 133 134 135 136 137 138
16 26 27 28 29 30 31 32 35 46 47
16 26 32 35 40 42 44 47 50 53 105
16 26 32 35 40 42 44 47 50 53 108
16 26 32 35 40 42 44 47 50 53 153
16 26 32 35 40 42 44 47 50 53 155
0 1 4 5 6 7 8 9 15 143
0 1 5 6 7 8 9 15 142 143
0 1 6 7 8 9 15 141 142 143
0 1 7 8 9 15 140 141 142 143
0 1 8 9 15 139 140 141 142 143
0 1 9 15 66 139 140 141 142 143
16 18 19 20 21 22 23 24 25 69
16 19 20 21 22 23 24 25 70
16 20 21 22 23 24 25 71
16 26 32 35 46 47 50 98
16 21 22 23 24 25 72
16 26 32 35 47 50 100
16 22 23 24 25 73
16 23 24 25 74
16 24 25 75
16 46 89 90
16 25 76
16 35 127
16 35 128
16 35 129
16 46 87
16 46 91
