0 1 2 3 4 5 6 7 8 9 10 11 12 13 14 15 35 40 42 44 50 53 58 61 70 71 72 73 74 75 76 77 78 80 83 87 89 91 105 123 131 139 161 189 190 192 194 197 198
0 1 2 3 4 5 6 7 8 9 10 11 12 13 14 15 35 40 42 44 50 53 58 61 70 71 72 73 74 75 76 77 78 80 83 87 89 91 105 123 131 139 161 189 190 192 194 196
0 1 2 3 4 5 6 7 8 9 10 11 12 13 14 15 35 40 42 44 50 53 58 61 70 71 72 73 74 75 76 77 78 80 83 87 89 91 105 123 131 139 161 189 190 192 194 199
0 1 2 3 4 5 6 7 8 9 10 11 12 13 14 15 35 40 42 44 50 53 58 61 70 71 72 73 74 75 76 77 78 80 83 87 89 91 105 123 131 139 161 189 190 194 199 200
0 1 2 3 4 5 6 7 8 9 10 11 12 13 14 15 35 40 42 44 50 53 58 61 70 71 72 73 74 75 76 77 78 80 83 87 89 91 105 123 131 139 161 190 194 199 200 201
0 1 2 3 4 5 6 7 8 9 10 11 12 13 14 15 35 40 42 44 47 50 53 58 61 70 71 72 73 74 75 76 77 78 80 83 87 89 91 105 123 131 139 161 189 190 192
0 1 2 3 4 5 6 7 8 9 10 11 12 13 14 15 35 40 42 44 50 53 55 58 61 70 71 72 73 74 75 76 77 78 80 83 87 89 91 105 123 131 139 161 190 194 200
0 1 2 3 4 5 6 7 8 9 10 11 12 13 14 15 35 40 42 44 50 53 55 58 61 70 71 72 73 74 75 76 77 78 80 83 87 89 91 105 123 131 139 161 194 200 205
0 1 2 3 4 5 6 7 8 9 10 11 12 13 14 15 35 40 42 44 50 53 56 58 61 70 71 72 73 74 75 76 77 78 80 83 87 89 91 105 123 131 139 171 173 175 176
0 1 2 3 4 5 6 7 8 9 10 11 12 13 14 15 35 40 42 44 50 53 56 58 61 70 71 72 73 74 75 76 77 78 80 83 87 89 91 105 123 131 139 171 173 175 177
0 1 2 3 4 5 6 7 8 9 10 11 12 13 14 15 35 40 42 44 50 53 58 61 70 71 72 73 74 75 76 77 78 80 83 87 89 91 105 123 131 139 161 190 194 200 202
0 1 2 3 4 5 6 7 8 9 10 11 12 13 14 15 32 35 40 42 44 47 50 53 58 61 70 71 72 73 74 75 76 77 78 80 83 87 89 91 105 123 131 139 158 159
0 1 2 3 4 5 6 7 8 9 10 11 12 13 14 15 32 35 40 42 44 47 50 53 58 61 70 71 72 73 74 75 76 77 78 80 83 87 89 91 105 123 131 139 161 162
0 1 2 3 4 5 6 7 8 9 10 11 12 13 14 15 35 40 42 44 50 53 55 58 61 70 71 72 73 74 75 76 77 78 80 83 87 89 91 105 123 131 139 161 194 206
0 1 2 3 4 5 6 7 8 9 10 11 12 13 14 15 35 40 42 44 50 53 55 58 61 70 71 72 73 74 75 76 77 78 80 83 87 89 91 105 123 131 139 161 206 207
0 1 2 3 4 5 6 7 8 9 10 11 12 13 14 15 35 40 42 44 50 53 56 58 61 70 71 72 73 74 75 76 77 78 80 83 87 89 91 105 123 131 139 161 171 173
0 1 2 3 4 5 6 7 8 9 10 11 12 13 14 15 35 40 42 44 50 53 56 58 61 70 71 72 73 74 75 76 77 78 80 83 87 89 91 105 123 131 139 171 173 174
0 1 2 3 4 5 6 7 8 9 10 11 12 13 14 15 35 40 42 44 50 53 56 58 61 70 71 72 73 74 75 76 77 78 80 83 87 89 91 105 123 131 139 171 173 178
0 1 2 3 4 5 6 7 8 9 10 11 12 13 14 15 32 35 40 42 44 47 50 53 58 61 70 71 72 73 74 75 76 77 78 80 83 87 89 91 105 123 131 139 140
0 1 2 3 4 5 6 7 8 9 10 11 12 13 14 15 32 35 40 42 44 47 50 53 58 61 70 71 72 73 74 75 76 77 78 80 83 87 89 91 105 123 131 139 141
0 1 2 3 4 5 6 7 8 9 10 11 12 13 14 15 32 35 40 42 44 47 50 53 58 61 70 71 72 73 74 75 76 77 78 80 83 87 89 91 105 123 131 139 160
0 1 2 3 4 5 6 7 8 9 10 11 12 13 14 15 35 40 42 44 50 53 55 56 58 61 70 71 72 73 74 75 76 77 78 80 83 87 89 91 105 123 131 139 161
0 1 2 3 4 5 6 7 8 9 10 11 12 13 14 15 35 40 42 44 50 53 55 58 61 70 71 72 73 74 75 76 77 78 80 83 87 89 91 105 123 131 139 161 163
0 1 2 3 4 5 6 7 8 9 10 11 12 13 14 15 35 40 42 44 50 53 56 58 61 70 71 72 73 74 75 76 77 78 80 83 87 89 91 105 123 131 139 171 179
0 1 2 3 4 5 6 7 8 9 10 11 12 13 14 15 35 40 42 44 50 53 58 61 70 71 72 73 74 75 76 77 78 80 83 87 89 91 105 123 131 139 161 163 165
0 1 2 3 4 5 6 7 8 9 10 11 12 13 14 15 32 35 40 42 44 47 50 53 59 60 70 71 72 73 74 75 76 77 78 80 83 87 89 91 105 123 125
0 1 2 3 4 5 6 7 8 9 10 11 12 13 14 15 32 35 40 42 44 47 50 53 60 61 70 71 72 73 74 75 76 77 78 80 83 87 89 91 105 123 128
0 1 2 3 4 5 6 7 8 9 10 11 12 13 14 15 32 35 40 42 44 47 50 53 61 70 71 72 73 74 75 76 77 78 80 83 87 89 91 105 123 131 133
0 1 2 3 4 5 6 7 8 9 10 11 12 13 14 15 32 35 40 42 44 47 50 53 61 70 71 72 73 74 75 76 77 78 80 83 87 89 91 105 123 131 134
0 1 2 3 4 5 6 7 8 9 10 11 12 13 14 15 32 35 40 42 44 47 53 58 61 70 71 72 73 74 75 76 77 78 80 83 87 89 91 105 131 139 144
0 1 2 3 4 5 6 7 8 9 10 11 12 13 14 15 32 35 40 42 44 47 53 58 61 70 71 72 73 74 75 76 77 78 80 83 87 89 91 105 131 139 145
0 1 2 3 4 5 6 7 8 9 10 11 12 13 14 15 35 40 42 50 53 56 58 61 70 71 72 73 74 75 76 77 78 80 83 87 89 91 105 131 139 171 180
0 1 2 3 4 5 6 7 8 9 10 11 12 13 14 15 35 40 42 50 53 56 58 61 70 71 72 73 74 75 76 77 78 80 83 87 89 91 105 131 139 171 181
0 1 2 3 4 5 6 7 8 9 10 11 12 13 14 15 35 40 42 50 53 56 58 61 70 71 72 73 74 75 76 77 78 80 83 87 89 91 105 131 139 171 182
0 1 2 3 4 5 6 7 8 9 10 11 12 13 14 15 35 40 42 50 53 56 58 61 70 71 72 73 74 75 76 77 78 80 83 87 89 91 105 131 139 171 183
0 1 2 3 4 5 6 7 8 9 10 11 12 13 14 15 32 35 40 42 44 47 50 53 58 70 71 72 73 74 75 76 77 78 80 83 87 89 91 105 112
0 1 2 3 4 5 6 7 8 9 10 11 12 13 14 15 32 35 40 42 44 47 50 53 58 70 71 72 73 74 75 76 77 78 80 83 87 89 91 105 148
0 1 2 3 4 5 6 7 8 9 10 11 12 13 14 15 32 35 40 42 44 47 50 53 70 71 72 73 74 75 76 77 78 80 83 87 89 91 105 113
0 1 2 3 4 5 6 7 8 9 10 11 12 13 14 15 32 35 40 42 44 47 50 53 70 71 72 73 74 75 76 77 78 80 83 87 89 91 105 120
0 1 2 3 4 5 6 7 8 9 10 11 12 13 14 15 32 35 40 42 44 47 50 53 70 71 72 73 74 75 76 77 78 80 83 87 89 91 105 210
0 1 2 3 4 5 6 7 8 9 10 11 12 13 14 15 32 35 46 47 50 70 71 72 73 74 75 76 77 78 80 83 87 89 91
16 26 35 40 42 44 50 53 58 61 70 71 72 73 74 75 76 77 78 80 83 87 89 91 105 123 131 139 161 189 190 192 194 197 198
16 26 35 40 42 44 50 53 58 61 70 71 72 73 74 75 76 77 78 80 83 87 89 91 105 123 131 139 161 189 190 192 194 196
16 26 35 40 42 44 50 53 58 61 70 71 72 73 74 75 76 77 78 80 83 87 89 91 105 123 131 139 161 189 190 192 194 199
16 26 35 40 42 44 50 53 58 61 70 71 72 73 74 75 76 77 78 80 83 87 89 91 105 123 131 139 161 189 190 194 199 200
16 26 35 40 42 44 50 53 58 61 70 71 72 73 74 75 76 77 78 80 83 87 89 91 105 123 131 139 161 190 194 199 200 201
16 26 35 40 42 44 47 50 53 58 61 70 71 72 73 74 75 76 77 78 80 83 87 89 91 105 123 131 139 161 189 190 192
16 26 35 40 42 44 50 53 55 58 61 70 71 72 73 74 75 76 77 78 80 83 87 89 91 105 123 131 139 161 190 194 200
16 26 35 40 42 44 50 53 55 58 61 70 71 72 73 74 75 76 77 78 80 83 87 89 91 105 123 131 139 161 194 200 205
16 26 35 40 42 44 50 53 56 58 61 70 71 72 73 74 75 76 77 78 80 83 87 89 91 105 123 131 139 171 173 175 176
16 26 35 40 42 44 50 53 56 58 61 70 71 72 73 74 75 76 77 78 80 83 87 89 91 105 123 131 139 171 173 175 177
16 26 35 40 42 44 50 53 58 61 70 71 72 73 74 75 76 77 78 80 83 87 89 91 105 123 131 139 161 190 194 200 202
0 1 2 3 4 5 6 7 8 9 10 11 12 13 14 15 46 70 71 72 73 74 75 76 77 78 80 83 87 89 91 94
0 1 2 3 4 5 6 7 8 9 10 11 12 13 14 15 46 70 71 72 73 74 75 76 77 78 80 83 87 89 91 96
16 26 32 35 40 42 44 47 50 53 58 61 70 71 72 73 74 75 76 77 78 80 83 87 89 91 105 123 131 139 158 159
16 26 32 35 40 42 44 47 50 53 58 61 70 71 72 73 74 75 76 77 78 80 83 87 89 91 105 123 131 139 161 162
16 26 35 40 42 44 50 53 55 58 61 70 71 72 73 74 75 76 77 78 80 83 87 89 91 105 123 131 139 161 194 206
16 26 35 40 42 44 50 53 55 58 61 70 71 72 73 74 75 76 77 78 80 83 87 89 91 105 123 131 139 161 206 207
16 26 35 40 42 44 50 53 56 58 61 70 71 72 73 74 75 76 77 78 80 83 87 89 91 105 123 131 139 161 171 173
16 26 35 40 42 44 50 53 56 58 61 70 71 72 73 74 75 76 77 78 80 83 87 89 91 105 123 131 139 171 173 174
16 26 35 40 42 44 50 53 56 58 61 70 71 72 73 74 75 76 77 78 80 83 87 89 91 105 123 131 139 171 173 178
16 26 27 28 29 30 31 32 35 40 42 44 47 53 58 70 71 72 73 74 75 76 77 78 80 83 87 89 91 105 139
16 26 32 35 40 42 44 47 50 53 58 61 70 71 72 73 74 75 76 77 78 80 83 87 89 91 105 123 131 139 140
16 26 32 35 40 42 44 47 50 53 58 61 70 71 72 73 74 75 76 77 78 80 83 87 89 91 105 123 131 139 141
16 26 32 35 40 42 44 47 50 53 58 61 70 71 72 73 74 75 76 77 78 80 83 87 89 91 105 123 131 139 160
16 26 35 40 42 44 50 53 55 56 58 61 70 71 72 73 74 75 76 77 78 80 83 87 89 91 105 123 131 139 161
16 26 35 40 42 44 50 53 55 58 61 70 71 72 73 74 75 76 77 78 80 83 87 89 91 105 123 131 139 161 163
16 26 35 40 42 44 50 53 56 58 61 70 71 72 73 74 75 76 77 78 80 83 87 89 91 105 123 131 139 171 179
16 26 35 40 42 44 50 53 58 61 70 71 72 73 74 75 76 77 78 80 83 87 89 91 105 123 131 139 161 163 165
16 17 18 19 20 21 22 23 24 25 26 27 28 29 30 31 62 63 64 65 66 67 68 69 79 82 85 86 102
16 26 32 35 40 42 44 47 50 53 59 60 70 71 72 73 74 75 76 77 78 80 83 87 89 91 105 123 125
16 26 32 35 40 42 44 47 50 53 60 61 70 71 72 73 74 75 76 77 78 80 83 87 89 91 105 123 128
16 26 32 35 40 42 44 47 50 53 61 70 71 72 73 74 75 76 77 78 80 83 87 89 91 105 123 131 133
16 26 32 35 40 42 44 47 50 53 61 70 71 72 73 74 75 76 77 78 80 83 87 89 91 105 123 131 134
16 26 32 35 40 42 44 47 53 58 61 70 71 72 73 74 75 76 77 78 80 83 87 89 91 105 131 139 144
16 26 32 35 40 42 44 47 53 58 61 70 71 72 73 74 75 76 77 78 80 83 87 89 91 105 131 139 145
16 26 35 40 42 50 53 56 58 61 70 71 72 73 74 75 76 77 78 80 83 87 89 91 105 131 139 171 180
16 26 35 40 42 50 53 56 58 61 70 71 72 73 74 75 76 77 78 80 83 87 89 91 105 131 139 171 181
16 26 35 40 42 50 53 56 58 61 70 71 72 73 74 75 76 77 78 80 83 87 89 91 105 131 139 171 182
16 26 35 40 42 50 53 56 58 61 70 71 72 73 74 75 76 77 78 80 83 87 89 91 105 131 139 171 183
16 26 32 35 40 42 44 47 50 53 58 70 71 72 73 74 75 76 77 78 80 83 87 89 91 105 112
16 26 32 35 40 42 44 47 50 53 58 70 71 72 73 74 75 76 77 78 80 83 87 89 91 105 148
16 26 32 35 40 42 44 47 50 53 70 71 72 73 74 75 76 77 78 80 83 87 89 91 105 113
16 26 32 35 40 42 44 47 50 53 70 71 72 73 74 75 76 77 78 80 83 87 89 91 105 120
16 26 32 35 40 42 44 47 50 53 70 71 72 73 74 75 76 77 78 80 83 87 89 91 105 210
16 26 27 28 29 30 31 32 35 46 47 70 71 72 73 74 75 76 77 78 80 83 87 89 91
0 1 2 10 11 12 13 14 15 62 63 64 65 66 67 68 69 79 82 85 86 102
16 26 32 35 46 47 50 70 71 72 73 74 75 76 77 78 80 83 87 89 91
16 46 70 71 72 73 74 75 76 77 78 80 83 87 89 91 94
16 46 70 71 72 73 74 75 76 77 78 80 83 87 89 91 96
0 1 2 4 5 6 7 8 9 10 11 12 13 14 15 62
0 1 2 5 6 7 8 9 10 11 12 13 14 15 62 63
0 1 2 6 7 8 9 10 11 12 13 14 15 62 63 64
0 1 2 7 8 9 10 11 12 13 14 15 62 63 64 65
0 1 2 8 9 10 11 12 13 14 15 62 63 64 65 66
0 1 2 9 10 11 12 13 14 15 62 63 64 65 66 67
16 18 19 20 21 22 23 24 25 26 27 28 29 30 31 70
16 19 20 21 22 23 24 25 26 27 28 29 30 31 70 71
16 20 21 22 23 24 25 26 27 28 29 30 31 70 71 72
16 21 22 23 24 25 26 27 28 29 30 31 70 71 72 73
16 22 23 24 25 26 27 28 29 30 31 70 71 72 73 74
16 23 24 25 26 27 28 29 30 31 70 71 72 73 74 75
16 24 25 26 27 28 29 30 31 70 71 72 73 74 75 76
16 25 26 27 28 29 30 31 70 71 72 73 74 75 76 77
