0 1 2 3 4 5 6 7 8 9 10 11 12 13 14 15 35 40 42 44 50 53 60 120 184 185 186 187 190 191
0 1 2 3 4 5 6 7 8 9 10 11 12 13 14 15 35 40 42 44 50 53 60 120 184 185 186 187 192 193
0 1 2 3 4 5 6 7 8 9 10 11 12 13 14 15 35 40 42 44 50 53 55 60 120 185 187 194 198
0 1 2 3 4 5 6 7 8 9 10 11 12 13 14 15 35 40 42 44 50 53 56 60 120 166 168 171 172
0 1 2 3 4 5 6 7 8 9 10 11 12 13 14 15 35 40 42 44 50 53 56 60 120 166 168 171 173
0 1 2 3 4 5 6 7 8 9 10 11 12 13 14 15 35 40 42 44 50 53 60 120 184 185 186 187 188
0 1 2 3 4 5 6 7 8 9 10 11 12 13 14 15 35 40 42 44 50 53 60 120 184 185 186 187 189
0 1 2 3 4 5 6 7 8 9 10 11 12 13 14 15 35 40 42 44 50 53 60 120 184 185 187 192 194
0 1 2 3 4 5 6 7 8 9 10 11 12 13 14 15 35 40 42 44 50 53 60 120 185 187 192 194 195
0 1 2 3 4 5 6 7 8 9 10 11 12 13 14 15 32 35 40 42 44 47 50 53 58 59 115 116
0 1 2 3 4 5 6 7 8 9 10 11 12 13 14 15 32 35 40 42 44 47 50 53 60 120 156 157
0 1 2 3 4 5 6 7 8 9 10 11 12 13 14 15 35 40 42 44 47 50 53 60 120 184 185 186
0 1 2 3 4 5 6 7 8 9 10 11 12 13 14 15 35 40 42 44 50 53 55 60 120 187 194 199
0 1 2 3 4 5 6 7 8 9 10 11 12 13 14 15 35 40 42 44 50 53 55 60 120 187 200 201
0 1 2 3 4 5 6 7 8 9 10 11 12 13 14 15 35 40 42 44 50 53 56 60 120 166 168 169
0 1 2 3 4 5 6 7 8 9 10 11 12 13 14 15 35 40 42 44 50 53 56 60 120 166 168 170
0 1 2 3 4 5 6 7 8 9 10 11 12 13 14 15 35 40 42 44 50 53 56 60 120 166 168 174
0 1 2 3 4 5 6 7 8 9 10 11 12 13 14 15 35 40 42 44 50 53 60 120 185 187 194 196
0 1 2 3 4 5 6 7 8 9 10 11 12 13 14 15 32 35 40 42 44 47 50 53 58 59 117
0 1 2 3 4 5 6 7 8 9 10 11 12 13 14 15 32 35 40 42 44 47 50 53 59 60 119
0 1 2 3 4 5 6 7 8 9 10 11 12 13 14 15 32 35 40 42 44 47 50 53 60 120 121
0 1 2 3 4 5 6 7 8 9 10 11 12 13 14 15 32 35 40 42 44 47 50 53 60 120 122
0 1 2 3 4 5 6 7 8 9 10 11 12 13 14 15 32 35 40 42 44 47 50 53 60 120 140
0 1 2 3 4 5 6 7 8 9 10 11 12 13 14 15 32 35 40 42 44 47 50 53 60 120 141
0 1 2 3 4 5 6 7 8 9 10 11 12 13 14 15 32 35 40 42 44 47 50 53 60 120 142
0 1 2 3 4 5 6 7 8 9 10 11 12 13 14 15 32 35 40 42 44 47 50 53 60 120 143
0 1 2 3 4 5 6 7 8 9 10 11 12 13 14 15 32 35 40 42 44 47 50 53 60 120 158
0 1 2 3 4 5 6 7 8 9 10 11 12 13 14 15 32 35 40 42 44 47 50 53 60 120 159
0 1 2 3 4 5 6 7 8 9 10 11 12 13 14 15 35 40 42 44 50 53 55 60 120 160 164
0 1 2 3 4 5 6 7 8 9 10 11 12 13 14 15 35 40 42 44 50 53 55 60 120 200 202
0 1 2 3 4 5 6 7 8 9 10 11 12 13 14 15 35 40 42 44 50 53 56 60 120 166 167
0 1 2 3 4 5 6 7 8 9 10 11 12 13 14 15 35 40 42 44 50 53 56 60 120 166 175
0 1 2 3 4 5 6 7 8 9 10 11 12 13 14 15 35 40 42 44 50 53 56 60 120 166 176
0 1 2 3 4 5 6 7 8 9 10 11 12 13 14 15 32 35 40 42 44 47 50 53 102 103
0 1 2 3 4 5 6 7 8 9 10 11 12 13 14 15 32 35 40 42 44 47 50 53 105 112
0 1 2 3 4 5 6 7 8 9 10 11 12 13 14 15 32 35 40 42 44 47 50 53 204 205
0 1 2 3 4 5 6 7 8 9 10 11 12 13 14 15 32 35 40 42 44 47 53 60 120 146
0 1 2 3 4 5 6 7 8 9 10 11 12 13 14 15 32 35 40 42 44 47 53 60 120 147
0 1 2 3 4 5 6 7 8 9 10 11 12 13 14 15 35 40 42 44 50 53 55 56 60 120
0 1 2 3 4 5 6 7 8 9 10 11 12 13 14 15 35 40 42 44 50 53 60 120 160 161
0 1 2 3 4 5 6 7 8 9 10 11 12 13 14 15 35 40 42 44 50 53 60 120 160 162
0 1 2 3 4 5 6 7 8 9 10 11 12 13 14 15 35 40 42 50 53 56 60 120 166 177
0 1 2 3 4 5 6 7 8 9 10 11 12 13 14 15 35 40 42 50 53 56 60 120 166 178
0 1 2 3 4 5 6 7 8 9 10 11 12 13 14 15 35 40 42 50 53 56 60 120 166 179
0 1 2 3 4 5 6 7 8 9 10 11 12 13 14 15 35 40 42 50 53 56 60 120 166 180
0 1 2 3 4 5 6 7 8 9 10 11 12 13 14 15 35 126 127 128 129 130 131 132 133 134
0 1 2 3 4 5 6 7 8 9 10 11 12 13 14 15 32 35 40 42 44 47 50 53 101
0 1 2 3 4 5 6 7 8 9 10 11 12 13 14 15 32 35 40 42 44 47 50 53 104
0 1 2 3 4 5 6 7 8 9 10 11 12 13 14 15 32 35 40 42 44 47 50 53 148
0 1 2 3 4 5 6 7 8 9 10 11 12 13 14 15 32 35 40 42 44 47 50 53 150
16 17 18 19 20 21 22 23 24 25 26 27 28 29 30 31 66 67 68 135 136 137 138 139
16 17 18 19 20 21 22 23 24 25 26 27 28 29 30 31 66 67 68 78 80 82 83
0 1 2 3 4 5 6 7 8 9 10 11 12 13 14 15 32 35 46 47 50 94
0 1 2 3 4 5 6 7 8 9 10 11 12 13 14 15 32 35 47 50 96
0 1 2 3 4 5 6 7 8 9 10 11 12 13 14 15 46 88 89
0 1 2 3 4 5 6 7 8 9 10 11 12 13 14 15 35 123
0 1 2 3 4 5 6 7 8 9 10 11 12 13 14 15 35 124
0 1 2 3 4 5 6 7 8 9 10 11 12 13 14 15 35 125
0 1 2 3 4 5 6 7 8 9 10 11 12 13 14 15 46 86
0 1 2 3 4 5 6 7 8 9 10 11 12 13 14 15 46 90
0 1 2 3 4 5 6 7 8 9 10 11 12 13 14 15 69
0 1 2 3 4 5 6 7 8 9 10 11 12 13 14 15 70
0 1 2 3 4 5 6 7 8 9 10 11 12 13 14 15 71
0 1 2 3 4 5 6 7 8 9 10 11 12 13 14 15 72
0 1 2 3 4 5 6 7 8 9 10 11 12 13 14 15 73
0 1 2 3 4 5 6 7 8 9 10 11 12 13 14 15 74
0 1 2 3 4 5 6 7 8 9 10 11 12 13 14 15 75
0 1 2 3 4 5 6 7 8 9 10 11 12 13 14 15 76
0 1 2 3 4 5 6 7 8 9 10 11 12 13 14 15 77
0 1 2 3 4 5 6 7 8 9 10 11 12 13 14 15 79
0 1 2 3 4 5 6 7 8 9 10 11 12 13 14 15 81
0 1 2 3 4 5 6 7 8 9 10 11 12 13 14 15 84
16 17 18 19 20 21 22 23 24 25 26 27 28 29 30 31 61
16 17 18 19 20 21 22 23 24 25 26 27 28 29 30 31 62
16 17 18 19 20 21 22 23 24 25 26 27 28 29 30 31 63
16 17 18 19 20 21 22 23 24 25 26 27 28 29 30 31 64
16 17 18 19 20 21 22 23 24 25 26 27 28 29 30 31 65
0 1 2 10 11 12 13 14 15 66 67 68 78 80 82 83
16 26 35 40 42 44 50 53 60 120 184 185 186 187 190 191
16 26 35 40 42 44 50 53 60 120 184 185 186 187 192 193
0 1 2 4 5 6 7 8 9 10 11 12 13 15 61
16 26 35 40 42 44 50 53 55 60 120 185 187 194 198
16 26 35 40 42 44 50 53 56 60 120 166 168 171 172
16 26 35 40 42 44 50 53 56 60 120 166 168 171 173
16 26 35 40 42 44 50 53 60 120 184 185 186 187 188
16 26 35 40 42 44 50 53 60 120 184 185 186 187 189
16 26 35 40 42 44 50 53 60 120 184 185 187 192 194
16 26 35 40 42 44 50 53 60 120 185 187 192 194 195
0 1 2 5 6 7 8 9 10 11 12 13 15 62
16 26 27 28 29 30 31 32 35 40 42 44 47 53
16 26 32 35 40 42 44 47 50 53 58 59 115 116
16 26 32 35 40 42 44 47 50 53 60 120 156 157
16 26 35 40 42 44 47 50 53 60 120 184 185 186
16 26 35 40 42 44 50 53 55 60 120 187 194 199
16 26 35 40 42 44 50 53 55 60 120 187 200 201
16 26 35 40 42 44 50 53 56 60 120 166 168 169
16 26 35 40 42 44 50 53 56 60 120 166 168 170
16 26 35 40 42 44 50 53 56 60 120 166 168 174
16 26 35 40 42 44 50 53 60 120 185 187 194 196
0 1 2 6 7 8 9 10 11 12 13 15 63
16 26 32 35 40 42 44 47 50 53 58 59 117
16 26 32 35 40 42 44 47 50 53 59 60 119
16 26 32 35 40 42 44 47 50 53 60 120 121
16 26 32 35 40 42 44 47 50 53 60 120 122
16 26 32 35 40 42 44 47 50 53 60 120 140
16 26 32 35 40 42 44 47 50 53 60 120 141
16 26 32 35 40 42 44 47 50 53 60 120 142
16 26 32 35 40 42 44 47 50 53 60 120 143
16 26 32 35 40 42 44 47 50 53 60 120 158
16 26 32 35 40 42 44 47 50 53 60 120 159
16 26 35 40 42 44 50 53 55 60 120 160 164
16 26 35 40 42 44 50 53 55 60 120 200 202
16 26 35 40 42 44 50 53 56 60 120 166 167
16 26 35 40 42 44 50 53 56 60 120 166 175
16 26 35 40 42 44 50 53 56 60 120 166 176
0 1 2 7 8 9 10 11 12 13 15 64
16 26 32 35 40 42 44 47 50 53 102 103
16 26 32 35 40 42 44 47 50 53 105 112
16 26 32 35 40 42 44 47 50 53 204 205
16 26 32 35 40 42 44 47 53 60 120 146
16 26 32 35 40 42 44 47 53 60 120 147
16 26 35 40 42 44 50 53 55 56 60 120
16 26 35 40 42 44 50 53 60 120 160 161
16 26 35 40 42 44 50 53 60 120 160 162
16 26 35 40 42 50 53 56 60 120 166 177
16 26 35 40 42 50 53 56 60 120 166 178
16 26 35 40 42 50 53 56 60 120 166 179
16 26 35 40 42 50 53 56 60 120 166 180
16 26 35 126 127 128 129 130 131 132 133 134
0 1 2 8 9 10 11 12 13 15 65
0 1 2 9 10 11 12 13 14 15 66
0 1 15 66 67 68 135 136 137 138 139
16 18 19 20 21 22 23 24 25 26 134
16 19 20 21 22 23 24 25 26 133 134
16 20 21 22 23 24 25 26 132 133 134
16 21 22 23 24 25 26 131 132 133 134
16 22 23 24 25 26 130 131 132 133 134
16 23 24 25 26 129 130 131 132 133 134
16 24 25 26 128 129 130 131 132 133 134
16 25 26 127 128 129 130 131 132 133 134
16 26 27 28 29 30 31 32 35 46 47
16 26 32 35 40 42 44 47 50 53 101
16 26 32 35 40 42 44 47 50 53 104
16 26 32 35 40 42 44 47 50 53 148
16 26 32 35 40 42 44 47 50 53 150
0 1 4 5 6 7 8 9 15 139
0 1 5 6 7 8 9 15 138 139
0 1 6 7 8 9 15 137 138 139
0 1 7 8 9 15 136 137 138 139
0 1 8 9 15 135 136 137 138 139
0 1 9 15 66 135 136 137 138 139
16 18 19 20 21 22 23 24 25 69
16 19 20 21 22 23 24 25 70
16 20 21 22 23 24 25 71
16 26 32 35 46 47 50 94
16 21 22 23 24 25 72
16 26 32 35 47 50 96
16 22 23 24 25 73
16 23 24 25 74
16 24 25 75
16 46 88 89
16 25 76
16 35 123
16 35 124
16 35 125
16 46 86
16 46 90
