70 362
71 361
72 360
82 36
83 36
84 40
85 40
87 36
94 95
111 128
118 33
123 128
124 128
125 128
131 128
136 137
140 36
145 642
148 642
149 642
154 642
158 642
161 642
169 642
173 174
175 205
177 525
183 187
188 192
192 196
195 196
197 196
206 199
207 212
210 204
215 187
216 204
218 221
228 518
230 513
234 642
235 237
238 237
239 237
242 640
243 513
255 259
260 259
261 259
263 265
266 259
267 259
269 251
270 513
271 519
273 55
276 300
288 297
294 277
299 288
301 306
305 259
307 306
309 306
310 259
313 317
314 306
315 306
318 259
319 259
320 259
322 259
324 259
334 323
337 259
340 259
344 306
346 535
347 306
348 567
350 306
351 513
371 43
374 36
378 386
382 386
395 356
396 519
398 519
401 404
406 417
408 518
409 513
412 513
418 405
419 405
421 427
435 469
442 443
444 440
445 448
453 456
458 456
459 456
460 456
465 464
467 448
471 513
484 481
485 481
486 519
488 494
490 491
494 495
499 497
501 571
513 518
516 513
518 519
534 535
536 535
548 56
550 38
553 531
555 534
557 38
561 560
563 565
574 576
576 545
578 579
579 582
598 534
601 541
604 531
605 534
606 567
607 40
616 629
619 624
622 616
628 616
630 633
637 640
639 642
644 636
