105 52
114 138
141 167
144 33
151 172
165 173
182 184
186 273
187 261
190 265
195 265
196 270
199 265
203 265
213 265
218 270
219 270
226 265
229 261
233 273
239 265
269 273
275 273
276 273
284 291
296 291
306 291
324 825
330 270
343 273
346 40
361 368
363 368
370 368
371 368
375 373
377 361
408 417
413 417
422 417
429 273
430 431
434 430
441 462
457 270
466 270
476 603
479 386
480 90
481 559
484 386
486 771
493 40
497 40
509 35
556 576
565 549
566 568
588 590
591 594
592 586
601 594
602 586
619 605
646 641
647 641
658 559
662 559
663 731
664 542
688 704
697 681
707 559
710 90
711 559
731 757
738 745
747 750
753 760
757 797
764 745
767 771
778 723
806 90
808 771
836 841
