65 62
71 350
83 39
84 39
87 39
97 47
111 126
115 126
119 124
121 128
128 119
130 137
136 39
137 92
141 159
144 141
148 39
149 141
150 141
154 141
157 141
160 141
162 141
163 141
165 141
171 141
173 519
177 207
180 198
183 207
184 186
189 190
194 193
198 183
200 193
201 198
204 206
209 179
210 207
212 214
221 519
223 523
227 141
229 231
230 229
234 141
246 245
255 256
258 256
261 519
262 519
263 267
267 271
268 270
270 271
271 274
277 284
278 268
280 271
281 270
287 276
288 297
290 297
293 256
294 297
295 297
298 256
302 519
303 519
305 256
306 256
307 256
310 256
311 256
312 256
313 256
314 321
317 321
320 256
324 543
325 256
328 519
329 256
331 512
333 519
335 512
336 519
337 519
339 519
340 519
341 519
346 80
366 368
368 34
382 519
383 519
384 519
385 388
390 400
396 519
402 389
403 388
407 412
409 412
411 412
418 452
425 426
428 423
435 431
436 422
439 442
441 442
448 419
450 426
468 459
475 474
476 479
477 471
478 477
483 480
484 512
485 519
489 492
492 498
497 489
504 505
506 507
514 512
519 523
526 530
530 537
535 512
553 543
569 556
577 512
581 543
583 512
584 512
596 603
604 595
605 609
607 609
615 614
616 614
620 612
